2.070785573449196448e+01
1.846962287002050829e+01
1.518189760068326954e+01
1.195188719295005875e+01
9.786617801144302575e+00
9.401194280358971866e+00
9.095537705617179114e+00
8.813431909583162138e+00
8.937411717016122026e+00
8.860951355286172060e+00
8.760471791188876978e+00
8.708195340886936364e+00
8.654852813939488243e+00
8.583434665728226776e+00
8.458638422734415130e+00
8.403135113012677238e+00
8.368084560355759649e+00
8.186260419692418466e+00
8.244932148265693428e+00
8.194434279937638621e+00
8.041409787235949125e+00
8.072957283665768813e+00
8.103785139363335333e+00
8.036157157563557973e+00
7.891972191252529356e+00
7.901315663819321600e+00
7.785952902281511712e+00
7.874371855464829650e+00
7.816066710652750160e+00
7.827563829492794056e+00
7.854635296012038026e+00
7.840896803549579630e+00
7.797399097806531287e+00
7.757394069378761969e+00
7.802721907622824915e+00
7.797741417760693849e+00
7.784607242304588226e+00
7.792004875375624806e+00
7.834787952079521389e+00
7.771231401865598798e+00
7.809889804678245895e+00
7.803758967267322433e+00
7.811234058214790110e+00
7.796876479656374315e+00
7.854879195217650434e+00
7.873565127730374869e+00
7.794454148687364636e+00
7.798691203449404696e+00
7.825739329880819994e+00
7.814059250349167485e+00
7.851053984004227715e+00
7.832077558082753299e+00
7.831458367373276275e+00
7.816277926080609006e+00
7.687901536251279921e+00
7.751744962671295980e+00
7.852125153829796034e+00
7.782142955639304915e+00
7.781471599719470333e+00
7.855328743138798586e+00
7.752890545498681618e+00
7.816739016351633040e+00
7.836853985955599455e+00
7.866065511937787136e+00
7.845921980114976435e+00
7.813093102837292747e+00
7.817391851906501543e+00
7.750174966805786880e+00
7.822776781800312662e+00
7.767027835434443972e+00
7.851033082178107136e+00
7.775656635290367547e+00
7.828907450012643210e+00
7.825704053910145674e+00
7.786927322505368565e+00
7.846262423971410271e+00
7.819225510532717749e+00
7.773171836323280459e+00
7.866737678021234359e+00
7.823242201053119516e+00
7.843105924218425784e+00
7.822460850055712456e+00
7.765768367962577301e+00
7.832078296388182537e+00
7.856927458484397775e+00
7.752479018559865764e+00
7.796118528776414536e+00
7.792353316291510623e+00
7.811540613039429815e+00
7.790537150870896710e+00
7.855011425186354757e+00
7.712005703248301813e+00
7.775006959634547243e+00
7.816975764779893865e+00
7.820779748533574605e+00
7.845097812652610969e+00
7.817720926729732511e+00
7.813107684589200019e+00
7.828266368004813458e+00
7.809849683364181061e+00
7.818341842705642364e+00
7.797333218696534729e+00
7.843835795774655395e+00
7.853133174088517521e+00
7.840758126864708188e+00
7.807349633201456029e+00
7.756525554237715170e+00
7.826423622714290929e+00
7.839395400547328308e+00
7.843448861301780539e+00
7.851665272255759831e+00
7.799040168539919549e+00
7.835818112415882553e+00
7.839859181373482144e+00
7.789838423316968630e+00
7.778841680442051043e+00
7.783827093581166423e+00
7.789152728160678052e+00
7.843791839096189378e+00
7.812989942608686178e+00
7.819265856176468077e+00
7.794470964545906710e+00
7.777053117755162503e+00
7.792735237260455250e+00
7.716636535015243936e+00
7.819428648515799551e+00
7.819180110007085460e+00
7.819819104126516152e+00
7.842849111200232315e+00
7.857139196840375206e+00
7.765450896717441154e+00
7.850444678031148982e+00
7.822552531470718051e+00
7.811391679317647885e+00
7.846666259114920550e+00
7.771303348157582391e+00
7.809036595596230867e+00
7.787634168175602056e+00
7.786968941475814532e+00
7.820536471999222528e+00
7.814417881812309119e+00
7.836644923601472357e+00
7.859104681354349253e+00
7.758133381799929396e+00
7.836950857856296082e+00
7.811101090276219239e+00
7.774585854424401532e+00
7.718515241493619783e+00
7.736244619145349333e+00
7.795088198347231767e+00
7.803745437067789226e+00
7.818911387181183059e+00
7.796123975348960400e+00
7.820176449043653832e+00
7.799415277160324678e+00
7.809508429099981441e+00
7.830218530260719234e+00
7.836214102921836400e+00
7.813248525782741538e+00
7.765048355426447557e+00
7.771484875205930010e+00
7.793906260433093536e+00
7.789529251987666214e+00
7.804283346821026868e+00
7.765856024242353328e+00
7.761064526446656231e+00
7.748038894204659854e+00
7.832139470127874148e+00
7.823379634007871175e+00
7.775966141562872025e+00
7.754765983741894075e+00
7.809570906370032262e+00
7.715916545224658307e+00
7.795380102497187380e+00
7.794231596281493424e+00
7.787392065978215427e+00
7.778235095688620149e+00
7.797296472942218060e+00
7.799222207212341829e+00
7.794198618885411989e+00
7.819563498538643742e+00
7.744458654090557559e+00
7.784467904314940512e+00
7.757616452735147661e+00
7.839845403434647864e+00
7.822979820902888903e+00
7.758448672356788478e+00
7.837072028519861178e+00
7.752444573618692658e+00
7.765680510505802658e+00
7.834046083967457719e+00
7.870184167819102683e+00
7.784744379979027684e+00
7.772791800452292676e+00
7.832671159852461429e+00
7.767716121056388090e+00
7.752836254243078429e+00
7.789978511066371070e+00
7.812999722529664126e+00
7.837239727520067589e+00
7.784711488393130097e+00
7.755334658733639586e+00
7.777325548453724480e+00
7.812852280811242167e+00
7.798177113293114360e+00
7.826520693704466680e+00
7.834334524211854500e+00
7.771974414651957375e+00
7.817697184078134853e+00
7.769425941565788918e+00
7.775686970341077142e+00
7.830420319753280012e+00
7.705818908391806943e+00
7.812820867961608684e+00
7.853859680373220797e+00
7.763952473063199022e+00
7.785623483199813677e+00
7.773018284858210336e+00
7.792320576802794108e+00
7.773864621578713496e+00
7.773319692983031715e+00
7.616613100092344268e+00
7.794275224941820568e+00
7.835513741755336881e+00
7.857306833865994378e+00
7.840824459010809377e+00
7.845960054930012362e+00
7.773922740089451722e+00
7.838201076692204339e+00
7.828980249039611650e+00
7.743878653526579114e+00
7.825634790015921993e+00
7.770254270790994511e+00
7.836774995579013137e+00
7.817283150774846590e+00
7.847427490763152491e+00
7.854819622261898004e+00
7.816552322880889747e+00
7.799743058571751320e+00
7.854072513557357027e+00
7.799789377833191040e+00
7.859028118125859663e+00
7.706406222844211840e+00
7.828298060458028118e+00
7.869199815545584897e+00
7.827942215737826004e+00
7.768643765701897408e+00
7.751605559027094472e+00
7.761959101203798284e+00
7.802063834787531960e+00
7.788409416751582270e+00
7.799504050927675181e+00
7.776518715366728784e+00
7.814187675459278282e+00
7.820940965227816122e+00
7.804897664050074013e+00
7.787337343318275984e+00
7.803676413131508838e+00
7.867344071596164667e+00
7.843409885890315181e+00
7.789181657176669660e+00
7.839546248572620613e+00
7.806410305280998330e+00
7.746395956186187703e+00
7.831066692061083856e+00
7.765817484014618799e+00
7.817062019361507907e+00
7.828236508503103153e+00
7.795474328371534867e+00
7.804284304344301759e+00
7.813625496788892733e+00
7.826007708050248368e+00
7.855023676570507263e+00
7.806200062515220139e+00
7.827735683985100223e+00
7.748727451784022335e+00
7.747543610272927594e+00
7.740748628981883428e+00
7.806432025581107936e+00
7.810572891525778161e+00
7.786843741160103249e+00
7.836342308310031868e+00
7.818407444807725426e+00
7.803155103655122105e+00
7.816923739118296410e+00
7.753228915923044084e+00
7.776124031149544535e+00
7.816609903476194887e+00
7.808171560295299685e+00
7.829869504304117100e+00
7.808864544797581075e+00
7.812867974923232595e+00
7.739751475170336903e+00
7.815389394281860191e+00
7.821408766088060460e+00
7.860422501688296038e+00
7.771243243674092582e+00
7.797464084718678023e+00
7.783741867400637560e+00
7.852975260670614688e+00
7.822402269506477879e+00
7.801118961914017547e+00
7.835733860995885536e+00
7.788840208021705180e+00
7.802761215323078758e+00
7.777650876749271802e+00
7.787177987516962219e+00
7.814766975855617304e+00
7.786059893298117984e+00
7.799482276309337436e+00
7.817493008653791264e+00
7.795387345089690001e+00
7.843790366278751591e+00
7.707100435817229922e+00
7.811194047399212081e+00
7.833114636166136791e+00
7.774923736167384192e+00
7.737328536335105866e+00
7.763372118641521880e+00
7.882909710042294904e+00
7.807643304071504531e+00
7.790736799410696634e+00
7.847598618751316479e+00
7.790902517488717649e+00
7.852217168101363498e+00
7.863050710627895512e+00
7.791183099253405686e+00
7.713204086392417835e+00
7.805818383900017920e+00
7.805487987897022251e+00
7.754538242781224611e+00
7.791412239285286034e+00
7.841617774622951842e+00
7.780550542583892337e+00
7.819943635586261266e+00
7.791940775337000247e+00
7.772243841309942169e+00
7.809331415972781798e+00
7.840852972297660983e+00
7.836216322052552030e+00
7.810489318794893165e+00
7.778769242325090261e+00
7.829548351882166912e+00
7.814637997431143290e+00
7.807346180023996496e+00
7.827522925474475812e+00
7.848811680788370992e+00
7.787856751497141516e+00
7.796107361615701947e+00
7.782843645104064123e+00
7.731132696074354271e+00
7.778599177611694060e+00
7.726382870963259819e+00
7.798845343477292857e+00
7.792198232474977004e+00
7.787605341082404209e+00
7.878281973281250572e+00
7.833597234453616664e+00
7.733481116860280835e+00
7.753507294306274389e+00
7.788237557307111203e+00
7.822745145306406300e+00
7.800127641616398932e+00
7.844249876335133820e+00
7.782760819952214248e+00
7.833073994088522340e+00
7.802197413305236751e+00
7.837954608338247198e+00
7.816999627140258866e+00
7.835506815482403908e+00
7.807088779103976250e+00
7.728834979957568407e+00
7.818163724901673106e+00
7.821234511188610128e+00
7.813063741961046915e+00
7.791933777182951104e+00
7.806295150594463550e+00
7.780933394450720186e+00
7.824659443418607196e+00
7.799328365898206883e+00
7.816169637620632216e+00
7.821117028053146569e+00
7.791031441586310891e+00
7.775188487263150705e+00
7.776502063079306026e+00
7.841052724856490741e+00
7.812306182221986361e+00
7.811264926622769167e+00
7.857864557863271315e+00
7.805476782044275197e+00
7.790101096231992983e+00
7.803545026005211938e+00
7.774804561969901329e+00
7.837973182992847399e+00
7.830412367770403392e+00
7.826719840191449507e+00
7.798770245346517527e+00
7.830693557801346572e+00
7.800250377008902447e+00
7.854095619838126652e+00
7.814416290795362485e+00
7.782362333140836697e+00
7.830889063953470952e+00
7.782666113892997117e+00
7.732748487980449781e+00
7.840813239294103454e+00
7.822534880495640053e+00
7.826794822491065062e+00
7.799268652465539020e+00
7.849182759260092013e+00
7.855567127735097799e+00
7.796241941960538213e+00
7.802732272425018323e+00
7.796863799611669421e+00
7.834216196599246729e+00
7.812922993255641657e+00
7.779572693180213605e+00
7.747373933440144356e+00
7.838282066769027168e+00
7.757868554028350516e+00
7.830098963569597004e+00
7.835820927530805946e+00
7.814783850595787840e+00
7.791551765561999687e+00
7.831351151075452321e+00
7.832107580055994944e+00
7.756205828362579879e+00
7.838034140537891048e+00
7.800299052068265127e+00
7.785489276863636121e+00
7.752162910015302444e+00
7.766752099937196618e+00
7.775184531180164171e+00
7.810982540789225936e+00
7.803772925174772723e+00
7.762798393715243606e+00
7.820937515814344820e+00
7.806025052418750221e+00
7.790539559922073920e+00
7.773523971790535114e+00
7.784959173753769335e+00
7.792348220692781879e+00
7.800512560713865895e+00
7.785662239787910721e+00
7.822657316578652598e+00
7.836493273127855375e+00
7.777481133299872340e+00
7.798223305603103839e+00
7.795668775810216999e+00
7.752240705921842334e+00
7.798797776624263989e+00
7.803939392910036688e+00
7.781805619333812984e+00
7.748245572197244968e+00
7.845342351596205077e+00
7.836214660471730653e+00
7.786078114361428604e+00
7.793326564982105964e+00
7.820959034570485358e+00
7.784601756462720346e+00
7.711722224650060298e+00
7.820516766572428224e+00
7.828817912247938438e+00
7.841964032113510896e+00
7.807220197512334536e+00
7.834510911066294270e+00
7.824107061885566594e+00
7.860647456063963645e+00
7.734965201901619736e+00
7.799218346640749644e+00
7.788042557261348975e+00
7.817990479480416255e+00
7.808441941889459059e+00
7.759588594764178282e+00
7.811627748055860465e+00
7.796164170958711281e+00
7.776224767226477042e+00
7.747573508537350051e+00
7.823672238644057586e+00
7.812300284467534439e+00
7.841406127272211535e+00
7.746677505762065152e+00
7.842136123171162154e+00
7.848047769191756728e+00
7.842682896312364704e+00
7.789673804562022852e+00
7.765515733361429085e+00
7.815610785921077053e+00
7.868858379484381160e+00
7.821842149240113784e+00
7.760666804567570409e+00
7.807390538392418478e+00
7.813678139214701446e+00
7.827706540948632608e+00
7.757113971662690233e+00
7.781303252300652673e+00
7.864130927009004068e+00
7.800074619211102345e+00
7.761456027359066923e+00
7.798775568260404967e+00
7.775175639261185268e+00
7.754361742771330057e+00
7.775815802930180709e+00
7.807372624876878220e+00
7.807807290015201573e+00
7.811820017827443507e+00
7.809892117824842828e+00
7.794452584839369536e+00
7.864512870509127396e+00
7.827580913095832926e+00
7.808286691295400317e+00
7.804305186010770612e+00
7.880656162872616832e+00
7.838153821748017336e+00
7.768707812665176959e+00
7.788349253832590691e+00
7.788458783129513563e+00
7.804128769434251822e+00
7.716135761137451254e+00
7.778515675351162173e+00
7.792705693437810055e+00
7.851135861833308027e+00
7.760411363517086158e+00
7.827947917862205784e+00
7.809434133198640993e+00
7.777495015392206668e+00
7.809210214813440132e+00
7.694237684754730466e+00
7.818827994370352030e+00
7.847765697766265092e+00
7.794498263786508119e+00
7.814375817359257681e+00
7.786108198080059495e+00
7.819737491639289217e+00
7.824828105130485767e+00
7.785009583811252298e+00
7.816885705122940564e+00
7.738144656544871935e+00
7.792317515364491243e+00
7.794736328616934884e+00
7.835549542467425965e+00
7.778313981961668233e+00
7.799638763565269528e+00
7.771714741079799538e+00
7.748319041867782531e+00
7.829641493136666242e+00
7.796692894135624385e+00
7.827474366329676414e+00
7.778958911535006848e+00
7.865521416069716665e+00
7.826586245198054570e+00
7.800223889469814154e+00
7.777907469403785967e+00
7.785365516647706485e+00
7.771978464348080706e+00
7.810038679792679517e+00
7.792597688145114887e+00
7.795275419132849493e+00
7.790745211054902697e+00
7.768475407219227691e+00
7.801269290394635902e+00
7.810987848153580160e+00
7.836381592026425480e+00
7.752241601530581505e+00
7.785857164762798988e+00
7.779730902253067626e+00
7.764238092698978022e+00
7.756722786462153962e+00
7.787471652197911709e+00
7.799145714273006291e+00
7.797180748656433735e+00
7.853320877639241360e+00
7.827776729475907302e+00
7.762902048259764598e+00
7.809667992771366585e+00
7.766560649187635335e+00
7.730812609462990537e+00
7.725673716665575341e+00
7.798145783683946064e+00
7.786679427699182199e+00
7.757151039528922709e+00
7.823337146062868896e+00
7.840885345054875444e+00
7.756053769935569164e+00
7.798143934600066274e+00
7.785293987737016863e+00
7.815819148139912187e+00
7.796428156154155076e+00
7.859284620379659358e+00
7.808482108485613082e+00
7.777300416193249077e+00
7.784285373364600247e+00
7.816765452325341812e+00
7.815285838218796854e+00
7.810573038428399784e+00
7.774206516407073053e+00
7.805959025273430996e+00
7.744306294230879573e+00
7.848213456107616892e+00
7.756551786772943657e+00
7.807048120598489405e+00
7.836700869858278296e+00
7.869751156558709937e+00
7.768587382023913079e+00
7.848852954721532882e+00
7.801914909314684010e+00
7.839967494431672179e+00
7.785123171659954266e+00
7.787631814065704816e+00
7.741813179619967400e+00
7.855079006829850385e+00
7.766713312605094899e+00
7.774234566740668484e+00
7.776114846061656039e+00
7.769646434187473361e+00
7.833697062554215051e+00
7.741558756402209696e+00
7.810240456400283193e+00
7.803961567199186433e+00
7.834089575069894451e+00
7.817272381878067833e+00
7.804190756710381649e+00
7.765620805772213586e+00
7.836350883555056157e+00
7.817803951469416646e+00
7.882358204164358284e+00
7.724228381560983792e+00
7.756371004702964811e+00
7.836694762259091007e+00
7.818277309908731709e+00
7.796632084666430984e+00
7.870983138491585152e+00
7.818884431173728444e+00
7.811031696510086775e+00
7.845401097425281023e+00
7.798029042366149355e+00
7.791718299282296201e+00
7.821319494441302922e+00
7.800424528961144688e+00
7.754379821643597737e+00
7.783511416534356187e+00
7.777710128916130117e+00
7.799021741422755838e+00
7.840004056957827316e+00
7.857375060102246067e+00
7.790504237159508349e+00
7.830738747963790658e+00
7.790641376563666398e+00
7.796716504542731130e+00
7.786492917985018636e+00
7.793078033528633597e+00
7.777314150469710086e+00
7.803944817151323932e+00
7.715173865509367346e+00
7.752805076748881419e+00
7.818819301532155208e+00
7.826093870655562057e+00
7.746247703807281226e+00
7.765065441875757202e+00
7.794014635173782679e+00
7.835466855031073763e+00
7.825005843398958660e+00
7.772980181320193083e+00
7.749570552650155264e+00
7.798656815017325883e+00
7.784652720980293594e+00
7.812854341948950676e+00
7.772058083590332345e+00
7.734159296456477151e+00
7.823277273007544608e+00
7.762539137236975861e+00
7.754938343346514884e+00
7.839008657660324175e+00
7.796741486909864349e+00
7.815957283028744484e+00
7.792152320375265617e+00
7.838196829304731494e+00
7.770999562225343382e+00
7.832922217956333810e+00
7.776577880465051607e+00
7.773113511300891787e+00
7.744720809315415622e+00
7.799488359619761724e+00
7.792938823627924450e+00
7.839162976757279466e+00
7.758352523543134538e+00
7.862379444229283365e+00
7.827756521863385331e+00
7.853645084505320284e+00
7.803674227621860027e+00
7.783051649171778053e+00
7.835652097941716576e+00
7.725338409012573848e+00
7.848852542448160108e+00
7.807882872330663915e+00
7.807786682051077065e+00
7.831975375957682672e+00
7.817208161168466063e+00
7.877341061202287165e+00
7.809265087700833163e+00
7.849471805381554645e+00
7.850039544613212072e+00
7.839732650373212763e+00
7.761693236956750397e+00
7.870780606538113844e+00
7.857427034032328450e+00
7.781895140952610035e+00
7.748163700532831655e+00
7.767212434815832012e+00
7.826052402350129000e+00
7.824796567243165413e+00
7.746922438987112969e+00
7.810311903178144277e+00
7.815068146896482659e+00
7.845996056236964833e+00
7.835675743471528065e+00
7.859051252716787062e+00
7.828407147959726586e+00
7.832983844890620162e+00
7.827703975036264694e+00
7.743531561889552606e+00
7.798803613336595220e+00
7.809955803176078959e+00
7.789636617314579681e+00
7.767384657135853132e+00
7.784621065163372933e+00
7.781387756601262140e+00
7.870537800595029054e+00
7.846426562844060371e+00
7.792381326953233156e+00
7.816336188705138355e+00
7.819509330822947746e+00
7.820178799397814018e+00
7.886008454398284684e+00
7.834204331072522010e+00
7.763424266793306217e+00
7.827696863519756576e+00
7.860004980630595384e+00
7.788261759447042465e+00
7.803963167431298587e+00
7.781989885505939952e+00
7.817430318965906011e+00
7.733292784893532001e+00
7.774560956281701962e+00
7.816752674622243546e+00
7.764942154160753063e+00
7.826809779709478221e+00
7.789403886802984900e+00
7.718971312240832106e+00
7.817704877770621508e+00
7.851279621942779841e+00
7.800845351033977693e+00
7.825206706828673475e+00
7.817867286684551331e+00
7.844969753961766656e+00
7.820343442980330906e+00
7.873169888205090672e+00
7.835976621253013974e+00
7.792124920441096947e+00
7.763155977347349079e+00
7.811239133488026454e+00
7.764439467863034849e+00
7.817543557459806891e+00
7.818689849361044608e+00
7.811699580813508348e+00
7.810362669005387559e+00
7.792452499033018398e+00
7.752032703043779449e+00
7.821906232785032387e+00
7.819738218476420144e+00
7.728845386370224446e+00
7.797261464973054501e+00
7.823040369081420309e+00
7.781032455435914486e+00
7.812650286151585632e+00
7.775366052194621957e+00
7.783151353936307970e+00
7.831068915779288986e+00
7.815063086738209819e+00
7.698538333172450621e+00
7.822458236545662302e+00
7.838304996841099381e+00
7.832770135288246394e+00
7.862273975710172280e+00
7.794259940698642808e+00
7.814152277917994383e+00
7.780497069301800295e+00
7.739127836909579727e+00
7.809411695780411833e+00
7.743851610587656253e+00
7.754060390331117603e+00
7.789932366000705599e+00
7.811336049949400007e+00
7.824573498898452328e+00
7.756817261390512641e+00
7.838505165211955728e+00
7.811023559924905157e+00
7.751316301543253573e+00
7.755364889638229897e+00
7.814165026584962703e+00
7.728212354248409355e+00
7.853124378736627165e+00
7.764777674536864183e+00
7.818720565113901344e+00
7.841147723041919093e+00
7.845579037974658831e+00
7.844011592873290084e+00
7.846624217221384257e+00
7.764077918899376485e+00
7.737049364003635077e+00
7.850230966934280019e+00
7.848387921103348930e+00
7.811713871160691269e+00
7.693518362787880704e+00
7.843812036590714243e+00
7.829551428830889392e+00
7.792449220739499083e+00
7.822079143659122380e+00
7.827410202073259882e+00
7.740017375537711075e+00
7.835298609581574425e+00
7.796002355630172076e+00
7.848505717123801517e+00
7.773406434739698057e+00
7.810446231410711704e+00
7.803510619938858639e+00
7.791841126913006121e+00
7.830708102943210847e+00
7.837861419696309895e+00
7.766089304749321798e+00
7.824511458481126169e+00
7.822637514696397787e+00
7.834342669828393113e+00
7.790777288161381264e+00
7.818697086702449894e+00
7.785594503415651957e+00
7.835490391260853116e+00
7.797112086267439679e+00
7.761670781725499069e+00
7.681505285173919617e+00
7.789632885078820124e+00
7.829709390188215323e+00
7.853188425823633523e+00
7.771446829518572130e+00
7.779667785371042754e+00
7.811213580241449961e+00
7.725409148132229120e+00
7.822767271531422040e+00
7.855023340644212482e+00
7.805644819101928533e+00
7.792421597003198031e+00
7.843132024366152422e+00
7.792126444989742495e+00
7.761539511644469869e+00
7.822926789650125556e+00
7.881667294831641968e+00
7.773264230028985367e+00
7.787172305868798716e+00
7.834200562665611045e+00
7.862804831470336708e+00
7.835879024233832979e+00
7.869013822353638332e+00
7.784476044182969900e+00
7.748859734534557120e+00
7.773432648029345415e+00
7.750466230085519825e+00
7.838747910129509222e+00
7.822741343469923336e+00
7.759940233505208340e+00
7.825872716170355403e+00
7.827621395650474767e+00
7.843898386839931902e+00
7.729341537191720235e+00
7.791558699489545603e+00
7.797922176921487036e+00
7.812931081995973415e+00
7.790715974875679350e+00
7.866278476408854914e+00
7.847500285426843192e+00
7.842181440192362629e+00
7.795974439040920245e+00
7.857614832540850358e+00
7.806328734233900946e+00
7.854142100594541986e+00
7.773876056074534802e+00
7.862381125533460136e+00
7.837268172808368405e+00
7.832803315783769094e+00
7.839616611924476786e+00
7.810509238561694545e+00
7.803345558948741711e+00
7.783878279319621285e+00
7.825012115440451055e+00
7.776635599821535294e+00
7.814917033368022459e+00
7.761326104773369039e+00
7.800690606094960344e+00
7.804189437719642797e+00
7.860177831261943027e+00
7.785852975763994266e+00
7.730209112633390944e+00
7.737624507157809362e+00
7.813822933044356489e+00
7.736679842739045299e+00
7.814622078790302240e+00
7.780543712712310267e+00
7.775523667997171984e+00
7.763567203446534393e+00
7.737417590615956797e+00
7.825536840507922420e+00
7.816451016793553919e+00
7.780283265652016667e+00
7.779586797482897609e+00
7.808389933263745419e+00
7.829403520471366562e+00
7.814978161799848166e+00
7.753733483340930377e+00
7.838156544234704981e+00
7.825968301871530031e+00
7.778338801696504490e+00
7.852973304400727272e+00
7.855716842576624614e+00
7.808597677121099423e+00
7.811763028215349181e+00
7.839425901689068610e+00
7.748750171401251663e+00
7.835450272021693863e+00
7.840030226757500387e+00
7.757593044457145481e+00
7.808605667849441545e+00
7.774067567641806065e+00
7.808292085832968965e+00
7.816966845708453349e+00
7.785317565429537012e+00
7.852858309832553729e+00
7.820047844219718769e+00
7.845158684856059494e+00
7.855554943754574637e+00
7.867416045179830064e+00
7.795981990441978482e+00
7.727077507079803453e+00
7.833248735428087528e+00
7.815960203897905245e+00
7.813997249958646307e+00
7.823456035634285044e+00
7.760974838237750362e+00
7.784181195431045808e+00
7.784237393071443023e+00
7.735747881331104026e+00
7.810807956126511797e+00
7.775190754521938530e+00
7.765673137123911829e+00
7.825444877658242149e+00
7.742198923069762984e+00
7.868682682272755358e+00
7.848141285129351274e+00
7.800176639960051617e+00
7.773923184175510315e+00
7.803944877170522432e+00
7.782133863430725995e+00
7.662801708504563436e+00
7.758363653665330872e+00
7.830179823486220769e+00
7.868681521955691593e+00
7.714887687285589379e+00
7.746735592879112176e+00
7.823399194421980951e+00
7.808350153985303521e+00
7.774922069314172290e+00
7.821038610829560866e+00
7.789746499290911785e+00
7.808984394904406656e+00
7.766621615155997915e+00
7.783528428204062877e+00
7.815634754693220998e+00
7.823842973015743496e+00
7.848676111950654288e+00
7.788875026952382541e+00
7.820438838386074565e+00
7.813562063069802832e+00
7.817273089945540931e+00
7.813135642433683969e+00
7.785082456719864652e+00
7.787032674751801054e+00
7.818293206234695703e+00
7.806590591498730802e+00
7.795922139607116108e+00
7.763005443277460671e+00
7.741686607606727222e+00
7.856673440274789755e+00
7.748566067044539096e+00
7.801053011577590013e+00
7.804399562388351086e+00
7.863861043352109448e+00
7.794294730141242411e+00
7.800818329086917302e+00
7.844197001045291273e+00
7.772565664136553920e+00
7.789259356682485702e+00
7.789506256682999563e+00
