2.076671031575142123e+01
1.854651618962868653e+01
1.534181761404526156e+01
1.202689154454649234e+01
1.047900133562100855e+01
9.782833464950066116e+00
9.534670251540974917e+00
9.392665455896871407e+00
9.253430197588025763e+00
9.160008022982506048e+00
9.037363367232840616e+00
8.945099534144407727e+00
8.845003364009182079e+00
8.731117412708156778e+00
8.646407405202770846e+00
8.580332817337504636e+00
8.488305921182233149e+00
8.430857250561404115e+00
8.380693177505539992e+00
8.346478619671293231e+00
8.314270376127884887e+00
8.306482329951574428e+00
8.271464963620960731e+00
8.263161152364761008e+00
8.264823656874742852e+00
8.254431196362734369e+00
8.254887222119760892e+00
8.255288179164796958e+00
8.235613325194430345e+00
8.230940780029387227e+00
8.245241658753363012e+00
8.239107117762976884e+00
8.249043477435007432e+00
8.240460494425898119e+00
8.249813281274658294e+00
8.246709250946389957e+00
8.247442474492926223e+00
8.239779010031314854e+00
8.245155138474743239e+00
8.243627655445175506e+00
8.241149168284492177e+00
8.238589696689919251e+00
8.233289700590294302e+00
8.239174852051043274e+00
8.234854505372316780e+00
8.234080724729071932e+00
8.245244318457796595e+00
8.243082437274368957e+00
8.240936599446591515e+00
8.243566110842847294e+00
8.255534314081682368e+00
8.239339212878396879e+00
8.239732060404984182e+00
8.248437734711384195e+00
8.253260717783168943e+00
8.240621544242339169e+00
8.243743534345975732e+00
8.246237678391640458e+00
8.235668368339498002e+00
8.251967753965486096e+00
8.245891237198256007e+00
8.247489939915563895e+00
8.238841373045092453e+00
8.247753870892134742e+00
8.241362580609752797e+00
8.246333611732772795e+00
8.249259199271962828e+00
8.241205548156436578e+00
8.247088444657750372e+00
8.246702182716996177e+00
8.244415009224654867e+00
8.246966986987271042e+00
8.240392064827556595e+00
8.234904769835145188e+00
8.232886433949081706e+00
8.234485923855846323e+00
8.241417268514739547e+00
8.241714305282410891e+00
8.242023125113689730e+00
8.252091609628438462e+00
8.228833693031237573e+00
8.248787096275249198e+00
8.246032128200031508e+00
8.232305894672334645e+00
8.234959874637265642e+00
8.232083299403184284e+00
8.230067969242041315e+00
8.239408432729501186e+00
8.251375314800380778e+00
8.254252311677300114e+00
8.229993489976418886e+00
8.241062781786116176e+00
8.239033399614582365e+00
8.246513961710469687e+00
8.237963243695528348e+00
8.238549326162530662e+00
8.234984119950294001e+00
8.244981548296459906e+00
8.237154280523713012e+00
8.238149182054952391e+00
8.245450477418273749e+00
8.241567775576182697e+00
8.242677821889806467e+00
8.238828387876830917e+00
8.236693758141930388e+00
8.234483996440289388e+00
8.247767932114598466e+00
8.241253713089635724e+00
8.230021284729026831e+00
8.232239286441762616e+00
8.250477116528466937e+00
8.242585508241985437e+00
8.233579573734099100e+00
8.242296831818753944e+00
8.241203564952957805e+00
8.244993203303446094e+00
8.247612732120394696e+00
8.242177612821945942e+00
8.255183537102436020e+00
8.242116883963882756e+00
8.235589158144687616e+00
8.239640612169580436e+00
8.248459731260833649e+00
8.234444333600906774e+00
8.241142959057516038e+00
8.237789959427209041e+00
8.242957785756734879e+00
8.242150173140867508e+00
8.247455158573471223e+00
8.249184726910684162e+00
8.238687892206066010e+00
8.242348683009987909e+00
8.242952362504576413e+00
8.254017815514760770e+00
8.239739475758470988e+00
8.243355136758950152e+00
8.246480879104854722e+00
8.249960488094913558e+00
8.245464530179562601e+00
8.242718558809396967e+00
8.233123604305458088e+00
8.243080285938484408e+00
8.259197742281466859e+00
8.250855212142736761e+00
8.248097455664597177e+00
8.259824221964658264e+00
8.239724229106597519e+00
8.236181641958555844e+00
8.237303100149794943e+00
8.242785372410692091e+00
8.241554427490209278e+00
8.241215301488708178e+00
8.243930618150091760e+00
8.252839506357284804e+00
8.244445966439682749e+00
8.247975724209251069e+00
8.243240035046161651e+00
8.235773545972440601e+00
8.242154570473511299e+00
8.245898180553561829e+00
8.244115714482685320e+00
8.240644113614605359e+00
8.245941927336128074e+00
8.238656427090612411e+00
8.238824481838298297e+00
8.238047072503668744e+00
8.256468373381611769e+00
8.244353907423535688e+00
8.239516710621382245e+00
8.236651656316684722e+00
8.246169367255633986e+00
8.246666724102215795e+00
8.242846448927375391e+00
8.231953025480901687e+00
8.235484518184659208e+00
8.249281995324277972e+00
8.241228872560068197e+00
8.247955327370462442e+00
8.247036080898130450e+00
8.250542865074134369e+00
8.239420738892180296e+00
8.242861572997368214e+00
8.251347526385691467e+00
8.224767691205052245e+00
8.236388699921601386e+00
8.241710339834037669e+00
8.245708202600562586e+00
8.240282151918513875e+00
8.238290766676211518e+00
8.242800526509764580e+00
8.254861978160553448e+00
8.261832547401327886e+00
8.250606670354590833e+00
8.233837171025713886e+00
8.240777189447632267e+00
8.235283913061557826e+00
8.240255966463973181e+00
8.241190599971245589e+00
8.247893538410705716e+00
8.253243067052041582e+00
8.239260425695460910e+00
8.252775489686749566e+00
8.241322657712931488e+00
8.245438741969499219e+00
8.251116110965700301e+00
8.241689888757022686e+00
8.242395795730693919e+00
8.240594309326256806e+00
8.240687787265649433e+00
8.248413551894980600e+00
8.244517361977955261e+00
8.244582007446391358e+00
8.233167833003326663e+00
8.241274278442249468e+00
8.250644482669601487e+00
8.250686915578350877e+00
8.250530147505520162e+00
8.244197839546115958e+00
8.248294435928018586e+00
8.242124197167893129e+00
8.244203839657956223e+00
8.239436016651170647e+00
8.244454110432238636e+00
8.247451901819127684e+00
8.241535919131921517e+00
8.250206271721825857e+00
8.239605562196787858e+00
8.244284947080366521e+00
8.233340658659452416e+00
8.240134859854986615e+00
8.253519891904124606e+00
8.249843047807784657e+00
8.237169297977551707e+00
8.242753007844457969e+00
8.253118673549826312e+00
8.241037049266957126e+00
8.236899305912480429e+00
8.244742632930801562e+00
8.246995903002664718e+00
8.245562673807201648e+00
8.255039806303564376e+00
8.245507158242114443e+00
8.243747760354915854e+00
8.240411395348854029e+00
8.235152404503207180e+00
8.232041192514255812e+00
8.234394729906000521e+00
8.233430155127003047e+00
8.241693059294172841e+00
8.239975580827717749e+00
8.238945349006439045e+00
8.236588121551763564e+00
8.236767060018715725e+00
8.240312761589917656e+00
8.252015169747155099e+00
8.232236634676171505e+00
8.254897990493216042e+00
8.248283312838909254e+00
8.243518942203030164e+00
8.224699964134751795e+00
8.239454945111065243e+00
8.252034086623574183e+00
8.241296795517207840e+00
8.244977600214877356e+00
8.252247573241858092e+00
8.241252959170834558e+00
8.231776086339825937e+00
8.233772237347247724e+00
8.247847291369492240e+00
8.239327009667350765e+00
8.234249957923575280e+00
8.241691750796725557e+00
8.247746519845085444e+00
8.242364762539173384e+00
8.237036672865039932e+00
8.243933008074924018e+00
8.250492381902203576e+00
8.252187619411264663e+00
8.231563624233059429e+00
8.247106487604366265e+00
8.240704904904641026e+00
8.236923534073557818e+00
8.240150471315262237e+00
8.245051420589144087e+00
8.246854026488787071e+00
8.245800115173750555e+00
8.247732633544957892e+00
8.255743688418462511e+00
8.238737999147225821e+00
8.243179906370460941e+00
8.252184717054472429e+00
8.244434557071080860e+00
8.238962703772891416e+00
8.241061561950214553e+00
8.236510616764130432e+00
8.236349683030660174e+00
8.248710026105033677e+00
8.247533546853627939e+00
8.249372812729269810e+00
8.250194511026569089e+00
8.246826293263662677e+00
8.237024787956135796e+00
8.232915369305610298e+00
8.244601842922202550e+00
8.233446844099249873e+00
8.246238795414006617e+00
8.241749268476635137e+00
8.224185715489875648e+00
8.245275951261174185e+00
8.248275055407702894e+00
8.242287940919945655e+00
8.240314362530689607e+00
8.241930627841833612e+00
8.240376783070017197e+00
8.226403406511241911e+00
8.244433759059583977e+00
8.248371132435265096e+00
8.245338314516093448e+00
8.242604634927941376e+00
8.238818110276804774e+00
8.247207443991680265e+00
8.242806131349237120e+00
8.242326381829775173e+00
8.242080280193423647e+00
8.239847647265410302e+00
8.243986586917001702e+00
8.239208713945647133e+00
8.237988628106959865e+00
8.237573994223927443e+00
8.232778198998703445e+00
8.245896871849689447e+00
8.247199395242258646e+00
8.242601034331826781e+00
8.244004933973021920e+00
8.239220728561248208e+00
8.240933328203849939e+00
8.237665947452223136e+00
8.247412390260986825e+00
8.238489525604665076e+00
8.249457366332425323e+00
8.228468161398103220e+00
8.231785478013252444e+00
8.246664386381558742e+00
8.249702323458999231e+00
8.247250253725507463e+00
8.236200600845856812e+00
8.241972573402767566e+00
8.231254496328521242e+00
8.243601566041913742e+00
8.239629893701431840e+00
8.247432451410549703e+00
8.230914761300409666e+00
8.235218857295267370e+00
8.248239895529401622e+00
8.241505725320632081e+00
8.240985184266799379e+00
8.236387216728966010e+00
8.251621970630829139e+00
8.246910039214164101e+00
8.235664960082994313e+00
8.242146425914690155e+00
8.233206988986777830e+00
8.252163591448656632e+00
8.232128229963944221e+00
8.245682753533321474e+00
8.251553232552328865e+00
8.240996064693543843e+00
8.237752492530317383e+00
8.247983142239528220e+00
8.249004262110670282e+00
8.241336821028570014e+00
8.248063386149713239e+00
8.233533004159371060e+00
8.235239474137641125e+00
8.242262937000880640e+00
8.242843062178815572e+00
8.251049672938369994e+00
8.242595842837669551e+00
8.259093383795409693e+00
8.229525126466548102e+00
8.249968190271122381e+00
8.242125772305387343e+00
8.245750363326662224e+00
8.249684159315160414e+00
8.245664293898418151e+00
8.242140203208075278e+00
8.235243727412358439e+00
8.251594826597472121e+00
8.245825254271405669e+00
8.243393755130057343e+00
8.240644958513486884e+00
8.242279900748830102e+00
8.237782804085684418e+00
8.240401484917885711e+00
8.234332460297697054e+00
8.235738851086738421e+00
8.244379016895829082e+00
8.245857030680948441e+00
8.240195070763554952e+00
8.244159199423231499e+00
8.237523364735055864e+00
8.248040551810255749e+00
8.255987808703713071e+00
8.244264048993604987e+00
8.235319563719727398e+00
8.242692699983926730e+00
8.245442549161728252e+00
8.248937247742768264e+00
8.242001019827343455e+00
8.240681187223835025e+00
8.246694752532260253e+00
8.248571275468901121e+00
8.240749427573417663e+00
8.238244766637714989e+00
8.235453858598630106e+00
8.240666466985627991e+00
8.253508300073557180e+00
8.238041864501521871e+00
8.245380851671475497e+00
8.239767304452218610e+00
8.239332916437732024e+00
8.247990322458404577e+00
8.246242839263963731e+00
8.250555441394277878e+00
8.249611666097852236e+00
8.250630192314863720e+00
8.240319232665376248e+00
8.254127932325861394e+00
8.256870893446530246e+00
8.246294578375973572e+00
8.248540632904015624e+00
8.235569160816121226e+00
8.241365741848580839e+00
8.252757767881641726e+00
8.245279129589626166e+00
8.242119852111814637e+00
8.239707486043529983e+00
8.241986905337876479e+00
8.240689626939960988e+00
8.243002466055902033e+00
8.234221652689633686e+00
8.241569621944201174e+00
8.237564692192181681e+00
8.252932192205333806e+00
8.238366445661311488e+00
8.234669563130383452e+00
8.246332971230158293e+00
8.251185144913719682e+00
8.246602910672120146e+00
8.251012655293058273e+00
8.238538701585980562e+00
8.244676482349838409e+00
8.242090135259484640e+00
8.242764844025639803e+00
8.244624243016021481e+00
8.230034928052376131e+00
8.238420713097662329e+00
8.244826140257192293e+00
8.249115293874096366e+00
8.244585977589228065e+00
8.236291071978318001e+00
8.247676312331808646e+00
8.243816454727348031e+00
8.232988374998621239e+00
8.245565756877022423e+00
8.226011677646706488e+00
8.237264560082619980e+00
8.242307181104623126e+00
8.241526878099543652e+00
8.234651438352393882e+00
8.232791297461115931e+00
8.242818140005194749e+00
8.238973923930556609e+00
8.241033233016841208e+00
8.229969255805139383e+00
8.244430937010946536e+00
8.233381292818306108e+00
8.244605661993318790e+00
8.231258189549917503e+00
8.245835310586947742e+00
8.245839120286856172e+00
8.253211448243792603e+00
8.247309679895057144e+00
8.239100555201996912e+00
8.243624515745718639e+00
8.238840046166613362e+00
8.241486960842268061e+00
8.242914473825701194e+00
8.229504984186297278e+00
8.237398371060814739e+00
8.237372773131710346e+00
8.240055949586853501e+00
8.242502036845660740e+00
8.246737037043233798e+00
8.247005642289003902e+00
8.250229399688567611e+00
8.241910975233638581e+00
8.241947896939159079e+00
8.242433620621364199e+00
8.252533270858851466e+00
8.244554606201877078e+00
8.245583986313954838e+00
8.254204711256415194e+00
8.237899787902779991e+00
8.243246405059224458e+00
8.250623809437236389e+00
8.236048053828081805e+00
8.242076348572091149e+00
8.231741287205013080e+00
8.252031603096980916e+00
8.239580736003802031e+00
8.228331946014115772e+00
8.247212388252602722e+00
8.238856333123326436e+00
8.239841313732615191e+00
8.230236446637496428e+00
8.236246660581318935e+00
8.245763127522289793e+00
8.252576635073765488e+00
8.253427368313971613e+00
8.237767191122964405e+00
8.237771329692407107e+00
8.248680747874693964e+00
8.249273995891728717e+00
8.245015145793091804e+00
8.248579002661163173e+00
8.239868750754890669e+00
8.236948549754462334e+00
8.241777204831201686e+00
8.243093201462356134e+00
8.246735165617970154e+00
8.252270628744645009e+00
8.248184830111600974e+00
8.228361767541052529e+00
8.264235518160717220e+00
8.243930802558763205e+00
8.238023359704163440e+00
8.226432327719530591e+00
8.245205282534282532e+00
8.240471070627062744e+00
8.244264834757414562e+00
8.243128919008613664e+00
8.242283596524547562e+00
8.247603444707651832e+00
8.229527149685234022e+00
8.239410462062989993e+00
8.256312555606452719e+00
8.239411890968423080e+00
8.245200665674213170e+00
8.247111334730600873e+00
8.251979233067263664e+00
8.257215573586488944e+00
8.242476113441119523e+00
8.245783561540520168e+00
8.241595901567288607e+00
8.235828238150284974e+00
8.236583533797846357e+00
8.236660064494806477e+00
8.241645177073264605e+00
8.252571351341599026e+00
8.250339082101003640e+00
8.235421806473832262e+00
8.230378379510044695e+00
8.250516221942731931e+00
8.241911068762318493e+00
8.233456892775958380e+00
8.245784326777039652e+00
8.243448363644574783e+00
8.254019908091171587e+00
8.241804473155887933e+00
8.250519271178474057e+00
8.240302538202753269e+00
8.254213950451907422e+00
8.245077127701399888e+00
8.234631944618662658e+00
8.240808494207762180e+00
8.238336690689010311e+00
8.242930660112717689e+00
8.242382489276455004e+00
8.248907444407056033e+00
8.238485464287865767e+00
8.251971105681025875e+00
8.239784836280627189e+00
8.227344437452062564e+00
8.243132319954170839e+00
8.241640757977128473e+00
8.245229183368937953e+00
8.243516570295835066e+00
8.244237525847074366e+00
8.239754084777711540e+00
8.238048607543225543e+00
8.243112454297685687e+00
8.248992921852170923e+00
8.251782077325536591e+00
8.245402449965736125e+00
8.237415935372400355e+00
8.250386747075653560e+00
8.245795501263296856e+00
8.244667019854038159e+00
8.240536996185252150e+00
8.252717329785067335e+00
8.247162252109813352e+00
8.236847187761636491e+00
8.238097700008692570e+00
8.243336413285971886e+00
8.249637299983458405e+00
8.227692919619068235e+00
8.235844471243108700e+00
8.246251469915867105e+00
8.236972364475073860e+00
8.242523179577490922e+00
8.242955375799061457e+00
8.249614218697590928e+00
8.245317647821341467e+00
8.234525535664394269e+00
8.241957549375509728e+00
8.241866555097177027e+00
8.238152963984573418e+00
8.245771033432417241e+00
8.246377410526184448e+00
8.231178412404416278e+00
8.238541999231205892e+00
8.244233033805921096e+00
8.251991996309927302e+00
8.255306074997074361e+00
8.241772285434644019e+00
8.228580595604853443e+00
8.242925785483540935e+00
8.248021687648192213e+00
8.243887948164033475e+00
8.236081615812206991e+00
8.233184856501242876e+00
8.239205002335653560e+00
8.241941811757284242e+00
8.232579634075522179e+00
8.242125281287696836e+00
8.246784678320548068e+00
8.251158031712543917e+00
8.249581126491658978e+00
8.254687328273323743e+00
8.239464414497181366e+00
8.253311432687278071e+00
8.234790006342933566e+00
8.242913100057354114e+00
8.234181969458628458e+00
8.250165216525784828e+00
8.245253129360689215e+00
8.235448331810410139e+00
8.246857496742254767e+00
8.230202120051055559e+00
8.242942111860424248e+00
8.233869230174024167e+00
8.227905077880480533e+00
8.240109543565667494e+00
8.240757823802857374e+00
8.236730641842866518e+00
8.233350551133428397e+00
8.239667852503576029e+00
8.243804078405723601e+00
8.254151684053873339e+00
8.238952188072717675e+00
8.236676983032182875e+00
8.247899470320316340e+00
8.253682620860182340e+00
8.246707947055655907e+00
8.244186241275709648e+00
8.243148022395425656e+00
8.245902900216881548e+00
8.249542133173202174e+00
8.233227185423874772e+00
8.252819168462190547e+00
8.245588766293035832e+00
8.251753250992067024e+00
8.247181731150252659e+00
8.259334333766172875e+00
8.247304090827601186e+00
8.247423817169638127e+00
8.234780825809677296e+00
8.236298099763123659e+00
8.242094788145299944e+00
8.235702417514239926e+00
8.244217800626602255e+00
8.230900139773785540e+00
8.248022506972322532e+00
8.247361184372019594e+00
8.231309212816023901e+00
8.239015809302891569e+00
8.235067867371334671e+00
8.251262308293094705e+00
8.242573166262909368e+00
8.243527039259516798e+00
8.237587112989201543e+00
8.232189010019752118e+00
8.237051622337881795e+00
8.240152579734974836e+00
8.247318234006911553e+00
8.232079371932425005e+00
8.245212480727699855e+00
8.251726254797317139e+00
8.234837351435427166e+00
8.251315871743260644e+00
8.248002217383330503e+00
8.246313966872376611e+00
8.241095474415036648e+00
8.236958255401779283e+00
8.247475036451668018e+00
8.249330388225278199e+00
8.232131970175519342e+00
8.249574750981153670e+00
8.236498854306184114e+00
8.249285058527538794e+00
8.239212434532801055e+00
8.238628430322055607e+00
8.238645309962789653e+00
8.242117253174617630e+00
8.241352273141398399e+00
8.231662726397448893e+00
8.251914416572905253e+00
8.237385942621747503e+00
8.242546275957176150e+00
8.246585925541355167e+00
8.238608679216119057e+00
8.253209833448041266e+00
8.248702938693460496e+00
8.235749682743870537e+00
8.256348553079028818e+00
8.242728730874285148e+00
8.247060947233084249e+00
8.231514920642130306e+00
8.244653826931973128e+00
8.253722537692405936e+00
8.253668513088383563e+00
8.245165479876360948e+00
8.255743047940860890e+00
8.249150944852202016e+00
8.246892508504686248e+00
8.248525116280342573e+00
8.243741260672885929e+00
8.243811440898696219e+00
8.243168620920831913e+00
8.228748469622109596e+00
8.250180152193413718e+00
8.242470461465710940e+00
8.241667364354015035e+00
8.250757248253222542e+00
8.255270111189226157e+00
8.238995982755012548e+00
8.229460856050815565e+00
8.241259251340531833e+00
8.241378832814879374e+00
8.242044801296717793e+00
8.246411054729630763e+00
8.245111342094084250e+00
8.248101984469069947e+00
8.254217609839182401e+00
8.236156299374465917e+00
8.244294000327812455e+00
8.245212798853424729e+00
8.246027360232069725e+00
8.233750032261140106e+00
8.236416106945535276e+00
8.238673968614596888e+00
8.239738979704016586e+00
8.234440257351653969e+00
8.240443129542988743e+00
8.241741151246895214e+00
8.233027228727353375e+00
8.244585573575589521e+00
8.241711316421875821e+00
8.234430058161626320e+00
8.241647565103624729e+00
8.244407239518269037e+00
8.243944591094887642e+00
8.248654955849330506e+00
8.239320655507807345e+00
8.243280865755155062e+00
8.234493090473771204e+00
8.243984066773423436e+00
8.251030801509886103e+00
8.249776339533617886e+00
8.242098473314630525e+00
8.256086472310755653e+00
8.243196266688499918e+00
8.246246869070853691e+00
8.231722755768741351e+00
8.256905755395338886e+00
8.243662319531717131e+00
8.254859620283239607e+00
8.233727270071376836e+00
8.253894009900603734e+00
8.233382448064777037e+00
8.248808660256909064e+00
8.228998887456802080e+00
8.242070173447853421e+00
8.235873631118462157e+00
8.242635497049322524e+00
8.241660466990007095e+00
8.248644733310259269e+00
8.245758026781581762e+00
8.247367505633711460e+00
8.229732109690361952e+00
8.243050664854726151e+00
8.245333718126524047e+00
8.246637633119158650e+00
8.237565993815556098e+00
8.229527911084504765e+00
8.243972641207124141e+00
8.243919392058886686e+00
8.256162902514740054e+00
8.249471810988724840e+00
8.235332467429087089e+00
8.246582934185905600e+00
8.241606010066616861e+00
8.236707497158372249e+00
8.219785094102709522e+00
8.238264821504101221e+00
8.234888548412039100e+00
8.245864600297045044e+00
8.237091372634488096e+00
8.244010769958327600e+00
8.247469542309566748e+00
8.241866125464017756e+00
8.247359586047373625e+00
8.248067900728761614e+00
8.245752473713897857e+00
8.238433200147760260e+00
8.245559931980237067e+00
8.251895273531765440e+00
8.244475833100814555e+00
8.241867933880680397e+00
8.238147769202400994e+00
8.259248200992471922e+00
8.249289651942113721e+00
8.244439149910295583e+00
8.244443746645684357e+00
8.247208924296195676e+00
8.242990408905203736e+00
8.244690658307360920e+00
8.235966100518435695e+00
8.236763394923416470e+00
8.235312920224174604e+00
8.240099813819282915e+00
8.238668535062124931e+00
8.249032376475806672e+00
8.242905705155328278e+00
8.244950450250870588e+00
8.241214489304001134e+00
8.234974413932416581e+00
8.247314513107632195e+00
8.237077766230202158e+00
8.249323941179413922e+00
8.251069780945917032e+00
8.242675742886182988e+00
8.240188547232962790e+00
8.227448724528603208e+00
8.237564457928492345e+00
8.247394143381542975e+00
8.241733933821093316e+00
8.240602533420588571e+00
8.226326689565125250e+00
8.244232663409212236e+00
8.243480773685325502e+00
8.244331425532745783e+00
8.242466119709744632e+00
8.244183302006373282e+00
8.245838418345154963e+00
8.238786735213363244e+00
8.242806949711690478e+00
8.246355269239272090e+00
8.244362286387808325e+00
8.235981938808961900e+00
8.244498188971089547e+00
8.245696424079058673e+00
8.243031152310830834e+00
8.254374809969819538e+00
8.242406551694895001e+00
8.242908151538342665e+00
8.246065258466792613e+00
8.235320422554616826e+00
8.235476749654251805e+00
8.230757622609301549e+00
8.238495583126292487e+00
8.249634265784125731e+00
8.248182327943000658e+00
8.249349838423228221e+00
8.238418153125694587e+00
8.247056560978981210e+00
8.247413211597399041e+00
8.234371600831382310e+00
8.248164398434420619e+00
8.252025707221479323e+00
8.242751139436604646e+00
8.251143945052705320e+00
8.248716440898329338e+00
8.237834860825744343e+00
8.236791770569171334e+00
8.257397237881928476e+00
8.247286053042085285e+00
8.246812213393914348e+00
8.244984826634983222e+00
8.246469319034249068e+00
8.243623390007916996e+00
8.245764410404950340e+00
8.239294562514690057e+00
8.240019057254620805e+00
8.247766020057365921e+00
8.246777740828344250e+00
8.238908323665233624e+00
8.239699991666643797e+00
8.245579516519246255e+00
8.252201107876906860e+00
8.252326258583572383e+00
8.246555872546368349e+00
8.250734703402477166e+00
8.234366893568836332e+00
8.249508351030623743e+00
8.251980333963413017e+00
8.234977621046123630e+00
8.246009820967890036e+00
8.241856078084710546e+00
8.233413687339897535e+00
8.244883018789604279e+00
8.236909899027525128e+00
8.246715627048541108e+00
8.246349586437002444e+00
8.229535099310261614e+00
8.249472943453085350e+00
8.237079065438569714e+00
8.241809279983236536e+00
8.246362411485028687e+00
8.245346295559871308e+00
8.238703690582136474e+00
8.248588787447154402e+00
8.252194135144980791e+00
8.241234939842360774e+00
8.252309783749696592e+00
8.244921627455124025e+00
8.245903919700392493e+00
8.252582501253908021e+00
8.246809866882001572e+00
8.230879323625901023e+00
8.252411388182180119e+00
8.242531944169583014e+00
8.251200844226882936e+00
8.240729163045356742e+00
8.246630993920408770e+00
8.245013123687595424e+00
8.233780858668236391e+00
8.234299321291379314e+00
8.240757879517270013e+00
8.245717320209282164e+00
8.250064829519274667e+00
8.252051362278752578e+00
8.252915913998990050e+00
8.235273731483125914e+00
8.235123644137592791e+00
8.255950522077231568e+00
8.239952265930806874e+00
8.239558388811532907e+00
8.254568521976569428e+00
8.245822490374772329e+00
8.255884160583052633e+00
8.229711877550510479e+00
8.243841936555474703e+00
8.246131036601820341e+00
8.240081375860022206e+00
8.249486030820895266e+00
8.243751137868981615e+00
8.233015424621139999e+00
8.243197971167866456e+00
8.248954312572317704e+00
8.241158060969789645e+00
8.237571439412636920e+00
8.243523016814334525e+00
8.237853611574236012e+00
8.247109736417415959e+00
8.245280618409974949e+00
8.248742188147572207e+00
8.240509392022731916e+00
8.251119604768563320e+00
8.246688304803869940e+00
8.264899118325756078e+00
8.242900492488720587e+00
8.247433461557930556e+00
8.238532790855582988e+00
8.250236922071978896e+00
8.254719815571277763e+00
8.247489198158460155e+00
8.240611766371843672e+00
8.240956367421189199e+00
8.243153205691578833e+00
8.245207393317324218e+00
8.244069321297578412e+00
8.245679037970417014e+00
8.250573572807265776e+00
8.254891105560377085e+00
8.254708698790945931e+00
8.230078144356721026e+00
8.239269377745104705e+00
8.244778439228307221e+00
