-5.761215458945536522e-02
4.269060347195455934e-02
1.495421705776370930e-02
2.975430262772332579e+00
-5.057874029077931433e-02
8.998430373847495778e-01
-1.963668339015514075e+00
-2.011351529824437989e+00
8.969428664647359772e-01
2.050505643705304859e+00
-1.019820314271620676e+00
-9.562920408004679240e-01
1.014016513115244322e+00
-4.860990572548169908e+00
-4.812556479591943770e+00
5.574848229637757724e-02
1.880355193840455019e-01
4.984050357983106139e+00
-3.661054627511965698e-02
-1.980802713791755432e+00
-1.290195812697969915e-02
3.992061685977002838e+00
1.547193158917325173e-01
8.399438052363364382e-02
6.426857028443358488e-02
2.136966519796878572e+00
1.977247754023234272e+00
2.852010444440841397e+00
-2.066916560081220045e+00
-4.818955784572579226e+00
