1.046475566477638175e+01
6.790889821343904842e+00
9.148114878052252763e+00
9.369748326032386387e+00
8.580067725974423354e+00
6.537506547392975875e+00
6.776234290702277008e+00
7.842954297849907164e+00
8.552784691016555030e+00
9.047692313729868374e+00
8.538477108123485593e+00
7.781229660907582613e+00
8.382885225427770592e+00
9.197947840491359273e+00
8.026488219210403230e+00
9.746576783593123849e+00
8.018879233403314544e+00
7.139256804735278905e+00
8.200390155653741076e+00
7.204894670624746311e+00
8.680523745841531635e+00
7.046479208983127407e+00
7.791450408202290845e+00
7.660978310215250886e+00
7.840329887474155157e+00
8.415618202000931802e+00
7.685281930379474602e+00
9.564225505176477071e+00
1.032117210727829892e+01
6.933382280777127704e+00
