1.440567483288927031e-01
4.211775753476824646e-01
5.096423112266206257e-01
7.267451681365975080e-01
8.391576166554943761e-01
8.958238674598106854e-01
9.725305905700780684e-01
9.915186124120382027e-01
1.003847167374886773e+00
9.943495024481626698e-01
9.926299859339725584e-01
9.956272696310003445e-01
9.806834977126782649e-01
9.899212835464265003e-01
9.912057786599095532e-01
9.870381299931338948e-01
1.009418514727397076e+00
9.939977411165592525e-01
9.993902539372113702e-01
1.008091031424350303e+00
9.957701603163447990e-01
1.021819425615056343e+00
1.017319687807922257e+00
1.011694188506818470e+00
1.025317308099177982e+00
1.023701896364503261e+00
1.003831031072456303e+00
1.022013212938685411e+00
1.029458760012466501e+00
1.024448788689300338e+00
1.022348952635132147e+00
1.026781748475598555e+00
1.024587045617855630e+00
1.037404672061490674e+00
1.021068434798849234e+00
1.027563609268655753e+00
1.025306606833769063e+00
1.017751491965602773e+00
1.023233304219112849e+00
1.010342340042914788e+00
1.022356772442423400e+00
1.029839690277090103e+00
1.034877086104715627e+00
1.031114395185713795e+00
1.023933938393494003e+00
1.021445442947695792e+00
1.032309654004710087e+00
1.021297814999835296e+00
1.023772670452278932e+00
1.015613529379492341e+00
1.020875356593235805e+00
1.019244544151217680e+00
1.028466807024332352e+00
1.025009758537486437e+00
1.014929751003816882e+00
1.030766689084529952e+00
1.030963068480104772e+00
1.026112515365730893e+00
1.021306519582540373e+00
1.027740895618425521e+00
1.034304587228383143e+00
1.027489329406855889e+00
1.031920918840905088e+00
1.021947592063016552e+00
1.026740268903430842e+00
1.025895956512034024e+00
1.023892571460854439e+00
1.033118485474390225e+00
1.030979073265434476e+00
1.032158188406757660e+00
1.031636308421910231e+00
1.029137286443083443e+00
1.032305919593861532e+00
1.023710644911396184e+00
1.021147790578000425e+00
1.033735999176023546e+00
1.027259156954155594e+00
1.037958156317071445e+00
1.023979032240450504e+00
1.030229984827434331e+00
1.040541163980709838e+00
1.020078634977104048e+00
1.031011035025290346e+00
1.026231206073176860e+00
1.030581032289055399e+00
1.029118970863441840e+00
1.028239830380550668e+00
1.029473159937472682e+00
1.022026770551645924e+00
1.027481903631715987e+00
1.025738285637372904e+00
1.010732620359279688e+00
1.020350164224105072e+00
1.019686659368560067e+00
1.025255895853520061e+00
1.022137617408769961e+00
1.028299192343768320e+00
1.024120280228711488e+00
1.028000260347340822e+00
1.019259083752916739e+00
1.015199977144429777e+00
1.034401342261246803e+00
1.025379497584552491e+00
1.017497066110094384e+00
1.020387182936189463e+00
1.024364289594080324e+00
1.030800348942659150e+00
1.026021093229388059e+00
1.027969862160863501e+00
1.021657325183357612e+00
1.016535242591179333e+00
1.021651592829447619e+00
1.036013711418412919e+00
1.041597787475609493e+00
1.025281374121683298e+00
1.026161165070669457e+00
1.037844397300460075e+00
1.028087686392927136e+00
1.022152111037622380e+00
1.028598843545539321e+00
1.028586583560167078e+00
1.029455422144895715e+00
1.015187572219864220e+00
1.028615029176008777e+00
1.037434960952983820e+00
1.015783201063935159e+00
1.024184703416492814e+00
1.025781243401671761e+00
1.022682995019779773e+00
1.021956161097241633e+00
1.024050573429783562e+00
1.024428708712232128e+00
1.024395907481379764e+00
1.011780916576232592e+00
1.026699225633195933e+00
1.027026127751156981e+00
1.023021687412691616e+00
1.011033245184425278e+00
1.035267885281608402e+00
1.028353400322816746e+00
1.027519883800552813e+00
1.028531161955787976e+00
1.024089658127100622e+00
1.032237537624788537e+00
1.033047755871043805e+00
1.027318470035836651e+00
1.028727678380911836e+00
1.028571962192148304e+00
1.020058480888163865e+00
1.031115947410187861e+00
1.021862265009688686e+00
1.020800392238790044e+00
1.025924078013009444e+00
1.019103544757528512e+00
1.023994150519977220e+00
1.024804542912700844e+00
1.029921627758318081e+00
1.032574750838020750e+00
1.015998163656190112e+00
1.030375855116784090e+00
1.027169136505743374e+00
1.021591657166988298e+00
1.035835921284580463e+00
1.008119218599675904e+00
1.033026744023846533e+00
1.032448991191324827e+00
1.026107318957024228e+00
1.022912793596703507e+00
1.034803186365121253e+00
1.029316520657286071e+00
1.029083847187266088e+00
1.035653160351500013e+00
1.027541232450613684e+00
1.033834910888067338e+00
1.016531573032210201e+00
1.027911389012447607e+00
1.009856056285233672e+00
1.016442660133306086e+00
1.024945213228400931e+00
1.016650262214094047e+00
1.023328006501479814e+00
1.021423473753593214e+00
1.034095095058358060e+00
1.020136717081852273e+00
1.024016619436149966e+00
1.029626252839408229e+00
1.030091434771621017e+00
1.029752524504556677e+00
1.027368272147485939e+00
1.027560490384029857e+00
1.022454940048401095e+00
1.025462850000710358e+00
1.031762169187639744e+00
1.029179314956760738e+00
1.019535674192195041e+00
1.021329544220433982e+00
1.019857350178149158e+00
1.034581699102511854e+00
1.029588648724352185e+00
1.035537249462856968e+00
1.033730536081409079e+00
1.026260965279563120e+00
1.036199400246321289e+00
1.030127289298172988e+00
1.023680894200091451e+00
1.020662910291000758e+00
1.024688451430119995e+00
1.017556276370553681e+00
1.033254161306652597e+00
1.032209189117716308e+00
1.033237658796929637e+00
1.031916401497035896e+00
1.019489027669104431e+00
1.029104563519806170e+00
1.034766307203325519e+00
1.029890629483029674e+00
1.011658109249057302e+00
1.031599023144107008e+00
1.026695117548251046e+00
1.017423194999903302e+00
1.030837137631210654e+00
1.023287250665593007e+00
1.030427981671180548e+00
1.024643023392910246e+00
1.021438398969970685e+00
1.021157477758709353e+00
1.014253653176277137e+00
1.022100933214065588e+00
1.031277360636402296e+00
1.018229650936822939e+00
1.022000153988872118e+00
1.016460423058700435e+00
1.030558071247277940e+00
1.022023964992666789e+00
1.029000670851626609e+00
1.018303546292025352e+00
1.018597633670822455e+00
1.024313414690323443e+00
1.027248978492800946e+00
1.024773137332483985e+00
1.030179329879675532e+00
1.031757659665871740e+00
1.020186707259000070e+00
1.020729132539069717e+00
1.026110569325053623e+00
1.023312880105206268e+00
1.023312718278094335e+00
1.028152206763403020e+00
1.025702776354742829e+00
1.041290468391958601e+00
1.027593643039422577e+00
1.028224205818054182e+00
1.025045875700787201e+00
1.021000384800652139e+00
1.022355250130277282e+00
1.018054924746031542e+00
1.021847123977584815e+00
1.027789072682421478e+00
1.017365348906724254e+00
1.027684773487004488e+00
1.028718882427527737e+00
1.027791954661992690e+00
1.026095906166876404e+00
1.024409698860675455e+00
1.027963041153381107e+00
1.022989044603202169e+00
1.048155469125690020e+00
1.029768868855611919e+00
1.029332008303171397e+00
1.028044527422217636e+00
1.018261371464776577e+00
1.031461358577211218e+00
1.020979017170807523e+00
1.016437739028185128e+00
1.031723659100827639e+00
1.031763070982705255e+00
1.029673534216283493e+00
1.032171471395305851e+00
1.031606577575942874e+00
1.031428085171772979e+00
1.022159251437646521e+00
1.031183686016927448e+00
1.030354880599181122e+00
1.033899590858811335e+00
1.021103372385951502e+00
1.023560162742785273e+00
1.031574993542798913e+00
1.027452629152142416e+00
1.026287144706080401e+00
1.030563969012321834e+00
1.014008362057964741e+00
1.022039645285274023e+00
1.022784121660210932e+00
1.028840949156906381e+00
1.020967881051652260e+00
1.036581271342676969e+00
1.029573180992475301e+00
1.029843206375842701e+00
1.031370018065651317e+00
1.034505053512164485e+00
1.025853268785988037e+00
1.026172954457323261e+00
1.015138610077708226e+00
1.024019652386039869e+00
1.021523066545784841e+00
1.015530583510038776e+00
1.025598561456777968e+00
1.023058639134099224e+00
1.015940285316248248e+00
1.021332160932788780e+00
1.022332703033881351e+00
1.033464815785910984e+00
1.023319203604206251e+00
1.022588813955908060e+00
1.014501604571220517e+00
1.027479990999319526e+00
1.024009604872059720e+00
1.028594499569608800e+00
1.032994360193175254e+00
1.030831640333853327e+00
1.023315629304415664e+00
1.017177570857475732e+00
1.019085573074969941e+00
1.016257788961198782e+00
1.028464073635997789e+00
1.025138830070327689e+00
1.039166889436719865e+00
1.039430593926573332e+00
1.032638078073793153e+00
1.041862008082296898e+00
1.032453660083491709e+00
1.033328539486589426e+00
1.036746737820234410e+00
1.016186054107707459e+00
1.016180835438009300e+00
1.021899820452551566e+00
1.022076647206366040e+00
1.037321517736069953e+00
1.020199445761781343e+00
1.027341367938796823e+00
1.035653166402068504e+00
1.020983395430997254e+00
1.022000023848578465e+00
1.013889858552631917e+00
1.024490923747133353e+00
1.028156903727352134e+00
1.028834618485429564e+00
1.025291933474810291e+00
1.019347913162712782e+00
1.028057041206017264e+00
1.019966834684449930e+00
1.013714671097418973e+00
1.031694890043496349e+00
1.018457104359583143e+00
1.022109220285288389e+00
1.014741003366509409e+00
1.031599125214469614e+00
1.032353466965898914e+00
1.010085441196990841e+00
1.017566802476911114e+00
1.017737397007031142e+00
1.025827917131216571e+00
1.029842346670354347e+00
1.019915086296021789e+00
1.030456581368547342e+00
1.024798186881285433e+00
1.024480653149083098e+00
1.028581470271453302e+00
1.028654258771646957e+00
1.031627405653233076e+00
1.040080756174188714e+00
1.024890013693370294e+00
1.015589825787324596e+00
1.033187804028828927e+00
1.016913275644493408e+00
1.022640173528945429e+00
1.027259739733879629e+00
1.034304623024441483e+00
1.027779400036701540e+00
1.027371074368120585e+00
1.023044255512382206e+00
1.022559599541672970e+00
1.015273912163701997e+00
1.019771170228260360e+00
1.020798954890195676e+00
1.021395865448847973e+00
1.030445141110317930e+00
1.012337444279645782e+00
1.029667447891360110e+00
1.027698940282570916e+00
1.023011892428678404e+00
1.028728831531603660e+00
1.019698812530035914e+00
1.018497348013416071e+00
1.014318481452463505e+00
1.012547437422445018e+00
1.036568653945081131e+00
1.019062395011657296e+00
1.032464309284618409e+00
1.038914733155827275e+00
1.017012651221242070e+00
1.019482239052257988e+00
1.039665301834671096e+00
1.027446904156442908e+00
1.026246683634652879e+00
1.017130799107591521e+00
1.027626162207900817e+00
1.025487704410425804e+00
1.023896266540643696e+00
1.015268127983510738e+00
1.039917167357609751e+00
1.033808533812651698e+00
1.024245970353526491e+00
1.030979250561198546e+00
1.020221552342382987e+00
1.023936375556372402e+00
1.019773358100898530e+00
1.019286997923301019e+00
1.033774297229060224e+00
1.027477865997509898e+00
1.032723589485821991e+00
1.023587385528325955e+00
1.017488105557174505e+00
1.024741806438432379e+00
1.022254591854661721e+00
1.030696311504847307e+00
1.029141360432437535e+00
1.023644546444034686e+00
1.035201552526320956e+00
1.019506526156892745e+00
1.027640660924091565e+00
1.030467985946287079e+00
1.033497709063565306e+00
1.032446150195403201e+00
1.015761452974653256e+00
1.009552204183641333e+00
1.034340015120162937e+00
1.029030531687555206e+00
1.036351839458338420e+00
1.014324063293872591e+00
1.019516105737822809e+00
1.023681794289018399e+00
1.024568112900785311e+00
1.027118337407734838e+00
1.020806865684906972e+00
1.025720645873864356e+00
1.018881556436669333e+00
1.031225291878632877e+00
1.024131348656414309e+00
1.037866085062513877e+00
1.032347930870407549e+00
1.027725296557530310e+00
1.030032013213898701e+00
1.027317391485655040e+00
1.036615532146289986e+00
1.036585481549447740e+00
1.023932333060003197e+00
1.024516343568320220e+00
1.034018839185385952e+00
1.021187428072819703e+00
1.038402501882366602e+00
1.019478684705509508e+00
1.020577190072118778e+00
1.016133675602114650e+00
1.027418424981847433e+00
1.024775125199102188e+00
1.027347091070048180e+00
1.016911117141238607e+00
1.023274077149304517e+00
1.037908725217785877e+00
1.029884532937517916e+00
1.028549695613292458e+00
1.016672433864678649e+00
1.031292826238752847e+00
1.026385102382485037e+00
1.021665205556291367e+00
1.017487736332874038e+00
1.024289999396640116e+00
1.019237561210488474e+00
1.019864934052355787e+00
1.023215502610801853e+00
1.035934127240545344e+00
1.023896586865140845e+00
1.024798166532404631e+00
1.037870894019744750e+00
1.017475586727854653e+00
1.036857295580376759e+00
1.026242409069199724e+00
1.024759940783120271e+00
1.016128994376943817e+00
1.016027924913832647e+00
1.023820396744680172e+00
1.018054889281226449e+00
1.018660763493643984e+00
1.023239690622055775e+00
1.027877490438929620e+00
1.018268878648483033e+00
1.027662859995980504e+00
1.020976832131455625e+00
1.037646010676729569e+00
1.027509459842050443e+00
1.042789734458520190e+00
1.027845287185285450e+00
1.017872741735203590e+00
1.037145837844638541e+00
1.023176922540174116e+00
1.018797216496706071e+00
1.021862314740270783e+00
1.021650948618189281e+00
1.020347034514167639e+00
1.032317722631953538e+00
1.039071509489068346e+00
1.024723441444715721e+00
1.018240440754054621e+00
1.017115082899924250e+00
1.025885195354858670e+00
1.032929817706292441e+00
1.025226845192482195e+00
1.028973412529913256e+00
1.039840417857424759e+00
1.021568126320797854e+00
1.023171043052764517e+00
1.023967978765503384e+00
1.021365991310724253e+00
1.028870062612955660e+00
1.024779812363380671e+00
1.023861425864138530e+00
1.011078928812452427e+00
1.021829034765853850e+00
1.026689134312777751e+00
1.020813949313394309e+00
1.027063650436543352e+00
1.031470377329865018e+00
1.032849123848088357e+00
1.028337068107654018e+00
1.031081628541317796e+00
1.032292432479600119e+00
1.023344189648458968e+00
1.016562482325158223e+00
1.025627637544923809e+00
1.018810007300368969e+00
1.037901013901525227e+00
1.023940617104527551e+00
1.033753966523200729e+00
1.014187771302584640e+00
1.023316618763570052e+00
1.035584383558385113e+00
1.031944983264828419e+00
1.034283175373116759e+00
1.025321454891117368e+00
1.016810631955474387e+00
1.036876557121084730e+00
1.018245753680974142e+00
1.025126979764146240e+00
1.021816777379933372e+00
1.029268330238743534e+00
1.034393325419725507e+00
1.024331846184212580e+00
1.028302577349429869e+00
1.022831215296562180e+00
1.028947339538549555e+00
1.028464937163640736e+00
1.017538595890457032e+00
1.034025149071881922e+00
1.033968530757818138e+00
1.023825353114411918e+00
1.030037739982895939e+00
1.024482675272858634e+00
1.023519480728526387e+00
1.025255214071333798e+00
1.013514277589797619e+00
1.024295538056017252e+00
1.032252280399952316e+00
1.021021113683662662e+00
1.024292164810333805e+00
1.020908354732525281e+00
1.033022016072900451e+00
1.019178175751880522e+00
1.011632864470228155e+00
1.023258610635721322e+00
1.030462364685277965e+00
1.042646400165752274e+00
1.026305803326853061e+00
1.029843838164248071e+00
1.019943822783618614e+00
1.031985272470083093e+00
1.026348273685340429e+00
1.028157293230060221e+00
1.024835517059053958e+00
1.021267444290306470e+00
1.025926609468090334e+00
1.031142844935525549e+00
1.030668257536178078e+00
1.026064420431613833e+00
1.019837043331539128e+00
1.024571041152854134e+00
1.030638042463825954e+00
1.020374606567856945e+00
1.033815422858634925e+00
1.015845793528976193e+00
1.029161553929206496e+00
1.024330538661678558e+00
1.022896922913275164e+00
1.024872906747683610e+00
1.023004642172105738e+00
1.025217572570686242e+00
1.016025882665823277e+00
1.011590584863906850e+00
1.012147491015833900e+00
1.028931843018623171e+00
1.018011177701413583e+00
1.039271360541816680e+00
1.018276627828972103e+00
1.013211555754296889e+00
1.026553747148408302e+00
1.028189378423954414e+00
1.020830484064257027e+00
1.027566311439906954e+00
1.029710654982324725e+00
1.016018675461318077e+00
1.020388410479200481e+00
1.021479366822480861e+00
1.027889977170503233e+00
1.033500373185762378e+00
1.026636791193819453e+00
1.028056504447658615e+00
1.025571424163723266e+00
1.009137208138530584e+00
1.029556747392014859e+00
1.029120405604832200e+00
1.019612264901530008e+00
1.030629834540103928e+00
1.028367780386982400e+00
1.024456654179341841e+00
1.023060268010908880e+00
1.033667341265184225e+00
1.024998708895611843e+00
1.022354099446425080e+00
1.019761268349669514e+00
1.027849918237290883e+00
1.025028325141809304e+00
1.026853691613469621e+00
1.024952053504042837e+00
1.028742726880745195e+00
1.020870647894345229e+00
1.033868715780524195e+00
1.031898607905635812e+00
1.034171535254062801e+00
1.030269973413449058e+00
1.020374311574977932e+00
1.032088297695338719e+00
1.027339680388454246e+00
1.027482080428633315e+00
1.026856245017621738e+00
1.031716960447381926e+00
1.018284571217860757e+00
1.003194546337755400e+00
1.023179825720824887e+00
1.029986252117697232e+00
1.018591176382279473e+00
1.021428699275658269e+00
1.034308038815300979e+00
1.027081129853187447e+00
1.027053970256870841e+00
1.029348667770323411e+00
1.025636613823797783e+00
1.027528139919464234e+00
1.033437560247186804e+00
1.032337974788846147e+00
1.029253818991733738e+00
1.030164837043325843e+00
1.035230626705525570e+00
1.036012211390054727e+00
1.035004126974042427e+00
1.027281552193230363e+00
1.024147487434301507e+00
1.023172782350588728e+00
1.010730388247869094e+00
1.026322512614328719e+00
1.021993731808019001e+00
1.020887695270113138e+00
1.031031161614892389e+00
1.025346083204492720e+00
1.021954057201682753e+00
1.026225857029686273e+00
1.020082362151702782e+00
1.033570002417819600e+00
1.029786080872606036e+00
1.035242595322831249e+00
1.020600446245253368e+00
1.019277819996976753e+00
1.019941770491013644e+00
1.025876859437148569e+00
1.026900999253826496e+00
1.028310137545612513e+00
1.025323410825167869e+00
1.018921023022025585e+00
1.022098217744998871e+00
1.025759695489282697e+00
1.027439155486230327e+00
1.035977157622603784e+00
1.038734129393153127e+00
1.027324872576952153e+00
1.025767725601375524e+00
1.025581842660590492e+00
1.022355625147196356e+00
1.025379598970884709e+00
1.022369477209298605e+00
1.018724893323473601e+00
1.032546464353970572e+00
1.026387595068279257e+00
1.025260517605534494e+00
1.033606940350689785e+00
1.030151644719060622e+00
1.021838707031588633e+00
1.024536403246309790e+00
1.032277379613250057e+00
1.026822128282111946e+00
1.021687343443814511e+00
1.035982488191717010e+00
1.028499235570105919e+00
1.025607619787256786e+00
1.019257991429867838e+00
1.022428664804111875e+00
1.021007488507222227e+00
1.020234351550171281e+00
1.026285360954159565e+00
1.019411892390071461e+00
1.005254241854889541e+00
1.023378457101443928e+00
1.026022023597748190e+00
1.020473031389654173e+00
1.028123786775736459e+00
1.015855952819186170e+00
1.029655335606530331e+00
1.028848366977705542e+00
1.022482174085702411e+00
1.031692411589275826e+00
1.021048445788495407e+00
1.027985672007151186e+00
1.035343785926168048e+00
1.022864870679564664e+00
1.033366432988807038e+00
1.019132824662025705e+00
1.022426465116173633e+00
1.031351405153861922e+00
1.040411394310235993e+00
1.028120671651464146e+00
1.026839207038486634e+00
1.034365003559160945e+00
1.034269905709529258e+00
1.034414570568784608e+00
1.031333948449442373e+00
1.025730898095412069e+00
1.023086459410012639e+00
1.025846977634347290e+00
1.017377424839023492e+00
1.015501694678395461e+00
1.015870178232956444e+00
1.019624295646875733e+00
1.029676271242351060e+00
1.024265795793255718e+00
1.012890092518145657e+00
1.039453902258944851e+00
1.023349491610237694e+00
1.019574257445156729e+00
1.023489360525244418e+00
1.016732153618930656e+00
1.021662593972522348e+00
1.026158588484524348e+00
1.031573738680508834e+00
1.023012303896570385e+00
1.020624237977426185e+00
1.015245451483433481e+00
1.021594499163729353e+00
1.029814479447332287e+00
1.036692874791619756e+00
1.027565137647783455e+00
1.020686580413699973e+00
1.016341285247025716e+00
1.028323855433409095e+00
1.028588104352537336e+00
1.020058707940534992e+00
1.030278443028742386e+00
1.018439856502811658e+00
1.014575403179532875e+00
1.036143398036358354e+00
1.022412863446535036e+00
1.016366709144276514e+00
1.029744280055051142e+00
1.023894927298530932e+00
1.030210141425317305e+00
1.029782398878619887e+00
1.031711922246459689e+00
1.030303664835610089e+00
1.032931733982429101e+00
1.032685031047128943e+00
1.026772646299060954e+00
1.026555633533678513e+00
1.015447758256652122e+00
1.030197398845758006e+00
1.016034231264186127e+00
1.037559735092447033e+00
1.020155152136801746e+00
1.027097352025799104e+00
1.040216670386695963e+00
1.031978078318429137e+00
1.022917906525950604e+00
1.023141866607285122e+00
1.026325836866390562e+00
1.032989133894039346e+00
1.023071604840918747e+00
1.028112444557713667e+00
1.033082939818821711e+00
1.034031246188074959e+00
1.018166544268878315e+00
1.016754189049807300e+00
1.035489895198673960e+00
1.027575962368739271e+00
1.021236451101041665e+00
1.032336029649170595e+00
1.022196214835976891e+00
1.031538567860778688e+00
1.032924346691677320e+00
1.026764333938398499e+00
1.021767623331784947e+00
1.025924430195678694e+00
1.028537569453538580e+00
1.026667890862691834e+00
1.026733440227318939e+00
1.032530858453023503e+00
1.019918791358188415e+00
1.034053676982997105e+00
1.031679408263583397e+00
1.033517389414890797e+00
1.039524508637635680e+00
1.021772942903204529e+00
1.018632600733464733e+00
1.028246372161803590e+00
1.026508589637888269e+00
1.031756835274039386e+00
1.024562252522438266e+00
1.024377564306454325e+00
1.035483935521090970e+00
1.033544429948108911e+00
1.030232809791786996e+00
1.030058055242341730e+00
1.023670023785020700e+00
1.023074204233665130e+00
1.032634898315388794e+00
1.028135585637588889e+00
1.021973233582115448e+00
1.027633203796667116e+00
1.012640463698518678e+00
1.027963999868443334e+00
1.023551027852901640e+00
1.034310995427801583e+00
1.030160575380381527e+00
1.022713313124284262e+00
1.019868670210519079e+00
1.035842881931018589e+00
1.027886746490962677e+00
1.029176237254951110e+00
1.020861731440108944e+00
1.014287464088456270e+00
1.035948160979670574e+00
1.029079737173736353e+00
1.028986028147738541e+00
1.032819480081507812e+00
1.027222989703290734e+00
1.028234298831387727e+00
1.027221535515094430e+00
1.024893965378381289e+00
1.029004348418556924e+00
1.024195766753524639e+00
1.027357349517570739e+00
1.042204242039046047e+00
1.034869509602695858e+00
1.029005297291169407e+00
1.035566290953871649e+00
1.023559109472364392e+00
1.017866390540730803e+00
1.033357093812102390e+00
1.018663256725362176e+00
1.034755759743097858e+00
1.033683963440097830e+00
1.027238370845286797e+00
1.029552834800692374e+00
1.035351164219191489e+00
1.036105237771131948e+00
1.016932881748204620e+00
1.027036011862337617e+00
1.029555145609077682e+00
1.029190278973276307e+00
1.022997329169859748e+00
1.030795403587722037e+00
1.028470568701932875e+00
1.032680054653042134e+00
1.023134142735096175e+00
1.027120998492756510e+00
1.029907514055335538e+00
1.027491880978527616e+00
1.021553035591272529e+00
1.029280540360329566e+00
1.027142703513178601e+00
1.015708566292915727e+00
1.024313350500255071e+00
1.028878500395913553e+00
1.029189991158161899e+00
1.024407129548181361e+00
1.039767233199756724e+00
1.030147044780906462e+00
1.022239429986676384e+00
1.028412191274324705e+00
1.026717967336155501e+00
1.021764283793153538e+00
1.025956448593458692e+00
1.022039456648622391e+00
1.026027832757381963e+00
1.020485675809087223e+00
1.033789363984248588e+00
1.025507660374153529e+00
1.020475487432565220e+00
1.024456320209326421e+00
1.026871401734894329e+00
1.022412115298004132e+00
1.034210362164893926e+00
1.026581569837458741e+00
1.025207675599996593e+00
1.020705671264123593e+00
1.036952077333655797e+00
1.031630228868649191e+00
1.018789905973370047e+00
1.021955287362771303e+00
1.027237199155769831e+00
1.027868368746612804e+00
1.023165119455438754e+00
1.016250240787539116e+00
1.021694230662581582e+00
1.020914946604374318e+00
1.035145210330430832e+00
1.024397535181659435e+00
1.024663577596423236e+00
1.026516821682945002e+00
1.023584183289122596e+00
1.012220207430282626e+00
1.016096297345880473e+00
1.020462614734583662e+00
1.022472495804949144e+00
1.021495057850369204e+00
1.039180863086055284e+00
1.021046390182639652e+00
1.028410879662295940e+00
1.016387930768846815e+00
1.038317994841860825e+00
1.027535871460955486e+00
1.022786010433234472e+00
1.020961314497585759e+00
1.014459048749830838e+00
1.030056365484895098e+00
1.026090631999361902e+00
1.026609528447973929e+00
1.034810861911917401e+00
1.017014476005369872e+00
1.019679812657006579e+00
1.028492528073687406e+00
1.032706787100964974e+00
1.024812969703834398e+00
1.034283962596772799e+00
1.024732080421547176e+00
1.022414420693110726e+00
1.033206849170134278e+00
1.020947707110102742e+00
1.029332359767280325e+00
1.018549693327438055e+00
1.032653727994332638e+00
1.032117327370650761e+00
1.024359566790433496e+00
1.032340108526706990e+00
1.023837677945263591e+00
1.021405493818491772e+00
1.039575113689384267e+00
1.022298803060430306e+00
1.022625166810297914e+00
1.020205867823279711e+00
1.020746108954210696e+00
1.024944319809575788e+00
1.032386689803717505e+00
1.032832240215672659e+00
1.003115182236968383e+00
1.036970576884818307e+00
1.019556068507950553e+00
1.025601834758026465e+00
1.022119684857442090e+00
1.023510291886016610e+00
1.019737932414942039e+00
1.022385157653239007e+00
1.015559282660261964e+00
1.030793778113193504e+00
1.024690875835333248e+00
