1.579473709241167177e+06
3.451117288136122515e+05
9.920673442611453356e+04
5.375106499209618778e+04
3.937082417170635017e+04
3.354224300468107685e+04
2.982632310723793125e+04
2.699909806257121818e+04
2.461257633858442932e+04
2.278127903308743043e+04
2.065850168550208764e+04
1.889487425794529190e+04
1.708261546579567585e+04
1.545552350147906145e+04
1.408024953462329722e+04
1.280877670868485438e+04
1.168770162992786572e+04
1.053249267359103942e+04
9.518172362108312882e+03
8.602844485837304092e+03
7.758717545141564187e+03
6.976948427123596048e+03
6.241367369136526577e+03
5.578316308194135672e+03
4.930717772880036136e+03
4.412924964718377851e+03
3.911730170532012835e+03
3.496559614047322157e+03
3.154768708215163315e+03
2.767943795863042396e+03
2.491900500060613467e+03
2.179119310734412466e+03
1.911870539809458478e+03
1.686595059722789756e+03
1.519383188539366529e+03
1.333185074861153225e+03
1.172577021172796776e+03
1.038340741148851976e+03
8.985749995964526988e+02
7.902938900351257416e+02
7.045909046541897851e+02
6.138126655113071592e+02
5.376541274747494299e+02
4.864880074949513755e+02
4.266855196552681377e+02
3.829254348994874135e+02
3.411532945300048141e+02
2.957849583890762233e+02
2.764953118639475633e+02
2.513071213940085897e+02
2.236309611713922152e+02
2.110961318772636730e+02
1.996770087040821693e+02
1.836263177124262427e+02
1.717407434484573798e+02
1.647394006133046673e+02
1.603959701776748545e+02
1.474539433027807718e+02
1.464336941412170461e+02
1.351250433216658280e+02
1.310762887005228094e+02
1.295100148320125584e+02
1.274346441961886143e+02
1.262438744501753405e+02
1.255619740879548516e+02
1.219859318893727504e+02
1.199599956660195375e+02
1.177333003951636385e+02
1.151713801918627240e+02
1.167147298997504237e+02
1.153695663033745831e+02
1.188233346508204704e+02
1.138447043827157188e+02
1.136753242291987078e+02
1.133117292220911736e+02
1.114603352731146089e+02
1.104922724995818299e+02
1.130254666491641728e+02
1.121437388482063966e+02
1.124702842652580586e+02
1.119095859325080369e+02
1.132345535571639203e+02
1.121334600085160389e+02
1.141455211950948581e+02
1.086938141503440676e+02
1.109446290162687916e+02
1.076200082485242433e+02
1.076863265345966454e+02
1.081094418521085174e+02
1.071054765713122237e+02
1.092516353628462298e+02
1.113635277132712815e+02
1.102120527602366309e+02
1.071206668576455172e+02
1.050684239402658875e+02
1.093481608448121278e+02
1.095962278316051481e+02
1.086697808991307852e+02
1.107553393023940629e+02
1.110299780386349369e+02
1.076866502241782229e+02
1.076398253268990288e+02
1.112009413656940779e+02
1.116010138596639223e+02
1.087808820063905699e+02
1.125825590313188940e+02
1.066993046531361813e+02
1.076418426641044874e+02
1.080206277380183764e+02
1.077328739901244319e+02
1.056251978676480832e+02
1.083906869241112076e+02
1.053956357847078920e+02
1.061870827616306059e+02
1.088755430933579476e+02
1.054581642882817079e+02
1.041483772163978756e+02
1.078143136422897044e+02
1.039822551062636791e+02
9.969932317024999691e+01
1.034994715375621723e+02
1.048017385189023116e+02
1.071516556354600738e+02
1.046752033333081187e+02
1.059040829744590440e+02
1.053363821985838626e+02
1.060461945984425114e+02
1.023139857041905714e+02
1.030476080653788529e+02
1.096209605572357049e+02
1.059754020811957105e+02
1.027755611371668607e+02
1.016833172252309794e+02
1.060469960780032466e+02
1.043559728323356524e+02
1.054932490962899436e+02
1.043359866282601445e+02
1.029333139198110274e+02
1.029230072401703353e+02
1.036111945365890108e+02
1.037743772770458861e+02
1.071457850874390516e+02
1.036907421591627099e+02
1.008828003908226663e+02
1.028114378859267362e+02
1.028036338417821014e+02
1.043351839228130729e+02
1.018518929570336695e+02
1.001913917913693695e+02
1.024760767532702914e+02
1.028427765437854902e+02
9.862514272744337518e+01
1.018861531750967657e+02
1.002277471048701898e+02
1.003573796163401823e+02
1.009883007796550061e+02
1.035723801397125214e+02
1.044999843401717641e+02
1.035748246336214322e+02
9.983459951847960667e+01
1.023056575961813053e+02
1.029045157576905893e+02
1.017470675888251748e+02
1.000280332695268299e+02
1.019998613317973337e+02
1.017434232417782880e+02
1.066014994785112009e+02
1.004142843125341784e+02
9.922224277386240487e+01
1.011879734273825449e+02
1.009892580198516896e+02
1.021253674854682174e+02
1.008593148437343814e+02
1.006678789542131227e+02
9.942968177204267022e+01
1.014393720309332281e+02
1.025747426614799735e+02
1.001283942268947555e+02
9.891919742168428797e+01
1.022020096491239656e+02
1.001855777099050471e+02
9.898823005283547616e+01
9.983521142151067806e+01
1.014183301089903182e+02
9.659517391506575734e+01
1.018695779490473967e+02
9.977052956334743783e+01
9.658036788365292580e+01
9.899183692074574026e+01
1.004198658594021367e+02
1.004781277008767972e+02
9.783481803324411885e+01
1.002565972713654503e+02
9.649662082756464088e+01
9.636980245192665961e+01
9.669364867808717179e+01
1.003996654721921118e+02
9.534251848867194212e+01
9.509527903736100996e+01
9.911567770259672727e+01
9.647060894093657168e+01
9.894931826446723733e+01
9.698164279666437437e+01
9.829105128228613353e+01
9.618492555186679738e+01
9.844546199554945076e+01
9.796547302304828975e+01
9.673489154083600283e+01
9.693616759800256943e+01
9.517343652045674673e+01
9.566578290266593854e+01
9.588223528693227138e+01
9.511898412315784412e+01
9.588342214713456713e+01
9.555678142881833992e+01
9.552423277471028484e+01
9.531052478248489024e+01
9.367104366959894435e+01
9.781939750013076207e+01
9.338499892693899085e+01
9.849023357394881373e+01
9.373073118872952136e+01
9.493145205526940344e+01
9.615295438393975758e+01
9.670172528939789913e+01
9.351973697691430232e+01
9.673302299947981453e+01
9.739741709786075319e+01
9.637744154373821459e+01
9.330988634487206923e+01
9.276298274096032515e+01
9.751324513613140255e+01
9.776217229247980356e+01
9.519638814881214728e+01
9.423712600178737375e+01
9.296351328076872278e+01
9.776062004038746522e+01
9.318457142866564880e+01
9.370291072068079075e+01
9.195813419342539419e+01
9.631071518608442261e+01
9.418223554348061555e+01
9.323101337986246051e+01
9.461492671975405244e+01
9.438591115167878343e+01
9.212415453705894208e+01
9.464326124782573402e+01
9.365123433411969245e+01
9.422726343451516584e+01
9.687723257471881766e+01
9.559334158831607908e+01
9.299868590418897440e+01
9.164033720079204670e+01
9.227136675977457969e+01
9.469423036311286523e+01
9.451561013298298519e+01
9.164741639427691666e+01
9.096753337032831155e+01
9.161963821886357096e+01
9.360325737794832435e+01
9.153692037758888489e+01
9.313679416006853273e+01
9.347547049398637853e+01
8.857936055864591651e+01
9.251063804288206427e+01
9.164177492228303379e+01
9.304568065058252557e+01
9.332803938857092874e+01
9.180447331601530436e+01
9.188304555380902627e+01
9.427999798275169496e+01
9.009504037282580668e+01
9.109450865774638828e+01
9.418445598027263088e+01
9.281631162763578402e+01
9.137704386736213280e+01
9.111503853211323189e+01
9.017562458148096027e+01
9.289508333717107291e+01
9.400534789194051655e+01
9.275842136701415086e+01
9.019683220380265709e+01
9.290495295304982903e+01
8.941289836137343627e+01
9.113491681091363716e+01
9.246374580050250813e+01
9.106181206147037699e+01
9.082124645449559353e+01
9.026462705389313612e+01
9.156421518455546504e+01
8.822690079471067293e+01
9.036030634753348068e+01
9.171632643203292901e+01
9.018780311171541086e+01
9.153505397597440663e+01
9.505344511547127695e+01
9.112869752176958116e+01
9.223444156406078775e+01
9.018014176905768409e+01
9.057014232723639680e+01
8.808315645609330602e+01
9.435968282153758935e+01
9.348761161425247224e+01
8.868688842331739863e+01
9.212092538992894220e+01
8.997172139839189242e+01
8.748483806263432427e+01
9.229699265008366638e+01
8.741420682464450920e+01
9.241515037591602777e+01
9.207346828319171550e+01
9.363789726715539530e+01
8.721134913977878966e+01
9.141870847419372126e+01
8.751190370299231347e+01
9.100592917669607118e+01
9.324402745525655689e+01
9.089373895341009302e+01
9.218480705109280393e+01
9.076813467030564198e+01
9.026315179022967072e+01
9.106276620597577676e+01
9.110627532681182572e+01
9.136713533213725213e+01
9.140790524343198342e+01
8.701914823332207050e+01
9.052199821498852828e+01
8.844771446976936602e+01
9.025008954799379524e+01
9.071446556250606363e+01
8.826164584982259953e+01
9.042808062907401734e+01
8.828663451623060610e+01
8.802675593519754216e+01
8.818330964358383994e+01
9.098716389178090935e+01
8.902683703366507473e+01
8.531683229450382555e+01
9.195029296007280095e+01
9.057625573407618447e+01
8.883237921867170428e+01
8.933048020277475132e+01
9.209099710237029512e+01
9.311609585554144530e+01
8.980108059637716167e+01
8.858316074856924160e+01
8.666716330776975497e+01
8.679625354878255905e+01
8.675077299902818595e+01
8.699861836737764520e+01
8.799221284151640532e+01
8.902277821124341983e+01
8.694456310099356244e+01
8.818621208528591637e+01
8.661471411420482980e+01
9.000169063011193771e+01
8.567905871425773512e+01
8.970278813321220923e+01
8.948252111075176174e+01
8.679102798251197726e+01
8.629088506768934508e+01
8.946261095654890028e+01
9.049581400883992899e+01
9.017094732240417443e+01
8.876839312481506283e+01
8.878206703021155022e+01
8.566267390780652136e+01
9.228407594430119332e+01
8.788085707242126432e+01
8.790408791650438047e+01
8.952988563197921223e+01
8.666109778086466520e+01
8.692281267368099407e+01
8.777854753003190069e+01
8.759676105057631901e+01
8.695519968577751513e+01
8.866135928674989941e+01
8.796220053025230357e+01
8.645616369640394794e+01
8.861812892812054088e+01
8.639069640885145418e+01
8.913986010088493117e+01
8.667196534770741323e+01
8.765408619024402981e+01
8.774308730186771754e+01
8.783232552522272840e+01
8.485736750074461554e+01
8.664022793349985818e+01
8.943036745586759650e+01
8.820155309483138240e+01
9.033495181665885809e+01
8.789294403045731485e+01
8.682264930062810038e+01
8.862186607645999459e+01
8.809925579055953904e+01
8.567150998229136860e+01
8.413957056747457841e+01
8.678721675326235641e+01
8.497032088999863220e+01
8.792018871235207200e+01
8.659354324837111960e+01
8.653519660270448810e+01
8.666121397821643768e+01
8.663847329271925446e+01
8.577444168263015456e+01
8.849687170730631181e+01
8.421265408585938417e+01
8.564906129651424749e+01
8.613316618549370673e+01
8.776696442656636066e+01
8.601132573932500236e+01
8.387832212578662450e+01
8.482392303763180053e+01
8.629862967049514566e+01
8.673026997205633393e+01
8.205701657802933369e+01
8.468500825047210867e+01
8.426544940573141673e+01
8.396836282910261673e+01
8.606795687992504895e+01
8.307090658015499685e+01
8.480402790073102892e+01
8.401500436594189125e+01
8.735628612901493284e+01
8.720405142664961318e+01
8.340880020568189934e+01
8.116507827365177263e+01
8.356210817827444259e+01
8.534989859984112570e+01
8.304516597526607313e+01
8.135490970838573332e+01
8.105314087174240001e+01
8.037369695408850134e+01
8.427954783949910222e+01
8.013395720164484715e+01
8.331292166223487072e+01
8.026302715646284014e+01
8.142262229159196352e+01
8.240226174486620891e+01
8.476870746107140064e+01
8.223204613407573049e+01
7.845376087049045566e+01
8.029370187461351804e+01
7.985592596448553593e+01
8.222745414322940860e+01
8.030845656830088330e+01
7.834303862777200322e+01
8.355347009144935555e+01
8.033145194206750261e+01
7.959062703023728602e+01
8.098512025312469120e+01
7.861178747697887559e+01
7.910594789125148907e+01
8.087830136786945445e+01
8.018788216409835456e+01
7.800862026221518875e+01
8.053779590372937491e+01
8.211228104331902955e+01
7.739930437651375428e+01
7.980168964678651378e+01
7.815375711374377943e+01
7.914661462339346087e+01
7.948124115382969990e+01
7.906824925873453935e+01
7.861550358179290754e+01
7.916120876178138133e+01
7.518758547256051372e+01
8.038057082029142464e+01
7.942715393409066849e+01
7.831698661947211804e+01
8.099427276109568652e+01
8.012526515751666523e+01
7.845471955122194174e+01
8.004117016887947500e+01
7.706223829934634750e+01
7.952688258919246778e+01
8.033196939499863731e+01
7.872265705214995535e+01
8.020943472906505178e+01
7.603808416847350315e+01
7.914694551633405695e+01
8.102251974988010375e+01
7.827720820397338741e+01
7.706809239673580691e+01
7.892192637088331253e+01
7.997092351122928733e+01
7.838472344149737125e+01
8.192007103397794765e+01
7.866561273929372078e+01
7.772001451673801853e+01
7.458670213657110537e+01
7.811140074922015231e+01
7.631857918383066419e+01
7.765028865609430397e+01
7.751304698046514829e+01
7.879326765190742776e+01
7.684943944342066402e+01
7.779860043151447258e+01
7.164067593162765490e+01
7.658569418603261170e+01
7.491402666259385512e+01
7.784783974249178584e+01
7.661712836705254404e+01
7.687303482667367405e+01
7.546471631887976628e+01
7.734684067678857389e+01
7.740467020434650181e+01
7.298572404645419454e+01
7.673052817490361122e+01
7.509717706745261978e+01
7.809791339657884635e+01
7.461280292056251540e+01
7.646289472677523236e+01
7.411288880872926654e+01
7.689315331668289843e+01
7.318221456071573527e+01
7.405959855104019596e+01
7.412947051426986889e+01
7.894306288117280701e+01
7.396691682104867027e+01
7.655542668370298998e+01
7.522145715068191407e+01
7.711870728479195236e+01
7.145727676407462070e+01
7.485137826438891295e+01
7.502055896849681460e+01
7.601353913784627991e+01
7.478882898819796310e+01
7.706132838919769767e+01
7.616325444551716828e+01
7.506437595754754000e+01
7.050940414090857189e+01
7.427585133619386681e+01
7.673268015427314026e+01
7.583069940639123274e+01
7.323259826025501695e+01
7.697744877163577826e+01
7.398474270196115299e+01
7.246010329215555146e+01
7.615705563240317133e+01
7.408018533883090129e+01
7.704940977080916298e+01
7.572436349508033970e+01
7.492200631575721559e+01
7.555587284858286523e+01
7.364286651432868780e+01
7.550153174508326970e+01
7.519751077058847955e+01
7.227966778210557663e+01
7.524488699597509367e+01
7.088771765765842758e+01
7.190057307123258568e+01
7.233054497310192232e+01
7.164589041598408414e+01
7.274320491762728125e+01
7.273570439949594402e+01
6.966848855810287944e+01
7.224317188547524893e+01
7.324406611448229398e+01
7.465352773601152592e+01
7.247300732093525255e+01
7.243327148209301924e+01
7.215105207963216571e+01
7.125525001443433837e+01
7.238175685923714298e+01
7.514125065683752780e+01
7.074319178084171256e+01
7.136735924355686222e+01
7.263006447407957467e+01
7.617509242371178857e+01
7.302810231311855205e+01
7.293802389537586350e+01
7.462334762731958904e+01
7.567403778369276779e+01
7.185900530728639524e+01
7.160554198934624992e+01
7.209667494892906348e+01
7.092347277458202370e+01
7.199707867481869528e+01
7.122523139701598893e+01
7.066377930583854550e+01
7.280459082352983557e+01
7.091737039258322284e+01
7.179846573622573658e+01
7.322960113166347185e+01
7.308999091852618335e+01
7.026659218890284819e+01
7.254472066759885251e+01
7.612729447047516373e+01
7.498651508126376086e+01
6.803159848678384947e+01
7.216164039801012109e+01
7.057270471462857131e+01
7.219896268164229980e+01
7.221264937960187069e+01
7.263476146116049392e+01
7.193576480361546999e+01
7.340008134846671339e+01
7.045996807088098990e+01
7.053319412952460254e+01
7.234514480550008386e+01
7.079458803768827124e+01
7.375423503122682689e+01
7.378942712144304039e+01
7.233014584407335690e+01
7.420840425713761590e+01
7.299372600482872997e+01
7.231943932716555423e+01
7.256438354156576054e+01
7.735729778486415853e+01
7.551312513646480795e+01
7.429670006187674858e+01
7.567349351040674321e+01
7.016279290840492422e+01
7.272186880548153454e+01
7.224848129194839430e+01
7.158960079461763826e+01
7.324789487676254396e+01
6.982736948573332825e+01
7.206846935471538984e+01
7.014798528040151382e+01
7.447850902236493198e+01
6.852817675687751375e+01
7.349519292660339431e+01
7.158687712727204655e+01
7.279268925235308529e+01
7.366644261264362115e+01
7.176261234422649693e+01
6.997478507818723870e+01
7.247652400396849259e+01
7.171906249619794949e+01
7.327531791357819202e+01
7.255897335707759055e+01
6.885964303402352016e+01
7.058357736231511126e+01
7.270636787570491322e+01
7.233339256559457908e+01
7.337566686227320645e+01
7.104733793350747817e+01
7.282510967651091960e+01
7.069290775641738378e+01
7.215322232448569650e+01
7.023048667596209782e+01
7.062429016775134016e+01
7.534301301771900228e+01
7.221792391552773438e+01
7.214697225525372914e+01
7.096186187651174748e+01
7.398260080461896848e+01
7.143490155398897912e+01
7.114730900656812196e+01
7.089134210257300595e+01
7.111345123197538953e+01
7.231058983761678860e+01
7.227304811192492195e+01
7.233590967303128139e+01
7.313164538721440522e+01
7.125511460856387203e+01
7.163322886935945633e+01
7.338354665247128139e+01
7.231058378672294396e+01
7.187151596163161571e+01
7.161767609905912479e+01
7.259959999387014307e+01
7.295933530312690607e+01
7.096634911467954510e+01
7.278695340087763554e+01
7.332373903621254385e+01
6.967213623466160755e+01
7.309377394713676779e+01
7.256414813213859816e+01
7.144339933841666834e+01
6.992335197785932621e+01
7.289297266047830703e+01
7.346056421896972211e+01
6.894536116423064698e+01
7.242538173608963348e+01
7.215407937815299988e+01
7.000541347486422694e+01
7.300750504023883991e+01
6.914326718921087434e+01
6.959279422465940002e+01
7.113264454897647227e+01
7.231792352073810548e+01
7.095912856698281246e+01
7.096085604320266782e+01
6.951243707352105616e+01
7.061426704269375421e+01
6.958695162770520426e+01
7.035625637410284128e+01
7.144720858328680890e+01
7.002837957862628571e+01
6.946818958351953199e+01
7.018896789094263511e+01
6.667885114224374377e+01
6.957801447050846377e+01
6.904777243713215285e+01
6.990088883150551169e+01
6.810474628638101535e+01
7.046961886097544436e+01
6.786945019006056157e+01
7.275429097409069357e+01
7.071773898223177923e+01
6.843309879009858321e+01
7.134548684403817731e+01
6.886854690895602005e+01
6.848002520197653098e+01
6.914821095030178810e+01
7.188557679233184672e+01
7.005279119678085920e+01
6.879870240977079732e+01
7.195343171423343165e+01
6.982769737796463971e+01
7.103090786503734932e+01
7.181427371332752330e+01
6.951745466780980109e+01
6.851368701832365105e+01
7.152489083818574045e+01
6.955539664297917568e+01
7.144978681977853796e+01
6.950951008184853208e+01
6.958700548242418904e+01
7.131739922674923093e+01
7.174665285718994312e+01
7.115863964281199117e+01
6.809493347048787371e+01
6.820116474681161378e+01
6.690537128876398754e+01
6.815314817454164142e+01
6.892451169980050452e+01
6.767828075316946013e+01
6.747210568695093968e+01
6.543386041577498702e+01
6.779766737506068353e+01
6.905970504290276324e+01
6.696096803207609582e+01
6.755329782256686144e+01
6.769505939018689844e+01
7.073265181087523956e+01
6.990524530894552413e+01
7.019395682276075377e+01
6.730303933777348391e+01
7.092224459743742671e+01
6.803915801577616662e+01
6.717978628585404977e+01
7.073096042005589368e+01
6.792782345530333998e+01
7.068191032739915158e+01
7.175286018815249633e+01
6.920604063871554956e+01
7.292434453354159984e+01
6.866224466152813477e+01
7.052221959240810634e+01
6.922608243954122997e+01
6.926916629678163417e+01
7.223988242278394978e+01
7.009153544824494020e+01
7.130562183019611666e+01
6.828402794131032749e+01
6.755603809263074311e+01
6.905929806123330650e+01
6.810583872165825881e+01
7.046799814130608297e+01
6.627997779945482648e+01
6.854403427059882858e+01
7.169394265865763316e+01
7.069249637423759225e+01
6.912178118141125083e+01
6.663236326375555052e+01
6.935241426233474726e+01
7.194843249387281503e+01
7.045761608668269105e+01
6.885453276815702850e+01
6.831472657340400190e+01
6.654257098667203252e+01
6.744949188812886121e+01
7.169282040792413113e+01
7.021793381304631509e+01
6.898287125478830717e+01
7.029612660606652241e+01
6.763175591493222782e+01
6.798366596043466359e+01
7.059649883529746717e+01
7.101503258750823022e+01
6.855576251742876082e+01
7.018864481720240178e+01
6.674851107856406429e+01
6.895373114423880168e+01
6.945520737095588970e+01
7.109115375156849836e+01
6.782628132800134324e+01
6.852437199360625186e+01
7.225595569506981519e+01
6.919813724543713818e+01
6.699122410971946806e+01
6.667063751975429398e+01
6.650326968680221285e+01
6.912312778983690009e+01
6.876419599211105549e+01
7.081861979640623872e+01
6.981605052999712768e+01
6.925508417126653171e+01
6.813572462323608647e+01
7.028615306166393850e+01
6.808930148492834178e+01
6.716536917491639258e+01
6.912343075342957377e+01
6.849692143584356074e+01
6.750233538255979227e+01
6.793681857545485059e+01
6.710224999288581671e+01
6.625645937498613591e+01
7.000434245244620968e+01
6.859627722950969542e+01
6.767830909369051540e+01
6.824503929791676171e+01
6.734249489064127658e+01
6.749745529889823104e+01
6.830971904416959717e+01
6.738899776726528046e+01
6.727921647155970675e+01
6.926583605205856031e+01
7.018127214787547530e+01
6.660693855301140331e+01
6.557362825980268894e+01
6.394543678761485950e+01
6.686710285807896526e+01
6.944289109182744824e+01
6.976548460998556322e+01
6.694938701803660308e+01
6.631844508597153265e+01
6.862161127217162004e+01
6.459513928116572856e+01
6.645513017262598510e+01
6.851802449812349494e+01
6.948417651915018212e+01
6.822633641920376135e+01
6.903810191759195902e+01
6.459856203836811517e+01
6.666954301233620583e+01
6.765593669115334308e+01
7.077103847919111956e+01
6.873323462006254658e+01
6.735151780814872780e+01
6.978659119272884936e+01
6.662863692239658064e+01
6.687718927361919441e+01
6.953595052620411820e+01
6.991097686063307037e+01
6.618843532590769030e+01
6.647661825528942359e+01
6.831298821671634869e+01
6.562079487692572854e+01
6.760840360984668962e+01
6.646684791584658569e+01
6.777869836275020532e+01
6.653092021400061640e+01
6.635173304717901033e+01
6.804283528739239273e+01
6.878072260546741745e+01
6.458215839722107887e+01
6.830118509420704243e+01
6.892373288841443468e+01
6.496547028957758130e+01
6.661981507496160759e+01
6.575419479453782401e+01
6.805434082885778935e+01
6.293636894697923623e+01
6.813521558567529723e+01
6.899690473927152823e+01
6.794313742330807315e+01
6.718149735966449043e+01
6.463712335419717192e+01
6.937431491103599512e+01
6.667315781959300125e+01
6.634398905482333930e+01
6.806245904452551088e+01
6.740191676773800111e+01
6.711811064398904136e+01
6.761784478461318315e+01
6.590436673410674473e+01
6.492885560464212347e+01
6.702479290533521805e+01
6.674966322996671408e+01
6.502246556182588222e+01
6.902917686071768344e+01
6.669884419198177739e+01
6.660490477383213204e+01
6.783717168035047962e+01
6.619601859686051171e+01
6.751587560634445140e+01
6.771918108255691493e+01
6.591152474526855087e+01
6.624309770654586771e+01
6.595315102870647195e+01
6.840575336664025485e+01
6.685603072803610303e+01
6.878957528172564651e+01
6.880870619010424605e+01
6.677552458478669450e+01
6.715394928047641088e+01
6.649725230494658490e+01
6.805027967684183920e+01
6.665873817787829125e+01
6.722603722421136752e+01
6.757611467667229022e+01
6.782856359020546222e+01
6.776666062898229370e+01
6.543344988327906719e+01
6.300988520508850144e+01
6.581629227845481012e+01
6.935619097789532361e+01
6.811976862321326109e+01
6.686173019537736195e+01
6.779438522098743647e+01
6.658459040964640963e+01
6.677531305176692911e+01
6.740691387843587279e+01
6.547940503428880277e+01
6.753130927727968924e+01
6.718416753672833863e+01
6.617965424849916189e+01
6.571394167590121071e+01
6.882039842606459956e+01
6.667685000205419499e+01
6.692090854787608123e+01
6.505483550797428904e+01
6.611771021479189869e+01
6.933250010874884595e+01
6.782313990392222536e+01
6.865860019386445856e+01
7.001527063245417537e+01
6.845761070248205726e+01
6.635338486034480354e+01
6.725270100871077261e+01
6.445410396549041820e+01
6.590616051240085937e+01
6.750828854513254385e+01
6.463639744160568057e+01
6.374656532659015795e+01
6.827808076012031790e+01
6.668535062385056733e+01
6.723324352265696291e+01
6.340188708731726308e+01
6.718521439085553482e+01
6.624983532352113968e+01
6.670219946701823233e+01
6.608668854579353535e+01
6.426955494121145307e+01
6.789101195966424029e+01
6.394897577981639358e+01
6.540233157287732979e+01
6.353649705901568723e+01
6.473471930404365082e+01
6.520334845577821170e+01
6.612515529313112950e+01
6.475687771053176789e+01
6.386185396732525987e+01
6.676592425470822434e+01
6.344036434576084815e+01
6.571089938771575589e+01
6.659210298872517342e+01
6.663351399188262292e+01
6.509599445476131052e+01
6.373932878897171150e+01
6.442992387542943789e+01
6.560514733333803861e+01
6.527561704273196597e+01
6.706970269738721413e+01
6.562323478511903829e+01
6.367319700585877484e+01
6.413448911348440618e+01
6.580739540366597851e+01
6.371017241630457306e+01
6.606343799798983696e+01
6.675372832452629268e+01
6.521092069823836823e+01
6.684849077984486598e+01
6.577061733719911274e+01
6.672966285332775271e+01
6.491190007675328388e+01
6.307313187819514155e+01
6.561888973020353433e+01
6.391679594593393432e+01
6.618804649441953813e+01
6.419955988316807804e+01
6.567295750039389191e+01
6.467333305058785697e+01
6.173682088622919650e+01
6.016522607280403179e+01
6.356771277596746472e+01
6.301462737579286255e+01
6.281987335488365432e+01
6.298554649422099772e+01
6.422144495474195480e+01
6.599419604068546619e+01
6.364468276761992627e+01
6.521410749391161232e+01
6.674193070892006574e+01
6.481737686801639597e+01
