2.703060903666419534e+01
1.743146730752981810e+01
1.665133915524843644e+01
1.345447598326364513e+01
1.139817649090633367e+01
1.462367159538190009e+01
1.243869047094023905e+01
1.839566450760608163e+01
1.999098662583666197e+01
1.892119248666647380e+01
1.854299954618563007e+01
1.610825637022049150e+01
1.369844727343074808e+01
1.330159090697482682e+01
1.213220922107343647e+01
1.005073248963787869e+01
8.804786078514618808e+00
8.483219374400862378e+00
6.274126391380917767e+00
7.565914968293833809e+00
5.517525325590090901e+00
5.322142474930937617e+00
4.883417343935994026e+00
5.222588024231795245e+00
4.419580316858481517e+00
5.275031690028850306e+00
5.414490621559994388e+00
5.672346550757301209e+00
6.651854507696799423e+00
5.232834543425026297e+00
5.164162689123119598e+00
4.714588427052094133e+00
4.991799974587459054e+00
4.854419511925941677e+00
5.881873271557451766e+00
6.061583595233950739e+00
5.607382246551060767e+00
5.422118274675275629e+00
4.764922338265611401e+00
5.228534844078119193e+00
4.478183771682676451e+00
4.500758271094605689e+00
5.548450301628727210e+00
5.517669281028810602e+00
5.593268909421532875e+00
5.142911689917375462e+00
6.460075414782296299e+00
4.794257636113018251e+00
4.796732516381193356e+00
5.495668563297154918e+00
5.007156087282719881e+00
5.718997608327701876e+00
5.472297954987320523e+00
4.864847587745646074e+00
4.279911042822434730e+00
5.507984650797015824e+00
3.565453473034665421e+00
4.882443306928636595e+00
4.313320813157316636e+00
5.903674952351918748e+00
5.794645754551981831e+00
4.534934193398585833e+00
4.767840954737105008e+00
5.994679648701167984e+00
6.311948198393022125e+00
6.133932720593856303e+00
5.692142485790538053e+00
3.957322671784615498e+00
6.071988639784783537e+00
6.366581305699487991e+00
4.759905293775193336e+00
5.381882534188980216e+00
5.146157059673194034e+00
5.858124375561747144e+00
6.531306321977420559e+00
5.857338530449013092e+00
4.650995759020020159e+00
5.311043091682655870e+00
6.479087684495564936e+00
5.269941154385784365e+00
6.025385770690646403e+00
3.946454975723521663e+00
4.263802766224458196e+00
4.893098406096531683e+00
3.894056746507271072e+00
5.115907856034196399e+00
5.165482144368517048e+00
5.618765461932747840e+00
6.274105196411453811e+00
5.704455174823441332e+00
5.693692765782447651e+00
4.992740304219545955e+00
4.882920393563320971e+00
6.855801458860733000e+00
5.081066207825235992e+00
5.697932768565304507e+00
5.607482692858149598e+00
5.503769783268622540e+00
4.879827578227078355e+00
5.622074608650140526e+00
4.707820107840731794e+00
4.974555159849326280e+00
5.282958783246776591e+00
6.442756483186453664e+00
4.974189375006281111e+00
5.808712942965658321e+00
6.162573665111285237e+00
4.611434982307970110e+00
5.013390314318542096e+00
5.467465213460735107e+00
6.070776877547428896e+00
5.696237069775186512e+00
4.331001998831600197e+00
5.055265172189636225e+00
3.351819984447857781e+00
5.370464505220268414e+00
5.825526078156851639e+00
5.494355483702013210e+00
4.736943747379888769e+00
5.177600304006540810e+00
4.786671367213127581e+00
4.823196913650853013e+00
6.109579133928879635e+00
4.780102715226707488e+00
3.935297498588937071e+00
5.608873126177251756e+00
4.022655744663002686e+00
6.840159984970773266e+00
5.298203612702257814e+00
4.979845526926983901e+00
4.714689537992708956e+00
4.985128009189558895e+00
4.063853138719565550e+00
5.885845759400553767e+00
5.008285250211778283e+00
4.572025557568006882e+00
5.479732060290232631e+00
6.269899825119179759e+00
5.120928297104339499e+00
4.475943382555482408e+00
4.663594209201150420e+00
4.842515563574242066e+00
3.953910198843579860e+00
4.570920837992331620e+00
4.865020320381005625e+00
5.135242544137216925e+00
4.645822377877779630e+00
4.884618812871515559e+00
4.953805334001799565e+00
6.066142425102504454e+00
4.894963836049657679e+00
4.055097629818018135e+00
6.245998115876628454e+00
5.982439646787616638e+00
6.045508419624083807e+00
5.716661988674061945e+00
5.237420992481881754e+00
4.974171295567676232e+00
4.465916276545072172e+00
5.844757766840009694e+00
5.302656349180853823e+00
5.437260406959061321e+00
6.222716284763587069e+00
5.348728079713329642e+00
4.905184910416735100e+00
6.231874575975298036e+00
5.148650727244904246e+00
5.401140464912740136e+00
5.208462103116183073e+00
5.391442509453018950e+00
7.654140692228318166e+00
6.071202267471596414e+00
5.568130777843957269e+00
5.423605047562946702e+00
6.830416728550440020e+00
5.999219239581768726e+00
6.712194514882038554e+00
5.470693368971252468e+00
4.478442876527211958e+00
4.659615990124126306e+00
5.247548821426285315e+00
5.627331956829749515e+00
4.129494256133676267e+00
5.492926720972588051e+00
5.080104168570921175e+00
5.924837636632593885e+00
5.496172138665987639e+00
4.442560758936297205e+00
4.695908496416979716e+00
5.614388369407664392e+00
5.705100162496568039e+00
5.552543465863183592e+00
5.369783550319592536e+00
6.372016909896308867e+00
5.137784757502312338e+00
6.283184309798619971e+00
4.731944490756588628e+00
5.148456028114974714e+00
5.310293727872682723e+00
4.970221623596080995e+00
5.607694667213150908e+00
4.939527485922320160e+00
6.045172985090244033e+00
5.399752839251535264e+00
4.765612922094467407e+00
5.961770102735389543e+00
5.241077396413490241e+00
4.480104714023257273e+00
5.000037544301974890e+00
4.594068033260236383e+00
5.023721512624310215e+00
4.514294697264764622e+00
4.345754859162441086e+00
5.094975174027689846e+00
4.767883815870122888e+00
5.332896402667402391e+00
5.768729853582633460e+00
5.532054406903399446e+00
4.831525794477217417e+00
4.714434193251904048e+00
5.271377007931581815e+00
6.299888557085010277e+00
4.238570876975918722e+00
6.431827511165220557e+00
4.417235742045707347e+00
4.923544911141148894e+00
4.447062375512973453e+00
4.740680224715236868e+00
5.076811035818612261e+00
5.377504372106383990e+00
5.317040615226090949e+00
6.262329659706863616e+00
5.060501399177354642e+00
4.798972526268881822e+00
5.241333089636262876e+00
5.390813182616098764e+00
5.576376596812792741e+00
5.674209418685715711e+00
6.099624333011317567e+00
5.789646134164831537e+00
4.920880238866987888e+00
5.895519003887955911e+00
5.947632205892267265e+00
5.575962908996397793e+00
4.964848049783248563e+00
5.354380159645698356e+00
5.624252976570466522e+00
5.708765810836195165e+00
6.006404920495932664e+00
4.323954288600868168e+00
5.001211498636972230e+00
5.510732602603622077e+00
6.115591548756500018e+00
5.071643986954997629e+00
5.157694783775648162e+00
4.982507531855994820e+00
6.156344062234905934e+00
5.227255710320510396e+00
4.911799958206088057e+00
5.421311821668392206e+00
5.912325941085863512e+00
4.730279704486648917e+00
5.333961579494039817e+00
5.999971387422514901e+00
5.319849889371898399e+00
5.007642522826412090e+00
5.545841195997337714e+00
4.260573666833296969e+00
5.595477409005834346e+00
5.838099470939416058e+00
5.281145298307207803e+00
4.121647906268010253e+00
4.755815185047651106e+00
5.064341848168536941e+00
6.141862191010668326e+00
5.403552501039802003e+00
5.833230852095998564e+00
5.650219307243906641e+00
6.118609540983287687e+00
5.576065858429882560e+00
5.408747608525116490e+00
4.638140699397276023e+00
4.609421461427611888e+00
4.887052695788665524e+00
6.193266934033920812e+00
4.958975977263939683e+00
5.795779597943876205e+00
6.077696137313203018e+00
5.819719767958492440e+00
5.624613502090316075e+00
6.413728652422580723e+00
5.107069578304249902e+00
5.736141212708592008e+00
4.702382890822907946e+00
5.308943633054505007e+00
4.259717631020052409e+00
5.135700723330526074e+00
4.651485282483106332e+00
5.855232759099135542e+00
4.591893201471371810e+00
5.834299581138883362e+00
5.947882737345179471e+00
5.861462293840769000e+00
3.702001755344905387e+00
5.326512586665459459e+00
6.054783893926884097e+00
5.262544948333698791e+00
5.111397373617633910e+00
6.144676470493673826e+00
5.954172589426081075e+00
5.071910296405159002e+00
6.081165802642457763e+00
5.333959921136448123e+00
5.257177145767593984e+00
4.139578729763594644e+00
5.942282048422637075e+00
4.768250696806651590e+00
5.855024249025122529e+00
5.360935369703835107e+00
5.300631418128253003e+00
4.826581895893752083e+00
4.997238385815271577e+00
5.758032537010786989e+00
4.721163125522652493e+00
5.653488426193617578e+00
6.734726638152875644e+00
4.617186257886319645e+00
5.886036504321754848e+00
5.383805901686494089e+00
5.738001999033981448e+00
5.083826105789681193e+00
4.952366720332995520e+00
4.278431426638091395e+00
5.621452806496142429e+00
5.345180098238946798e+00
6.197523448963068837e+00
7.122214572724739234e+00
4.512147504714190127e+00
5.258423082621491496e+00
4.921148729055624393e+00
5.188832486814744627e+00
4.607569684628369799e+00
4.670116625551685274e+00
5.691310120985285437e+00
4.766279114873884559e+00
6.227166869197811039e+00
5.518709081555503992e+00
5.143087337772983325e+00
6.236658762932941080e+00
4.465722075575873085e+00
4.837322566311589966e+00
4.229945799613680002e+00
4.991308758452568384e+00
5.995050155312803497e+00
5.326719297709472833e+00
6.316242515968018445e+00
4.845954607171253592e+00
5.077794106532138585e+00
4.522650487522414053e+00
4.528976906320233198e+00
5.625708181186198864e+00
5.157453843607378019e+00
5.123625730780254628e+00
4.214299301484150995e+00
5.187688548107325381e+00
6.247873166038803383e+00
5.320958566315736604e+00
5.465388746349113980e+00
4.627914833215279522e+00
5.289597558642354258e+00
6.313931978947000090e+00
5.361891532814103023e+00
5.145676053826398366e+00
6.831771558170438574e+00
4.467119241008183472e+00
5.453648348712512473e+00
4.701701145499249890e+00
4.128890679354755733e+00
4.222617571744322618e+00
4.744986022950302917e+00
4.554609452452337059e+00
5.866906610681263068e+00
6.675885866792515166e+00
4.693092322421668960e+00
5.170157893199916366e+00
6.008333693272740916e+00
4.782980456963296767e+00
6.392207620899228893e+00
5.726590582955753739e+00
5.339980977267560824e+00
5.813049184493523924e+00
4.525788314590936778e+00
5.275273825712539555e+00
5.923015578543295412e+00
5.004014348531922174e+00
6.254586867837332420e+00
6.007926910189950398e+00
5.339735992554512478e+00
4.548647660518421176e+00
4.491865093841655110e+00
4.670442008306872061e+00
5.370314466289516808e+00
4.906378066858702702e+00
5.210809715947081422e+00
4.595844319627195418e+00
6.706676665880065613e+00
5.126118455094109905e+00
5.685487504880242682e+00
6.050947577255427312e+00
4.715336535421709385e+00
5.415728139178901834e+00
4.404811081724101740e+00
5.629258887823011648e+00
4.556938522984681939e+00
5.765626250418532273e+00
4.902369394909289468e+00
5.814488020066937324e+00
4.299208468548465056e+00
5.415281073145187030e+00
5.024667702947385628e+00
4.058650693540442056e+00
6.551844485919794181e+00
6.296011677027698816e+00
5.692511647613027748e+00
4.848465523957880663e+00
5.114595375551146184e+00
5.949796058831055667e+00
6.244300421600573081e+00
4.675007396799318649e+00
6.171352494132669619e+00
5.894581371163361894e+00
4.842803109177308940e+00
4.034223027830600827e+00
5.835279698426655060e+00
6.777224987489741004e+00
4.705287148512031337e+00
5.094963088557701525e+00
4.343327440280212670e+00
5.418750070425102372e+00
4.906741724719288378e+00
4.504942341842042453e+00
5.501094913860510971e+00
5.598431648870915822e+00
5.269008002558914328e+00
5.296859512766922684e+00
5.568267782749873440e+00
5.469682558341792955e+00
4.621434094632456357e+00
5.085525341376935238e+00
3.958290219249391395e+00
5.217949030805522526e+00
5.194748707093293838e+00
4.743312466382638704e+00
6.558946807844108662e+00
5.341501092347280100e+00
5.421414863529297357e+00
4.770023241035663553e+00
5.573701611020466018e+00
5.109475757704966092e+00
5.099285657582020903e+00
5.714176136083873203e+00
6.774473288583800823e+00
4.966665672508326246e+00
5.722892221662792878e+00
5.776231242686649558e+00
5.177291516503005120e+00
5.191359750610790691e+00
5.528300429821449313e+00
6.140060440071816394e+00
7.003350968083743133e+00
5.769016247325407853e+00
5.799506274695682251e+00
5.439266552970813962e+00
6.018467360155351997e+00
5.169855643631414033e+00
5.162786965932307126e+00
4.701849179336388573e+00
7.425463669643614040e+00
5.149872700078984344e+00
6.128226078849080771e+00
5.001964451051066796e+00
4.547974030176598070e+00
5.820537408130740609e+00
4.945990947451266884e+00
5.419361526280495944e+00
5.794286089524330663e+00
4.157197324112782866e+00
3.435685009793788769e+00
7.269643921356546024e+00
6.410926620874781712e+00
4.984344902260081867e+00
5.732459263299985786e+00
5.271623057094395826e+00
5.098816707745813304e+00
5.382959479177223727e+00
4.228983024450942096e+00
5.528570153912653495e+00
6.194141608229148943e+00
4.851650150494605462e+00
5.047660139837250703e+00
4.907784080275338745e+00
5.866766205085466979e+00
5.721733658506344078e+00
5.837859409490421925e+00
6.515031497983476250e+00
5.494301124397077629e+00
7.491612961881734201e+00
5.080372366579225307e+00
7.259058619731465711e+00
5.663694978108203770e+00
5.280820359485608684e+00
6.031714813537278452e+00
5.083395906105245388e+00
5.476573749455054596e+00
5.746834794556942683e+00
5.735620361155698177e+00
5.116669002109521358e+00
5.651649542839866314e+00
6.250336910791715717e+00
6.535293189141774484e+00
5.140796527765399304e+00
6.701561086293834180e+00
5.627399203930334437e+00
4.636629710275280480e+00
4.841088805196101852e+00
6.565008999762386388e+00
4.556527689127807257e+00
6.061255639806867990e+00
4.922794976001821254e+00
4.963529454106033079e+00
5.310026467185779531e+00
5.660503230815699283e+00
6.005350301252653900e+00
5.530477383940108460e+00
4.850610015756160465e+00
4.687289292044281908e+00
5.488606840975726264e+00
4.588855550550089646e+00
5.672846341518937407e+00
4.414846283390753356e+00
4.638631391851197883e+00
6.568375737761953381e+00
5.087556146086085640e+00
5.648251218873041601e+00
4.853936408005869119e+00
6.229148266563538705e+00
5.612866731502863082e+00
5.629770838253905119e+00
4.503777980852313512e+00
5.390682443464021034e+00
4.219072680581162693e+00
5.458570097322280823e+00
5.345914361927652791e+00
5.748282456666073514e+00
6.546303933769627825e+00
3.840676532793770637e+00
6.269059934793233424e+00
6.686527237220959208e+00
5.021002096737664289e+00
4.796493984804629740e+00
5.366607026226049904e+00
5.990399806922129144e+00
6.274579805319770998e+00
5.976981942999421094e+00
4.844874633180123347e+00
4.462311429014286013e+00
5.212453695998971348e+00
6.148478473507998920e+00
4.831403330734559631e+00
5.678721201805784879e+00
5.357608586545423712e+00
5.250380342895478059e+00
4.611189587901482589e+00
5.836896367621936754e+00
5.729833025149843273e+00
4.382204522385790391e+00
5.711086848023609441e+00
5.518149630242720427e+00
5.904085079910756484e+00
4.717035466101421548e+00
5.880237443794724683e+00
5.852635276297033506e+00
5.046586771922727088e+00
5.131720972196382569e+00
4.857826190995099047e+00
5.760882277332095569e+00
3.962723380120892536e+00
4.083965468270310595e+00
6.708922576211575617e+00
5.623806647657243474e+00
5.134143164026550465e+00
5.051807884088191258e+00
5.287948451770529523e+00
5.538102397904220986e+00
5.180187133099871666e+00
4.429741131921628217e+00
4.838649241264917578e+00
4.850478018779117662e+00
5.547085757664329542e+00
5.121612626123651424e+00
6.334717766278608941e+00
6.059987891173904906e+00
5.069952873001489557e+00
5.902907790866065874e+00
4.833851192395687946e+00
6.541288285451564377e+00
5.585008965079183874e+00
4.699237108446453703e+00
4.390129703947255102e+00
6.606459320726881579e+00
5.086029648197246900e+00
5.878616847475077734e+00
4.880860199182868620e+00
4.272443524563306561e+00
4.295421442237739917e+00
5.421622702924379311e+00
4.995937585945410042e+00
4.839472340949474649e+00
4.959495431690718270e+00
5.026289841989210139e+00
5.861474476264457500e+00
4.660719790034213439e+00
6.264631416334477620e+00
4.494628888376455578e+00
5.789069307191776481e+00
5.408732208125854868e+00
5.263731568844795206e+00
6.383156556303218210e+00
4.681364807262996308e+00
5.163560776938376229e+00
5.252507463748640859e+00
5.555840043647939375e+00
5.521740636957661152e+00
5.646656081926354709e+00
4.979763883561697746e+00
6.124140640534359470e+00
5.230329376367690131e+00
4.446724367436891256e+00
5.694021860942685365e+00
5.544005021401286371e+00
4.994463699969112547e+00
5.093867482355165066e+00
5.815550992662017471e+00
4.124599265277796967e+00
3.327976535142132430e+00
6.053117840795518845e+00
5.744572879332796589e+00
6.179133687141193043e+00
5.545355549390334815e+00
5.898190800355365582e+00
5.686752442690261589e+00
5.948000808509021020e+00
5.453614821051691486e+00
5.991085965238437616e+00
5.163179463275800352e+00
6.778280164108064554e+00
4.228442074585736066e+00
5.644737195495026505e+00
6.071092150557923617e+00
6.139263474360611816e+00
4.759745256408463909e+00
4.785697985730655191e+00
5.002471679362867185e+00
5.126846145496483764e+00
6.369583637717004976e+00
5.343039016619745674e+00
5.211136577596453989e+00
4.612682829246455007e+00
6.231710343190949963e+00
5.380900824245677505e+00
5.537508968080926408e+00
4.112093192356971905e+00
5.556661044195938537e+00
5.609249251705346495e+00
5.196801588347929268e+00
5.735027148682970477e+00
5.839264521785555218e+00
5.838632804009319166e+00
4.292563460953157772e+00
5.899644807916459399e+00
6.198743737887348004e+00
5.041318483935053330e+00
5.438615008733949985e+00
4.934522475244476958e+00
5.393143221549816069e+00
4.853470227008368276e+00
5.582964967912298349e+00
4.926054894679524843e+00
5.346528138152923937e+00
5.872138526397691294e+00
5.132396546436604368e+00
4.390785951197301529e+00
4.149304373191849749e+00
4.923000085744510201e+00
5.259051695824742190e+00
5.167691409226548238e+00
5.171883832171610074e+00
5.863013333584259357e+00
5.068647870411743916e+00
5.115538644335512863e+00
3.929603393794853350e+00
5.383454803150657497e+00
5.294496736291179673e+00
5.060508882417091847e+00
5.823011652174489683e+00
6.258267392219493352e+00
4.880416540911909351e+00
4.636698469747257967e+00
5.695572606271343652e+00
4.572707070061121648e+00
5.747229495378694430e+00
5.519537090862796980e+00
5.850386281478836992e+00
5.581338142790228218e+00
5.604647507488220270e+00
6.076958007061417533e+00
4.542313444970634606e+00
6.099336235356036084e+00
5.302683523832919299e+00
3.861722673646020176e+00
4.552005005021113604e+00
5.287717316004568957e+00
6.415487638334228748e+00
5.548317221291489076e+00
5.538765133655891404e+00
6.211902311732221627e+00
3.794714159662683439e+00
5.091425613729998467e+00
6.238309753714903927e+00
4.559707737994457055e+00
5.660855305242534996e+00
5.061940116789353183e+00
5.454255469390473898e+00
5.311366120356836973e+00
4.644795783919739129e+00
5.283521974185883430e+00
5.288953066105070988e+00
5.138759094871319988e+00
5.279241586317661827e+00
4.866288757722040614e+00
5.039666337368816862e+00
5.272659984465115635e+00
4.589941220455449056e+00
6.395442303481281066e+00
6.447237086196684785e+00
6.603425487961319007e+00
4.571803637472119597e+00
5.481728089171936880e+00
4.998275882169987305e+00
3.668043676830881505e+00
6.175836246447770073e+00
6.008521332709925389e+00
5.668538060050150484e+00
4.845813014337669422e+00
5.514340305195073455e+00
4.914041432440569679e+00
5.728757353173111078e+00
5.771264440690415221e+00
5.366053029855900824e+00
5.312035823102953636e+00
6.433775066754966687e+00
5.757875812964812212e+00
5.653644580142911380e+00
5.222459580316681560e+00
6.149233359948659050e+00
4.796320132262884783e+00
4.950910554696874577e+00
4.974846242237286553e+00
5.684184432073033477e+00
5.799007261373628985e+00
6.323498759416883885e+00
5.123873506032861513e+00
4.794224727391596552e+00
4.281706682818984255e+00
4.482974148550568749e+00
4.662140861520314594e+00
4.619455721243332036e+00
5.967673420385795957e+00
5.123463771524791710e+00
6.296015494017039416e+00
4.885708497410777618e+00
5.690810870713214342e+00
5.075571107101021440e+00
5.254467244475128140e+00
4.351626747949453922e+00
5.308851750912331191e+00
4.981908884302274743e+00
4.598323881909982092e+00
4.710524686931443661e+00
4.729222591823059041e+00
6.047558798510292100e+00
5.215752572731931380e+00
6.024394957008437856e+00
6.642942778167166828e+00
5.464089935679779408e+00
5.878700457221578191e+00
5.567996486059316297e+00
5.182695933466590965e+00
4.863562545956152228e+00
5.286655055320715668e+00
5.179232984905686621e+00
6.250001435220289281e+00
5.208489510252709564e+00
4.779295412888338035e+00
6.651599202849587833e+00
5.554260392412580849e+00
6.292030196398818553e+00
5.784172482948049421e+00
5.722324703072714236e+00
6.073474190707866427e+00
5.927866159489039610e+00
4.921885886334847804e+00
5.219091266364481285e+00
5.127732807234014700e+00
4.786095309878627191e+00
3.887111026921449053e+00
4.776772393910017733e+00
4.156063674593920787e+00
5.195659990551170004e+00
4.580063126528879813e+00
4.379275034202342098e+00
4.480312019015395997e+00
4.941222698483573872e+00
5.789421470854300367e+00
6.956154887582467694e+00
5.657592979125702470e+00
3.961795318572823188e+00
5.610403695651152489e+00
4.905670738759629224e+00
5.220000300033336593e+00
4.221782674587845285e+00
4.805085970122286554e+00
4.939979950260550368e+00
6.393843376478186791e+00
4.151406021997066098e+00
4.708060059113059026e+00
5.448320502024058598e+00
4.722847720670188210e+00
5.014175124111962312e+00
5.337139132873228498e+00
6.065168125891501560e+00
5.309820879590400722e+00
4.485956960016367567e+00
4.859565423309586407e+00
6.262405356345444041e+00
4.534738391233551269e+00
5.589615373410479648e+00
4.980223209659456529e+00
5.563424807133670491e+00
4.141943560850748440e+00
6.207651851902039830e+00
4.418348479204649237e+00
6.123244206458543282e+00
4.843593011007741644e+00
5.349941539340711927e+00
4.830718206689249783e+00
5.131902692950044198e+00
4.622873118024346972e+00
6.285179198647077747e+00
5.643872721088116329e+00
5.219165964518571954e+00
4.754255165944131889e+00
5.019201927076893277e+00
5.570682872724558088e+00
5.355977097804483833e+00
4.709120696377985915e+00
6.105310582045510692e+00
5.821830462920084770e+00
5.203758079067458020e+00
5.702527872354734129e+00
4.594840097680711111e+00
5.824702689926107624e+00
4.675530801700870320e+00
5.812463855172357974e+00
5.158581027669810304e+00
4.739930559132448096e+00
4.786325738142132913e+00
5.054674865859854371e+00
6.497511436689535458e+00
5.102669144161071202e+00
4.366102582349029149e+00
5.682447237387556527e+00
6.280093707756524424e+00
4.758227278285884765e+00
5.464971141124411957e+00
5.720250198723537238e+00
5.924453250127387882e+00
6.501919380112624935e+00
5.924470734637618641e+00
6.078898870026882229e+00
4.529214710301137536e+00
5.479082517614459746e+00
6.771138977762880096e+00
5.278782776227317619e+00
5.545113615380424577e+00
4.909402880954804260e+00
5.311042882779396734e+00
5.193684724624594296e+00
3.619334865536691037e+00
4.924987832369386531e+00
6.013661004001788157e+00
5.429123709329735092e+00
4.665384102696408242e+00
4.598329083863561095e+00
5.189898238963140287e+00
5.330937884442707109e+00
4.030692043235452715e+00
5.234250638195863559e+00
5.299629569232084947e+00
5.485671367029001821e+00
5.418006258103893913e+00
5.971928670978463138e+00
4.838043185658284173e+00
6.157787205715885115e+00
6.303691556541954455e+00
5.555787485641548784e+00
5.104567544349557728e+00
6.740640740557945598e+00
6.001339022064301254e+00
4.550992117749819599e+00
4.049491616153083839e+00
5.202850406751346135e+00
5.427000352075300960e+00
6.773597827199048460e+00
5.931507003641597997e+00
4.786439176325792744e+00
4.483384152243088394e+00
4.743308391783823019e+00
4.340331804816339734e+00
5.304259160106073345e+00
6.599218935230448224e+00
4.836595324341988800e+00
4.968758710105589671e+00
3.775640915960530197e+00
5.169472691506014073e+00
5.103502377673562407e+00
5.355577745934690270e+00
4.495148359450009679e+00
4.615437990843706650e+00
5.040362759291029171e+00
4.372287526001064961e+00
5.125158463387285757e+00
4.811053134463474379e+00
5.215478283172688023e+00
5.296294569128763285e+00
5.449454831941169530e+00
5.532403055781523804e+00
4.659725761688982004e+00
5.444603931192410151e+00
5.572255009024703831e+00
5.122384192980571349e+00
4.895510890196445253e+00
5.315234673671353605e+00
4.995989769889731313e+00
5.249916653234895314e+00
4.892564380461030815e+00
6.414795013604831730e+00
5.602866671312144220e+00
4.121419911450704632e+00
5.355980561250833105e+00
5.877183984128182992e+00
4.961886652844129664e+00
4.929108860377774626e+00
4.733629868082554815e+00
6.407329002468627799e+00
5.289818416457694461e+00
4.851223708962039360e+00
6.673000901596456202e+00
4.926850081257374114e+00
5.669300476474466777e+00
5.588599618540992964e+00
5.707097351706980959e+00
6.688621684754614272e+00
6.249640915467484348e+00
5.275827018486553222e+00
5.258223592009640512e+00
4.822296768137039891e+00
4.719274983518332078e+00
4.476405598136592445e+00
5.837841086349409458e+00
5.599406329566996909e+00
4.916909101476242938e+00
5.891216790358568822e+00
4.931173898914152254e+00
6.027590452647647368e+00
6.245017193868611649e+00
5.675024457046013104e+00
5.115826200583392769e+00
5.468351626075005356e+00
5.450447294371016937e+00
5.527804639726518587e+00
5.561058798263307068e+00
5.615751231115877928e+00
6.028524117117140868e+00
5.683433063010723707e+00
5.934512153865233230e+00
5.822388046248803128e+00
6.165698077983011949e+00
5.082064433900795208e+00
5.337421446434110983e+00
