2.013511113292163238e+06
5.240603502398830024e+05
1.540244402854846267e+05
8.444535083545205998e+04
5.908012160244039114e+04
5.071385107415659877e+04
4.511656793071160064e+04
4.256553212768976664e+04
3.925624668780625507e+04
3.475343219134292303e+04
3.284859202031277528e+04
2.878413800831272965e+04
2.651585835076282820e+04
2.524996640995952839e+04
2.368277873443609496e+04
2.158646743749504458e+04
1.913979626915073823e+04
1.765143266690110249e+04
1.724752637709418195e+04
1.560120382765286740e+04
1.333484389746240595e+04
1.226173864082512046e+04
1.100052034888114395e+04
1.043458581746032360e+04
9.557861333353712325e+03
8.828840375078712896e+03
7.773333808624057383e+03
7.030622715491300369e+03
6.319682723874076146e+03
5.627332097463714490e+03
5.146377726432690906e+03
4.799981193171312043e+03
4.070932921256415739e+03
3.492901024159961253e+03
3.161489786180462033e+03
3.012829685373930261e+03
2.692525604675657178e+03
2.474715340765714700e+03
2.052258091992820937e+03
1.963355371238498492e+03
1.581695440943452468e+03
1.486791322282162810e+03
1.266541635157285782e+03
1.074161444358425797e+03
9.557293418067986295e+02
9.496318550600258277e+02
7.549831763043640649e+02
6.263456081893887131e+02
6.165497934684974553e+02
5.445721078369656425e+02
4.497242182813527052e+02
3.562142370734009091e+02
3.905828204755027855e+02
3.011224738770509930e+02
3.046513466943133039e+02
3.064741223910851886e+02
2.777821451274646734e+02
2.128088926720989491e+02
2.422978320147740590e+02
2.262026098171967305e+02
2.082950665661048788e+02
2.315717871312178886e+02
2.131913004511260397e+02
2.106237054614400108e+02
1.692072873347449615e+02
2.065913847877728529e+02
1.979334216140643150e+02
1.909106303482626856e+02
1.797307335980718221e+02
1.777021084988030282e+02
1.838401485840940666e+02
1.920222984734013778e+02
1.913252242423439213e+02
1.641250786300844027e+02
1.906400991474584146e+02
1.581489863052013334e+02
1.691696609434337972e+02
1.295413368875234710e+02
1.736971850942595381e+02
1.514257473336752753e+02
1.575096051529166630e+02
1.739799915494981519e+02
1.592445679226623554e+02
1.494580168013519881e+02
1.613065609636796580e+02
1.404684004426689228e+02
1.326798795349293130e+02
1.361885257826912436e+02
1.442793595904444999e+02
1.433611902561993929e+02
1.493502059621466174e+02
1.589980542230647700e+02
1.528565241257372804e+02
1.417835275396668351e+02
1.507313551843409414e+02
1.569205282178120058e+02
1.506084242071879373e+02
1.607851198866555649e+02
1.513004713805509311e+02
1.583965732024422266e+02
1.659160944393596537e+02
1.478049296191481972e+02
1.558618516226717929e+02
1.529938097842934326e+02
1.545452753526843708e+02
1.531411960015023510e+02
1.544335642799980803e+02
1.347478386303727405e+02
1.421701901052400387e+02
1.463115554474618705e+02
1.402725139937195422e+02
1.368453611203307503e+02
1.290721329068354066e+02
1.464180132883506928e+02
1.374966053741351288e+02
1.551501344122664534e+02
1.441888089944187925e+02
1.384991692932592002e+02
1.424607834925687371e+02
1.418375886584499881e+02
1.313877235880801493e+02
1.477214735652011939e+02
1.286454660195589383e+02
1.459835372618160250e+02
1.440449808832575798e+02
1.401353831455440684e+02
1.326235399168844822e+02
1.325665091784629226e+02
1.574379566973793487e+02
1.380189728714306057e+02
1.546506469173908727e+02
1.483206897984321131e+02
1.456231448827668373e+02
1.479099197443170226e+02
1.425876731378263571e+02
1.272811594350575035e+02
1.270691995849703915e+02
1.409319089929408619e+02
1.343840074702550851e+02
1.294545389862377078e+02
1.329162825229162479e+02
1.268405700275446435e+02
1.363496688657506581e+02
1.350885879727546808e+02
1.184332033995790141e+02
1.479703347727938194e+02
1.337406444778769981e+02
1.504129628379230326e+02
1.250919175144547921e+02
1.131407597973259840e+02
1.320919497983533688e+02
1.321533503751624039e+02
1.395924801311822705e+02
1.315936126809156974e+02
1.256751757496272290e+02
1.318975621391552409e+02
1.091315260202974429e+02
1.333400629955542911e+02
1.185473546101661100e+02
1.262874654556515566e+02
1.190725501758892619e+02
1.443599753515961197e+02
1.285047462005729528e+02
1.303587789577215972e+02
1.462540069221186059e+02
1.418128660688492744e+02
1.436206731345440062e+02
1.399131987278355496e+02
1.370898292415020592e+02
1.475157779812128922e+02
1.266467966908510192e+02
1.225980412360109568e+02
1.322678828203729609e+02
1.384374272984104834e+02
1.256164582559716933e+02
1.326690243397279971e+02
1.149018670739840928e+02
1.393534775743528371e+02
1.205207854663566849e+02
1.340226446823968729e+02
1.293736089397193894e+02
1.389367901772989171e+02
1.356560895080681917e+02
1.481108295698755910e+02
1.334695087457950535e+02
1.297152900676548484e+02
1.235405837774121522e+02
1.176667117037357428e+02
1.453839097959888704e+02
1.410348414810967483e+02
1.397997453590047314e+02
1.387476038536381679e+02
1.315144815258028075e+02
1.164077258956129555e+02
1.405184262182601174e+02
1.507508234102075733e+02
1.559976673688458106e+02
1.383461182728042616e+02
1.260682797686043131e+02
1.314560457020296553e+02
1.362777048217928950e+02
1.329937897553336938e+02
1.512078886464659888e+02
1.182735389438441445e+02
1.385479317933719869e+02
1.369854412679777624e+02
1.358918692375034141e+02
1.505129593780674782e+02
1.394533320320635994e+02
1.192940838274846556e+02
1.410289497043131917e+02
1.464831687082857457e+02
1.378226411170093115e+02
1.034357882493861212e+02
1.332310061901847007e+02
1.434267679975774001e+02
1.063737811307691743e+02
1.388988343434772617e+02
1.267687730195896449e+02
1.517120297637345061e+02
1.325012830911128958e+02
1.363530062244986993e+02
1.485989685649575733e+02
1.314928987115229404e+02
1.380027626520328283e+02
1.312861693889551589e+02
1.093604997980308156e+02
1.288712082868262030e+02
1.305636587082851747e+02
1.452266485836181289e+02
1.207298971755408559e+02
1.304854186410161958e+02
1.276783000266457435e+02
1.372907255716882560e+02
1.291990316536773094e+02
1.339647248169219722e+02
1.332641096039146476e+02
1.266619675775423275e+02
1.267232537380196646e+02
1.377416654822274324e+02
1.431688173185060293e+02
1.301386024954647382e+02
1.385378159888574601e+02
1.369705319729893063e+02
1.210376381913908546e+02
1.388489631170433256e+02
1.235979469012062992e+02
1.311841147076490586e+02
1.337761788774511729e+02
1.394141311150664251e+02
1.115689312284463313e+02
1.434207865793173653e+02
1.399142685870066316e+02
1.377533058030562358e+02
1.143924245301688245e+02
1.325580094383670371e+02
1.267702423295272069e+02
1.289469474617815195e+02
1.220794997389140804e+02
1.265914703335708964e+02
1.330957208608520261e+02
1.344390746487080435e+02
1.397028769540827398e+02
1.291350539751651638e+02
1.387459060161828290e+02
1.323394828208099909e+02
1.333607514814881654e+02
1.218972765462425656e+02
1.364348638584006608e+02
1.214766559053097978e+02
1.194024534965943332e+02
1.327328164697168802e+02
1.235489209918214755e+02
1.334995243717091853e+02
1.375026910729105225e+02
1.375856742158564998e+02
1.307013490067977841e+02
1.335547496817191302e+02
1.267373258742314306e+02
1.220860236140291875e+02
1.339621761186830327e+02
1.328088625856603926e+02
1.388652659757174774e+02
1.295849689778500533e+02
1.335918415233947201e+02
1.281623682648600777e+02
1.121288949645379489e+02
1.300840405985259451e+02
1.185938722926020290e+02
1.178547333654046838e+02
1.303750208283367158e+02
1.197299537201656818e+02
9.771768699484212561e+01
1.420897917014851259e+02
1.330453277887771435e+02
1.418654936455693587e+02
1.106145468901195841e+02
1.260125034712806382e+02
1.234037839839825494e+02
1.156973347980285638e+02
1.305443225613826144e+02
1.165181447849967498e+02
1.267562819346771903e+02
1.212585846194552204e+02
1.252400810583648365e+02
1.129448848222857862e+02
1.182916552641717658e+02
1.242471682806670259e+02
1.241789955893742814e+02
1.344711522929008254e+02
1.313097358577250873e+02
1.280941835323225462e+02
1.195336199560885007e+02
1.232747379381471688e+02
1.314398855052938870e+02
1.179844847261539229e+02
1.356270050980182873e+02
1.216054383142777624e+02
1.197541834495536932e+02
1.189162722071969824e+02
1.325578145486174719e+02
1.251921194844156560e+02
1.108727216757343967e+02
1.250905161467779720e+02
1.252917325514602425e+02
1.276755450143411821e+02
1.126087403952553672e+02
1.292614459222168364e+02
1.222503391826613637e+02
1.203029533761180545e+02
1.194888295525065871e+02
1.352423691469545872e+02
1.262353619632523163e+02
1.316453171354752385e+02
1.322801184454050087e+02
1.254722911591077690e+02
1.293554448746890273e+02
1.232134717221109526e+02
1.386418248307017507e+02
1.113083449340635127e+02
1.344328016169909574e+02
1.224845107254045899e+02
1.344404001594581359e+02
1.227907658908753916e+02
1.323023683991059727e+02
1.229356922844963691e+02
1.295396825631286504e+02
1.137274683382610050e+02
1.130072361832077235e+02
1.200411643604897591e+02
1.215481689627375204e+02
1.316385536571899024e+02
1.217973690522933907e+02
1.174271130150672917e+02
1.145318202407745787e+02
1.296790995519543799e+02
1.362735402899521944e+02
1.249544114481979022e+02
1.169309426742167801e+02
1.251237046920805511e+02
1.352049328556713306e+02
1.331643800982039352e+02
1.255675014234260800e+02
1.118680052629221962e+02
1.160013566929105053e+02
1.265207621388521346e+02
1.358114238818334343e+02
1.230842239656530381e+02
1.282609800100552206e+02
1.282522324387265087e+02
1.260137677654085309e+02
1.233457211748515761e+02
1.165083566519446663e+02
1.288597505677245749e+02
1.201116841354691900e+02
1.337012242755344857e+02
1.256088031277261479e+02
1.333246080021476132e+02
1.349707380758806039e+02
1.237809467779391781e+02
1.317929284247566386e+02
1.247050943409477810e+02
1.204589117466261854e+02
1.303765501038871264e+02
1.081057188780361997e+02
1.246946798231082312e+02
1.268961013750518418e+02
1.326021213542786370e+02
1.277663573841474118e+02
1.220137802169547570e+02
1.170464280012267864e+02
1.193316219972232801e+02
1.093597851346241896e+02
1.086426054386722484e+02
1.262296616348229179e+02
1.228189229480663442e+02
1.221158656952994477e+02
1.162639837069320805e+02
1.328798496915445639e+02
1.233642443789975687e+02
1.286629387058037253e+02
1.070122455872143235e+02
1.244959546861676216e+02
1.275456770783000024e+02
1.241695158567196131e+02
1.258815243140108038e+02
1.224786179535916517e+02
1.173138165991829851e+02
1.189019786562261913e+02
1.219836831294964270e+02
1.361063432463415666e+02
1.284782878248656459e+02
1.123026142506460445e+02
1.192623268097944731e+02
1.256194253539272694e+02
1.332423909890712537e+02
1.280965728100543117e+02
1.319130668973788829e+02
1.169110650158223592e+02
1.323177891989407158e+02
1.106222105375813669e+02
1.334400378139430927e+02
1.284801791805708717e+02
1.218680487021395180e+02
1.247425758242314657e+02
1.222524313042239044e+02
1.243818732250492616e+02
1.188174083752098227e+02
1.179683693839727852e+02
1.237819797286663146e+02
1.219172911256039669e+02
1.232772209406378607e+02
1.283360136983747850e+02
1.045369614037121551e+02
1.261919316042695414e+02
1.224375256734283113e+02
1.254375277066083072e+02
1.397791776130968060e+02
1.235255786936198632e+02
1.215153940976520346e+02
1.324226796538129349e+02
1.214900877627544844e+02
1.160195115404297184e+02
1.218015538770948751e+02
1.218267634325891606e+02
1.203645245379392321e+02
1.234755017791639915e+02
1.362630943883055750e+02
1.295013409604699461e+02
1.214299953074603735e+02
1.339720641040341604e+02
1.197608056377569170e+02
1.225750625879730364e+02
1.319086307956988264e+02
1.252634288439100061e+02
1.281439518812932477e+02
1.073331196752196632e+02
1.248400649226371542e+02
1.178290405218071442e+02
1.175356953127201933e+02
1.304893963718663485e+02
1.213164722407919101e+02
1.214711355875012515e+02
1.212768051065348658e+02
1.238376286169589946e+02
1.133176165992003774e+02
1.251112433366197223e+02
1.315905074679018583e+02
1.136199122224290647e+02
1.173718213328731110e+02
1.231564798448826963e+02
1.339520125168139089e+02
1.186854297098017099e+02
1.291300919114627561e+02
1.185252690142486642e+02
1.226260659762395591e+02
1.243816937615454350e+02
1.234171988969887934e+02
1.282810288165176473e+02
1.255064474110296970e+02
1.260997060522310704e+02
1.175360958332997825e+02
1.161737620555657742e+02
1.325841574213355045e+02
1.219001240067831588e+02
1.217040535010501259e+02
1.313350093033050427e+02
1.208968210331918272e+02
1.200177997613854330e+02
1.154687834593776756e+02
1.169454727602645647e+02
1.105425066494295692e+02
1.358006545966313183e+02
1.053174087705383499e+02
1.220993875314946848e+02
1.319141537894117278e+02
1.282366936997082405e+02
1.277587199389967765e+02
1.163665065337686144e+02
1.213117967914412674e+02
1.334526964122945003e+02
1.160104098989278611e+02
1.184052716908966545e+02
1.176491035027089396e+02
1.211469001890468604e+02
1.200637003110027194e+02
1.218949712266615535e+02
1.116835759100010961e+02
1.098576530394144015e+02
1.219694116580680685e+02
1.190550167146629690e+02
1.198618662021047783e+02
1.178686440065125254e+02
1.254506754225430001e+02
1.191987141846587406e+02
1.180598479300032437e+02
1.241168184430478050e+02
1.188018421779519116e+02
1.044656738054255811e+02
1.161545251524156868e+02
1.146079490523280384e+02
1.197611876897030072e+02
1.047040801902951728e+02
1.161213538550490654e+02
1.173670559083288794e+02
1.230470435616700939e+02
1.214640106891041285e+02
1.221035826447483288e+02
1.293852568307497393e+02
1.298640960730069196e+02
1.208481025006838649e+02
1.197794537572722362e+02
1.148041484280139457e+02
1.343948141865478476e+02
1.247052100545800926e+02
1.200034751841244116e+02
1.289816294870765034e+02
1.260250811847611629e+02
1.161891876931450867e+02
1.127287935315590488e+02
1.151824892863060938e+02
1.109995318746260011e+02
1.173287664304596802e+02
1.221157214188904447e+02
1.185383291888770572e+02
1.147033204911969193e+02
1.147322141171587191e+02
1.071899999166949868e+02
1.248991072482120757e+02
1.095210147862359662e+02
1.177994288631795428e+02
1.225154436302450165e+02
1.115707039861632524e+02
1.196543328069494407e+02
1.129380496880840070e+02
1.277701615957945052e+02
1.256912423625199153e+02
1.020070811805995703e+02
1.155918505579900568e+02
1.237355388571212984e+02
1.221902613459924680e+02
1.255513652685107218e+02
1.243978275227577512e+02
1.128585661087106189e+02
1.139653363548835898e+02
1.150380413916105056e+02
1.207157450702595156e+02
1.180036107170185318e+02
1.156943888304707713e+02
1.136304597142847541e+02
1.138838812708420107e+02
1.225101781294086578e+02
1.167983863688898083e+02
1.138086997854558575e+02
1.198001479212068006e+02
1.253587787941458771e+02
1.147866026197664837e+02
1.208154394422362827e+02
1.243592946315651062e+02
1.260597245911258568e+02
1.227279251005331986e+02
1.243420605860567036e+02
1.193509258159823361e+02
1.193319693458636692e+02
1.136232105079475190e+02
1.235444667864042998e+02
1.228448175396541728e+02
1.162874745345752814e+02
1.115331944967728361e+02
1.064736834310856750e+02
1.188686864449916669e+02
1.112121882341843246e+02
1.122264715999802007e+02
1.144979779742031951e+02
1.071809588730561842e+02
1.219445864353937310e+02
1.164819604921445091e+02
1.169712807598556594e+02
1.170234445552157041e+02
1.201992703666085731e+02
1.190325267872211015e+02
1.270348103757018805e+02
1.181649509947446717e+02
1.241041293849946925e+02
1.218595654242293875e+02
1.254434465254735613e+02
1.225636123914601683e+02
1.149824021834987207e+02
1.205637732823366264e+02
1.208775039084369780e+02
1.259556729864562783e+02
1.148088379517197097e+02
1.137276022517574603e+02
1.128567340174720925e+02
1.167544062858647465e+02
1.150951656758056032e+02
1.193504242401911313e+02
1.224125982306213984e+02
1.232720404401741945e+02
1.295757188476214026e+02
1.196389962026452025e+02
1.120214572625164067e+02
1.220014160182152807e+02
1.157731600570660220e+02
1.076829731775380026e+02
1.143792183794025306e+02
1.249773478099431259e+02
1.103000549444834917e+02
1.170610449717915742e+02
1.092006316939969111e+02
1.170246535873492064e+02
1.152712320444844352e+02
1.180418706022241082e+02
1.199217384767261620e+02
1.015395409836277594e+02
1.126612092322735634e+02
1.115715547584539991e+02
1.093467644911572876e+02
1.217375153300552029e+02
1.208126545584852067e+02
1.139657218059488173e+02
1.147461984158995136e+02
1.161733742082434730e+02
1.147354001518507829e+02
1.183041924003294412e+02
1.175482853662556977e+02
1.083946555547244941e+02
1.191519577340102813e+02
1.120208030293664621e+02
1.151349840263127078e+02
1.212504224328816633e+02
1.193616979615442375e+02
1.220430875467376239e+02
1.197268469712189045e+02
1.117431869945587550e+02
1.136209431466448621e+02
1.137582074404654975e+02
1.134648148906401275e+02
1.189723626976324198e+02
1.179535869842074334e+02
1.198921173375098874e+02
1.156346992918031447e+02
1.183018084207197660e+02
1.188575339936389668e+02
1.092543134315707221e+02
1.172661874516270331e+02
1.221342275468346230e+02
1.238574576678562096e+02
1.228008726945968050e+02
1.159554335943027610e+02
1.175265384865204510e+02
1.174120912700683874e+02
1.112610765546852747e+02
1.211753409477302910e+02
1.224420843479259560e+02
1.210503359128037175e+02
1.178968824506779356e+02
1.174325235948617916e+02
1.156375680352409745e+02
1.081179468826525749e+02
1.258793799953525649e+02
1.220482885758934515e+02
1.238458376648982693e+02
1.119133697254162882e+02
1.150436094287114912e+02
1.186314151673055619e+02
1.201017362910904325e+02
1.091804618894184529e+02
1.145547745489494105e+02
1.107156370233628593e+02
1.160114645314303061e+02
1.170138043491348014e+02
1.133277551824305078e+02
1.170634498286867569e+02
1.265382433890552676e+02
1.121647184879770833e+02
1.227569043387225918e+02
1.135594949647377518e+02
1.105501997265641165e+02
1.112852665274610757e+02
1.145165918899219122e+02
1.214212524398026289e+02
1.147840807181243719e+02
1.190968579204272828e+02
1.139671204333741201e+02
1.177590763629918484e+02
1.261256643860007074e+02
1.156926385372736661e+02
1.131326396026060905e+02
1.112048368117374366e+02
1.121837972034825128e+02
1.078191894818391035e+02
1.226771469651162505e+02
1.149003367431436118e+02
1.209146368064513695e+02
1.145335675744667441e+02
1.193197461688802292e+02
1.201350448477805344e+02
1.168023593123470505e+02
1.117812725991759066e+02
1.206065305784525208e+02
1.151618594638116519e+02
1.115431814946301898e+02
1.136777333888020962e+02
1.182355460948677148e+02
1.107164082827382714e+02
1.121024457049807381e+02
1.152324013412327020e+02
1.094560592475898062e+02
1.091477659772311455e+02
1.139099404842028633e+02
1.151304449279777060e+02
1.214064530530027213e+02
1.126675976394920156e+02
1.109179021642731300e+02
1.084459188103265461e+02
1.105716594367296040e+02
1.072482379089203732e+02
1.183077506826352732e+02
1.141948986527244045e+02
1.125848800666873331e+02
1.191945957531168858e+02
1.104278889952944098e+02
1.169844591342964009e+02
1.162367737335119955e+02
1.186102543084701750e+02
1.120892178568913664e+02
1.207195404421339049e+02
1.135955795390777325e+02
1.160407720684590345e+02
1.170990439350868115e+02
1.203135155918931503e+02
1.131942147092118489e+02
1.178113964714082584e+02
1.056753900867559111e+02
1.068618426346382364e+02
1.202756488023946559e+02
1.082693940963285826e+02
1.117536865074820014e+02
1.168789634081795867e+02
1.091661315785074464e+02
1.175644219009603688e+02
1.129959599013551070e+02
1.143784363969967188e+02
1.235217291022507737e+02
1.126635000158071165e+02
1.107819843824458843e+02
1.160717025861536627e+02
1.167569954285918215e+02
1.136387500155327501e+02
1.197507643727583115e+02
1.141167514798638223e+02
1.108726931590116038e+02
1.116515068272958473e+02
1.135447416208918554e+02
1.125197270322409366e+02
1.073464431467555045e+02
1.079866916647143285e+02
1.232596861308053207e+02
1.200257632004673525e+02
1.137298837661972044e+02
1.193248686746137253e+02
1.134507031878322181e+02
1.154509363407696867e+02
1.195933621809808614e+02
1.163197330203674085e+02
1.111346284592134310e+02
1.152546914105500662e+02
1.117345938501042610e+02
1.166858127112727885e+02
1.132856513468624371e+02
1.134859932816256958e+02
1.150113744759434837e+02
1.159191968977523999e+02
1.149393708589573606e+02
1.171957198669869769e+02
1.113359397640622177e+02
1.180339133537434719e+02
1.095741327956120017e+02
1.103621059169897762e+02
1.043493189557212730e+02
1.159227115997888689e+02
1.117582729217838278e+02
1.146664513647951935e+02
1.094058144546131928e+02
1.162173704230057609e+02
1.114343909283331016e+02
1.106245124588554631e+02
1.129650850977437671e+02
1.074160455865373791e+02
1.138905511732191513e+02
1.148611525029313327e+02
1.102152530337050678e+02
1.106929776425594127e+02
1.076011380490298137e+02
1.159519320810426564e+02
1.074417590381760874e+02
1.054955317964237622e+02
1.049898790544976919e+02
1.125540500675829634e+02
1.099327574614054441e+02
1.144165533643935078e+02
1.105961414996204439e+02
1.200865381952249180e+02
1.125052767227019785e+02
1.129279136335957503e+02
1.150569024973767540e+02
1.171232081587472038e+02
1.141211644565054257e+02
1.121706180329871074e+02
1.101564250354339123e+02
1.104479667044630844e+02
1.143788615140715166e+02
1.133795417188556911e+02
1.159168391167115573e+02
1.089933023782747341e+02
1.068732025202686771e+02
1.091718435269324772e+02
1.118713447693207002e+02
1.125517255681312605e+02
1.107279589083621829e+02
1.071686319249070749e+02
1.158649806155518718e+02
1.128285975192272304e+02
1.078764152195681021e+02
1.047222251796082730e+02
1.133559815209852104e+02
1.082328244603703808e+02
1.080886316692228348e+02
1.059707664939778482e+02
1.083294282894840848e+02
1.135658530299666751e+02
1.105339686962538650e+02
1.066035479913447972e+02
1.063918315458847275e+02
1.072051027668835701e+02
1.086887357942203778e+02
1.078469887070021969e+02
1.044690582358323780e+02
1.077265889036250712e+02
1.089706606343049913e+02
1.047807810524074199e+02
1.123525125846160932e+02
1.068997949422771967e+02
1.001215921335762289e+02
1.111302772454421159e+02
1.119838404039942503e+02
1.067111054092244871e+02
1.110224407137200018e+02
1.102974309864459173e+02
1.073371213749335595e+02
1.119253608962297761e+02
1.096194372934974979e+02
9.947305180569324534e+01
1.030626138376290442e+02
1.084543169691274613e+02
1.080159415359993176e+02
1.019098448912300796e+02
1.035863781801844965e+02
1.091659599269528513e+02
1.041697124816386690e+02
1.079901477565451415e+02
1.024848884747032116e+02
1.021320186399182575e+02
1.084127632822840610e+02
1.077966154630035476e+02
1.070180299146006035e+02
1.001543616747549663e+02
1.033339971004217830e+02
1.055020111689658933e+02
9.735714468260670174e+01
9.920582704352348458e+01
9.807783238502362622e+01
9.321493388754358023e+01
8.771616222431910614e+01
8.678869929507743564e+01
8.796240933584316224e+01
7.843109154945929617e+01
7.769568080884870653e+01
7.575297400448404517e+01
7.766709960678905134e+01
6.896822761332589380e+01
6.775922889514299641e+01
6.249675678115418265e+01
4.390417079124548394e+01
5.379470297879469598e+01
5.695223848708381809e+01
4.791102565876504826e+01
5.212477351261281910e+01
4.955919986493674401e+01
4.358577735853043578e+01
4.699806152951348537e+01
4.723226068734256700e+01
4.310801009733703637e+01
5.078368415751465648e+01
4.821093112358244781e+01
4.865655541242168169e+01
4.897305282378508196e+01
4.600229581137137558e+01
4.945700240132356384e+01
4.496512854665535741e+01
4.808045728377980055e+01
5.099852589018982485e+01
4.611335846924457371e+01
5.066352147887881330e+01
4.874264881865529020e+01
4.601721616197566078e+01
4.835808376988812540e+01
4.728116684609835829e+01
4.578594965365162039e+01
5.228449980745698866e+01
5.152423275985940165e+01
4.785114006676926124e+01
4.732658568490328577e+01
4.905663927906112320e+01
4.835794956139034184e+01
4.860312998227060177e+01
4.396669216098547395e+01
4.721551129742685049e+01
4.315627059985341418e+01
4.686001129259025788e+01
4.843642049296227725e+01
4.698106154173495241e+01
4.936685074941215845e+01
5.052069457401014319e+01
4.269659295320337833e+01
4.274122952913187135e+01
4.630028563392028218e+01
4.721237052089839636e+01
5.030144897734165710e+01
4.828029774221371184e+01
4.179052071176100469e+01
4.717265509723856098e+01
4.734889647184299122e+01
4.927056921314633797e+01
4.405276679700524767e+01
4.477342164135735914e+01
4.712537540109025969e+01
4.593886959570460249e+01
4.765780220245618182e+01
4.416984713911773497e+01
4.855876116888622107e+01
5.026254199836095182e+01
4.740262588507167862e+01
4.845157169262012076e+01
4.812543755046612404e+01
4.560666125172601681e+01
4.200488908168774316e+01
4.743540003437089325e+01
4.414121893268507080e+01
5.251362041472588515e+01
4.582368960666564561e+01
4.450113082492323713e+01
4.791928008820924134e+01
4.958205486689475094e+01
4.585544651081867329e+01
4.579338361485889664e+01
4.531120288942803143e+01
4.533035210123731673e+01
4.549295895563955128e+01
4.951650595808489186e+01
5.062418447689459100e+01
4.861067176638664478e+01
4.618910446288198557e+01
4.913748497763319278e+01
5.050243635625471228e+01
4.699325851170885926e+01
4.800689555019793886e+01
4.234331655538048977e+01
5.005671451814139061e+01
4.766784617216217157e+01
4.682578861419405314e+01
4.433870300092360139e+01
4.962874599907466688e+01
5.051309761093152417e+01
4.773973865435237940e+01
4.575380346716849544e+01
4.932560332414065130e+01
4.877584410284576677e+01
4.767991993160563879e+01
