4.576033156267890263e+02
3.194834808514507358e+02
2.573149764413448679e+02
2.090008058645240681e+02
1.907153113086518488e+02
2.037803986688486759e+02
1.769151854166656790e+02
1.773551527054365806e+02
1.519402136944262338e+02
1.278875530105052860e+02
1.185732813097974088e+02
1.263094641087499497e+02
1.150229618278620762e+02
1.096313654073961459e+02
9.214181227013108355e+01
7.444362725488102228e+01
6.025121461904501530e+01
6.571915754749542771e+01
5.861715030691030393e+01
5.967529430776329491e+01
4.617120263266161828e+01
5.160547639644394735e+01
4.823724199675726254e+01
5.146727801119129708e+01
5.104467097704701928e+01
5.047037180557117608e+01
4.555340958669074780e+01
4.257194256659033726e+01
5.191900717202662463e+01
4.443864384387535438e+01
5.274075530480448037e+01
4.748929471939081282e+01
5.183368412070052500e+01
5.424024794270056304e+01
5.398931787014643646e+01
5.628783449669703032e+01
5.308881127610334261e+01
5.013387089989160472e+01
5.535603025957175305e+01
5.401041883291492240e+01
5.385945101035738958e+01
4.229021762696646647e+01
4.805318968844676419e+01
5.405518657639771618e+01
5.313091305665594177e+01
4.803707494264381239e+01
4.596819932233225359e+01
4.270197082009872247e+01
5.537502665290179493e+01
5.628137743748408184e+01
4.795055496578731891e+01
4.943134305915916116e+01
4.284476672934624730e+01
5.237821180926113129e+01
4.828992293923141688e+01
5.599627332485903253e+01
5.698296849596925995e+01
4.622245328546992482e+01
5.319915952253711566e+01
5.073351300289897381e+01
5.584544193819542102e+01
5.340341786824944847e+01
5.393101311593977698e+01
5.520806263514711532e+01
4.524879296236488813e+01
4.702013031738545124e+01
5.310777703208304956e+01
5.211652189122878553e+01
5.232612927779646839e+01
4.922866266017427961e+01
5.517765140924916523e+01
4.541732733168549885e+01
4.345806129171978682e+01
4.609673331929013784e+01
4.468951532600493692e+01
4.360568982505344593e+01
5.019978886650886807e+01
4.085000093889914297e+01
4.707204773829900546e+01
4.125381123503086656e+01
4.567279573646479207e+01
4.740343720648422732e+01
5.438152267161302689e+01
4.445325860838960352e+01
4.802026934325266438e+01
5.234461753030788600e+01
3.625843089205471870e+01
3.792087693049592190e+01
5.186353305221305732e+01
3.891501068156594556e+01
4.964250080313064473e+01
5.239944208491263566e+01
5.447210605028598707e+01
5.682877169447328924e+01
5.206846065167968618e+01
5.236159596009247252e+01
4.492729747745616464e+01
4.903069687745690430e+01
5.160730810791773138e+01
5.514627669906687402e+01
5.397659715036951411e+01
4.822968679799055280e+01
3.214853749805968164e+01
5.050175944477169310e+01
5.060693782567400945e+01
4.639393676331155802e+01
4.042493458220769753e+01
5.208313191831351219e+01
4.926504325090812131e+01
5.686612423814773365e+01
5.553600704626001061e+01
5.584442615485323813e+01
4.434348183601568394e+01
5.114612901474177420e+01
4.527407434231903949e+01
5.120168111298295344e+01
4.978259295225109327e+01
5.095980033339071724e+01
4.897567733407325363e+01
5.256680089493636387e+01
4.793481993675536046e+01
4.869402381695135773e+01
4.932840773988255023e+01
5.456328321333239728e+01
5.698267399916164777e+01
5.132568148825191656e+01
5.205857093931174973e+01
4.779850034650729640e+01
4.566373678289684790e+01
5.031268783908362252e+01
5.682667368536044705e+01
5.045300499944190165e+01
4.844928542639894431e+01
5.189822117299968340e+01
3.515148840957459697e+01
5.621556036130948542e+01
5.715550025227923925e+01
5.199632642244728231e+01
5.592446403812138556e+01
4.752434500241002979e+01
4.830117622398600474e+01
4.962995926030990290e+01
5.032756618638501322e+01
4.657471794523235076e+01
4.613327190125437482e+01
4.960704423426219023e+01
5.491745576004242935e+01
5.445591904859233523e+01
4.566052126092253616e+01
4.957387485150414363e+01
4.543783650656712325e+01
4.956596306555783826e+01
4.727490665608900144e+01
4.992007897046809717e+01
5.207856928004613906e+01
4.722641661243818589e+01
4.448280616735345916e+01
5.012409328572147160e+01
5.140527037380306297e+01
5.524670188944145366e+01
5.555838607810895269e+01
5.174424175620413280e+01
6.002311072136285475e+01
5.875918131327361493e+01
5.176781313985563315e+01
4.625947290211794893e+01
5.839421917523378625e+01
5.508046514914272507e+01
4.690320699660594528e+01
4.333287536948137131e+01
5.150702819758450346e+01
4.148311526000026106e+01
4.763278331009811950e+01
5.131619809611271421e+01
4.539611422188707479e+01
5.308679503301115687e+01
5.313868667636737086e+01
4.579980273265411483e+01
4.680640542331170195e+01
5.393827540793046182e+01
5.483027312608385273e+01
4.929155021784791302e+01
5.399734368438259935e+01
5.279121050377102620e+01
5.536081526686885468e+01
5.034000489193013550e+01
4.925405601597813643e+01
4.633880676160143253e+01
5.041856700718025763e+01
5.315453102406047492e+01
4.436490508962577906e+01
5.024385136687703834e+01
5.089949150267426603e+01
4.721682590266530610e+01
5.334207956856380406e+01
5.528497006057403951e+01
5.055202501177672048e+01
3.889695473032486461e+01
5.421712651787595405e+01
5.038457809836094725e+01
4.007132051251386429e+01
5.299552725301384726e+01
5.069266696485001944e+01
4.793410619172286147e+01
5.335710357601374199e+01
4.788767815639036485e+01
4.643265966687229707e+01
4.552816944381433473e+01
5.487501564891149997e+01
5.059679893408326734e+01
4.993493480705262755e+01
4.578514593114655895e+01
4.679442532551024669e+01
4.489159817636453909e+01
4.511129468102774354e+01
5.159014833289404578e+01
4.184972350388255791e+01
4.440623466200739244e+01
4.779655707611698290e+01
5.375639534478773385e+01
4.169605505127162814e+01
4.406657028710949930e+01
5.147820435388038618e+01
4.717964220060477487e+01
5.178221430470645714e+01
3.934488739989842543e+01
4.804028157325089410e+01
5.003648753251690096e+01
5.374822370792810489e+01
5.251062729479176028e+01
4.313634157071783193e+01
5.572663629820479514e+01
5.211185140863679521e+01
5.281503731500220056e+01
5.696318348147872257e+01
5.454085116202526251e+01
4.379550027536134849e+01
4.762928230173588418e+01
5.419870285722751646e+01
4.762713623274308361e+01
4.468816526582972415e+01
5.143017415192360886e+01
5.236318275086961194e+01
5.586661556811992568e+01
5.785481955164172518e+01
5.121035779679559141e+01
5.331030588758741828e+01
4.989045940634531462e+01
3.944112612092874315e+01
4.934102090671615315e+01
6.109697437480232907e+01
4.941873437771718613e+01
5.251935053792274744e+01
4.694969155746619549e+01
4.708319736304346748e+01
4.227742089418291016e+01
5.483276701895113092e+01
3.932778717904182031e+01
5.550360977310646149e+01
4.234486645506456171e+01
4.557587501033046351e+01
4.969939879386959092e+01
4.164861760835998439e+01
4.515143676573541143e+01
6.072323971013167920e+01
5.446428429059815812e+01
5.366608812018205299e+01
4.889407342218538588e+01
4.536626267483808306e+01
4.885751794533848624e+01
4.906228586935316116e+01
4.781167605279526356e+01
4.671999817719813564e+01
4.527748206080474347e+01
5.066469417706053946e+01
4.323649892435349784e+01
4.861265401333565705e+01
5.083439769155194199e+01
4.374177428496335551e+01
5.268881500823374608e+01
4.974361815047910795e+01
4.154105083120157360e+01
3.950770632786407077e+01
5.452960103158338256e+01
4.957928493488634558e+01
4.927836744029335136e+01
4.953565231637034572e+01
4.600844775510788054e+01
4.752831688378145714e+01
3.957784224060702627e+01
5.651912989837151713e+01
5.110681067634715191e+01
5.175985998358990514e+01
4.681914322442554521e+01
5.490063447560174836e+01
5.532808031680312411e+01
5.307772394798016080e+01
3.646853544217304943e+01
4.984785996459166313e+01
5.459805511620510288e+01
5.687131200008397514e+01
5.501036091105228820e+01
5.355626536600772170e+01
5.483575684432537400e+01
5.306495075718623866e+01
5.501846319259124130e+01
5.384397127110287329e+01
4.883047427713762545e+01
5.439600775320366211e+01
3.513437818919328492e+01
4.577624253437545576e+01
4.875583072823923203e+01
5.336796021431692338e+01
5.529025890960650713e+01
4.725227047315999584e+01
4.839126767219153180e+01
5.424450008066941109e+01
5.256269348346120296e+01
4.203032367834669003e+01
5.380431802760367077e+01
5.366758777761094734e+01
5.818891964141499784e+01
5.507183855289599705e+01
5.137977823732299498e+01
5.537839369464896322e+01
4.207275583322683588e+01
5.534856988895884911e+01
4.390761827582133492e+01
5.606208048201958150e+01
5.475009532492740050e+01
4.349526404256062051e+01
5.083027091048498392e+01
4.955793290296441000e+01
4.551634438663410265e+01
5.392495663702180764e+01
4.491009024700724694e+01
5.173576599674143495e+01
5.852722582881293079e+01
4.907160354768348043e+01
4.668963730122294464e+01
5.028864765355734789e+01
4.698079895359489910e+01
4.640897215868002945e+01
5.176438838750013360e+01
5.283698945908446376e+01
5.117179274858372651e+01
4.384341612427982682e+01
4.914915094966505649e+01
5.438208321791088906e+01
4.234491911024423416e+01
4.730264504598571307e+01
4.944678377120641244e+01
5.041765470652609338e+01
4.536767857338665522e+01
4.917859586651204040e+01
4.830541573890823770e+01
5.196211596453471770e+01
5.141244908856009488e+01
4.498458135427861748e+01
5.313596992521530638e+01
4.706203190791501356e+01
4.280693727968065332e+01
3.619936417928045103e+01
5.324682560549265986e+01
3.946858957821154945e+01
3.809978435570678812e+01
5.478105665235523247e+01
5.004002197108979999e+01
5.032584426366975094e+01
4.985696960965043445e+01
5.443927562720750757e+01
5.347258672741276087e+01
4.706427061005902601e+01
5.199921719421686817e+01
4.805396163942432963e+01
4.420867980256676333e+01
4.883442600109827936e+01
4.545864162660623720e+01
5.129612767696102082e+01
5.123659855894391058e+01
5.076533511897855533e+01
5.243440982117417093e+01
5.676984037044610432e+01
4.561700930957809419e+01
4.154081454313194399e+01
4.481722089297741718e+01
4.178251388640796904e+01
5.307975309015597531e+01
5.153757504475464657e+01
4.926606917594710922e+01
4.959720507281741675e+01
5.245219716035012425e+01
4.016638786012413220e+01
3.953505127390877760e+01
5.074002517798922440e+01
5.593608986799458194e+01
4.556654197569895359e+01
5.227526107545645573e+01
4.972401960753421690e+01
5.330497038191384718e+01
5.236617032101625568e+01
4.971842022479120260e+01
5.314849026810506416e+01
5.625223158613260921e+01
5.065488885274646691e+01
4.912265779420374656e+01
5.483972488094551068e+01
5.577880350655675556e+01
5.302982822104635829e+01
4.753263269569777094e+01
5.078708038357839882e+01
5.225458492075529193e+01
5.555933412837799779e+01
5.249664661018741185e+01
4.432849699337634775e+01
4.792444944856359257e+01
5.847371313483077415e+01
5.181161268317629265e+01
5.422832798246599850e+01
5.714036480846547761e+01
5.449873789007062896e+01
4.713009258701288218e+01
4.014602042979652197e+01
4.880774279349930111e+01
5.516741431861075284e+01
4.504880004402821214e+01
4.566734284013705292e+01
5.416725937151832682e+01
4.185710145157776196e+01
4.774884997310513768e+01
4.622999208844080954e+01
4.793536168111427287e+01
5.178828316516589325e+01
5.486128851246766658e+01
5.460518812158986179e+01
4.480761911459552493e+01
5.649349175872805517e+01
5.992498792313818967e+01
4.763795078676361072e+01
5.275895452043977230e+01
4.886735847116347031e+01
5.738960700287918826e+01
4.572565018918197666e+01
4.854396767145016156e+01
4.768940467981519760e+01
4.785644082070811578e+01
5.348871162692481107e+01
4.186402246165278029e+01
5.193938037061653290e+01
4.890439106410070735e+01
5.424412012092616919e+01
4.960344193882369268e+01
5.002692409999608003e+01
4.386244562090826093e+01
5.871474031844573460e+01
5.351834334517062075e+01
5.150542449449409332e+01
4.388348843158001955e+01
5.102332691602262571e+01
4.967109296154183085e+01
5.316956934248003108e+01
5.273023066930034020e+01
4.926790185492870933e+01
4.703022355939293675e+01
4.916437851684216298e+01
4.936625894227421441e+01
5.340141038582609667e+01
3.848012541289165256e+01
5.316951182362785744e+01
5.095034126501624883e+01
5.012308546361560957e+01
5.034770976565894784e+01
4.584430789066450984e+01
4.129414706379031941e+01
5.552701360304624245e+01
5.233202823883931387e+01
5.310653497548423729e+01
5.927983215862619204e+01
5.219263891883471729e+01
5.069806462937430069e+01
4.996267224341647761e+01
5.886689343455776680e+01
4.850836552712493699e+01
4.767083875035643814e+01
5.407493043035836422e+01
3.931902087058341522e+01
4.508733885358651605e+01
5.341707395817206816e+01
5.176732502329585373e+01
4.993126575950128654e+01
4.939307981426412653e+01
5.277366266820214946e+01
4.293230312578435814e+01
5.153590654067167520e+01
5.146457207601173423e+01
5.869913279080694224e+01
4.835434528238332064e+01
3.917235975604535270e+01
5.684864028689872839e+01
5.455096658973201329e+01
5.315564206108638245e+01
5.150687075513528157e+01
4.638883589823987563e+01
5.090780482468093737e+01
5.131446549755844444e+01
5.190582601042578403e+01
4.620927127816023017e+01
4.808370744798310170e+01
5.424328018845523047e+01
5.693009957551439015e+01
5.788426780210787115e+01
5.389471276873814531e+01
5.354819848458274123e+01
5.507888831495381510e+01
5.079748748861729268e+01
4.716527833077935838e+01
4.713471926715274662e+01
5.111986182931349276e+01
5.670238481761148819e+01
4.801386734009494717e+01
5.233584393951838365e+01
5.170486139830467209e+01
5.156475349391232044e+01
5.085691958807490209e+01
5.143353364212859447e+01
4.206072998676347652e+01
5.337648095709249674e+01
4.906538458452726559e+01
5.314407372738060076e+01
4.078383992619200171e+01
5.540336054776355468e+01
5.600537987334874401e+01
5.500595406314678826e+01
4.983705159169892340e+01
5.009758998198790891e+01
5.705161066975131234e+01
5.437191128183656019e+01
5.381535472091917427e+01
5.142273834816748490e+01
5.867041439424139071e+01
5.621005985413677308e+01
4.138909872587117889e+01
4.193173859959216543e+01
5.034034518751445830e+01
4.926170469357481352e+01
5.316758071362173155e+01
4.722451169497716705e+01
5.002756463265620823e+01
5.931652923141618317e+01
4.496231891184979190e+01
4.986791586266417653e+01
5.120621387631163657e+01
5.641554174499907504e+01
4.910183849788174371e+01
5.221404836714975772e+01
5.072750836316293999e+01
5.075891899951557207e+01
5.007597616642848948e+01
5.781775360760221361e+01
5.423169610029125920e+01
4.937488517087007267e+01
4.808179913523480309e+01
4.616933479832738385e+01
5.425073241956212655e+01
4.143975862122556464e+01
4.900498939715134838e+01
4.422949536154484917e+01
4.789540870432759334e+01
4.925415792828243866e+01
5.304091320554499589e+01
4.402220061893950742e+01
5.935273091324731354e+01
5.197220387342505887e+01
4.465140771959170252e+01
5.203748477023572150e+01
5.253896780467519534e+01
5.730323849563089311e+01
5.393451357319079875e+01
5.765159701125153902e+01
4.357963346993551568e+01
4.716172885406760429e+01
5.145907044515732309e+01
5.479826923508676373e+01
5.293093370497504679e+01
5.018453223898956139e+01
4.682757493259441617e+01
5.622255945447020054e+01
4.269734050409306292e+01
4.596230727295380802e+01
5.420157223743578356e+01
4.519352239059716680e+01
4.986762666253201814e+01
5.012029261626551602e+01
5.283581814634234775e+01
4.500698725836502945e+01
5.403312674546111793e+01
4.549138852137815547e+01
4.779730496607223245e+01
5.054077076352675135e+01
5.561455590560422024e+01
4.732597481247174187e+01
5.200113107328544970e+01
4.781837970058043652e+01
5.311969437161070573e+01
5.193828759126327554e+01
3.814919562051193225e+01
4.896699932741745442e+01
4.950749466589709868e+01
4.743650072503746173e+01
4.803517566812712403e+01
5.218875224010665193e+01
5.102373001621083404e+01
5.054472690932385603e+01
4.515217775581695037e+01
4.132845433215823050e+01
5.268302141560542395e+01
4.464816354552738176e+01
4.857042043958986710e+01
5.519558688594563023e+01
6.010224828353793214e+01
5.086459098343553364e+01
4.730484796070194875e+01
4.420995478323624184e+01
5.313254052662665572e+01
5.842290426539398140e+01
5.577213111288642722e+01
6.066173207746754770e+01
5.544012744858062547e+01
4.819691021656271346e+01
4.869248391578608448e+01
5.218378606698703948e+01
4.115662212148299659e+01
5.254930274512014421e+01
4.573608461830102101e+01
4.857083863896738762e+01
4.954150805291550341e+01
5.311085526552290048e+01
5.162287561783404044e+01
4.559521968738212649e+01
5.239632151933173532e+01
4.558367169406082553e+01
5.637640836749091022e+01
5.277868138236618734e+01
5.576089606568157819e+01
4.673626492354722473e+01
5.090349128844854931e+01
5.089411209098574318e+01
5.029513494954841235e+01
4.697121143920065833e+01
5.608193163830122785e+01
4.733930278420675108e+01
4.906686224725143575e+01
6.289028844033850874e+01
5.382106221921651468e+01
5.348258198745190839e+01
5.928567394545657976e+01
3.931619538149510618e+01
5.428537969000103658e+01
4.814136388973307135e+01
4.075236335120371223e+01
5.116832385587514409e+01
5.681763190904462135e+01
5.348017586445297411e+01
4.943090584005892651e+01
4.767022154462236472e+01
5.583987506489518182e+01
5.072912890194592705e+01
4.949905981077895945e+01
4.998555141070121977e+01
5.369200042640079573e+01
4.100878837222370521e+01
4.989277250959591470e+01
5.245958857168648137e+01
4.996520188265614593e+01
5.304005268090034519e+01
5.430740633348730739e+01
5.241831118425906766e+01
5.555652371864925954e+01
4.214626046943749316e+01
5.443258720172568133e+01
4.489300134585064939e+01
4.922167215494630454e+01
3.987179700689523543e+01
4.757793917667723349e+01
5.044089034035479813e+01
5.202682886421243325e+01
4.546573005663913136e+01
5.345071410793318023e+01
4.182356903471492160e+01
5.201785701223349179e+01
6.117386893275300963e+01
4.844823108320554184e+01
4.272597293700545151e+01
5.624892579920336289e+01
5.062637991675433113e+01
4.643721712295234738e+01
5.099473937339186591e+01
5.183748264751551460e+01
4.060832434530396995e+01
5.204049018004764093e+01
5.742821274913367802e+01
4.203625845477131406e+01
4.982066242436189896e+01
5.634314958852078803e+01
5.646464690056959057e+01
5.054648782466830426e+01
5.100965932194083052e+01
5.876318217733387428e+01
4.995781206353331072e+01
5.716960217719491766e+01
4.711708014649914844e+01
5.108814116747814182e+01
5.667103048374789864e+01
4.982356568298379784e+01
4.501978982848658006e+01
4.690884429234571940e+01
5.334930225604301768e+01
5.101808275261242898e+01
3.880694030098317171e+01
4.309327416791728638e+01
5.178199704370123868e+01
5.747216660052475845e+01
4.277067910434186615e+01
5.027301875362255146e+01
5.389529684865615877e+01
3.950475957124302795e+01
4.426381058594972728e+01
5.640154895101468924e+01
4.908723183100357801e+01
5.236531583212516239e+01
5.408108266791373353e+01
5.549913092311976470e+01
4.455219791664745799e+01
4.915011464673352748e+01
5.299602637534724181e+01
4.906807871063159610e+01
4.599309073465329334e+01
5.335372487948322373e+01
5.218115716341944221e+01
4.614253624258617492e+01
4.178190520624326609e+01
5.272293988834567813e+01
4.768765730294441596e+01
5.863719762347929532e+01
4.708381419054447292e+01
5.169806067338612365e+01
5.475127744994185264e+01
4.945614251003308937e+01
6.036319012473020962e+01
4.865204655581868565e+01
4.907222157212976299e+01
4.727802512626200837e+01
5.157637491778018557e+01
5.234577637885615786e+01
4.052658952954590177e+01
4.573508737932613144e+01
4.308635451229832825e+01
4.968553289588120947e+01
4.739264623285876610e+01
5.225385906327750263e+01
5.600998534155519337e+01
4.978211134082536660e+01
5.160447420501125748e+01
4.991835287096415641e+01
4.866765716452354695e+01
4.586734843254086513e+01
4.882806955897638090e+01
4.552864780564269154e+01
5.432729090156351504e+01
4.445179432323408264e+01
5.278644131643491733e+01
5.600393214589399804e+01
5.191391159839972147e+01
5.408523897649831724e+01
5.118140072273533292e+01
5.370997733487658365e+01
4.085832878589781103e+01
4.993049405790196715e+01
3.970402544002064360e+01
5.081795855909237503e+01
4.180015598015256728e+01
4.819847629294270064e+01
4.621327931617113904e+01
3.520763196505100723e+01
4.232317341188081627e+01
4.982191351549144542e+01
5.034306348151449129e+01
5.192529080441892120e+01
5.368953516767894030e+01
5.302890260922384869e+01
5.438929815955415847e+01
4.893312109750070249e+01
4.462259648728246475e+01
5.341795488284179783e+01
4.435094305163349304e+01
5.441642726893854842e+01
5.854244645970766214e+01
4.578098124984273909e+01
4.432527176534682667e+01
5.469019835018818299e+01
5.435249575729073968e+01
5.119133666349256373e+01
5.420922434572565862e+01
4.917312870790593138e+01
4.573299597980044950e+01
4.809206268952456753e+01
5.022467813826671090e+01
5.705211691318532985e+01
5.305369954543630229e+01
5.087504333961217640e+01
4.983995637663849720e+01
4.741354292763895728e+01
5.030264371727423622e+01
5.417238327321933866e+01
5.362056711134781040e+01
5.714714327893372570e+01
5.228955276227435434e+01
4.977543483894416454e+01
5.206259235124014140e+01
5.372295264836284900e+01
4.987129471261363278e+01
4.633007451037997271e+01
4.029341870836913131e+01
5.397164836454382453e+01
5.570821142883710309e+01
5.211107570344825035e+01
5.281511937429647219e+01
5.634614810440092469e+01
4.126495346301135214e+01
5.444225240683749689e+01
5.164508365396369527e+01
4.777125349651555553e+01
4.078111244730143881e+01
4.975352601832645405e+01
5.161617811727919047e+01
4.985130493424372844e+01
4.338881742569475364e+01
5.403349859380742259e+01
4.763596679269423362e+01
4.256524648842389524e+01
5.053518512262482432e+01
4.711436826564698777e+01
5.174900129312470654e+01
4.407550765069680665e+01
5.103919441311344940e+01
5.636046677967758001e+01
5.138566541688183520e+01
4.991389460505246234e+01
5.464842588069137719e+01
4.961304040280316485e+01
4.723976226714688664e+01
5.561534768291423347e+01
4.905950000760557828e+01
4.740778802177203488e+01
5.031160910225639782e+01
5.351766059389956354e+01
5.210579263173880804e+01
5.556032551603692582e+01
5.454780870458540676e+01
5.551752178074195854e+01
5.077541426116599155e+01
5.308745369221705346e+01
5.387519476697974596e+01
4.874993104459881010e+01
3.876164795669200203e+01
5.463719257305990595e+01
5.607551254755770742e+01
5.239234593882969193e+01
4.747664787580364987e+01
5.287600219689520031e+01
4.869263671846607622e+01
5.953916218961697382e+01
4.427625114468085599e+01
4.634191682349310781e+01
5.012234164566311279e+01
4.797596573407182063e+01
4.237036186251856407e+01
5.267063184310802626e+01
5.163129848574908465e+01
5.854772219304936698e+01
5.110658323060570751e+01
5.149681059010839590e+01
5.364928567914529367e+01
5.118541244275584745e+01
5.045873286769420929e+01
4.219210398578258037e+01
5.060160331306622084e+01
4.664391734923037802e+01
4.914418092680728023e+01
5.066579778392892308e+01
5.168946939250994888e+01
4.804940048978517098e+01
4.875956143951987087e+01
5.081339200696095304e+01
5.577478115442141871e+01
5.726388552403665244e+01
5.428612696307013152e+01
5.514708796901200571e+01
5.691174990003821677e+01
5.570185626550522784e+01
4.677545840303326941e+01
5.237737984420772364e+01
4.638125145923970649e+01
5.135663937973697557e+01
4.988210930867299453e+01
3.568761599360738046e+01
5.237525939301551148e+01
5.556375534463217036e+01
5.518404468594002310e+01
4.929774513931442925e+01
5.421618931587849488e+01
4.962420852262880544e+01
5.233798484681474861e+01
5.594455581801173594e+01
4.817456759274574551e+01
5.512583697574783059e+01
5.319325281433498276e+01
4.752245232513678275e+01
4.484610268338815331e+01
4.128360272552816923e+01
5.390556294152088412e+01
5.117361906190583909e+01
4.510866845834752326e+01
5.453508922511269930e+01
5.138110371089936734e+01
4.648738531233402682e+01
5.220702138837094708e+01
4.925855483724402006e+01
5.210103083339393493e+01
5.017896755755182880e+01
4.596509772982651043e+01
5.243015261818229078e+01
5.263245262385362366e+01
5.002608940933475878e+01
5.447402574676831932e+01
5.508089779136236075e+01
5.527976691219893723e+01
4.490280916898501573e+01
4.828193358226735654e+01
5.024226062761491107e+01
4.932840401225968208e+01
5.574526312178664966e+01
5.073468248569687944e+01
5.804859380464262131e+01
5.716662874240901715e+01
5.031839245180876219e+01
4.616514161649024572e+01
5.326050684290171944e+01
5.096208721605972869e+01
4.828272362171225041e+01
5.229995698246486313e+01
5.201671461676684771e+01
4.810157936949281066e+01
4.987572098461180303e+01
4.830483029531734473e+01
4.431737843320303227e+01
4.057832167363284270e+01
4.844779428448381964e+01
4.717963714460819347e+01
5.288372856059663718e+01
5.458684571330653057e+01
5.843614468127501027e+01
4.734183486326659818e+01
5.014834563324947680e+01
4.899315320742587687e+01
5.816766154188945848e+01
5.076757446594965018e+01
4.581066272159438313e+01
5.340087498805795008e+01
4.779427614896800947e+01
4.363311267705091723e+01
5.400798815253455132e+01
4.428982196806114757e+01
4.142765123877006772e+01
5.003163181465427556e+01
4.275996188694989542e+01
5.634977577218114675e+01
5.198414078649642533e+01
5.195810637865824333e+01
5.288124195241721281e+01
5.521285234466321867e+01
4.586132488971605881e+01
5.335689921321142037e+01
5.060660867212669700e+01
5.141116460472210292e+01
5.106565433265362230e+01
4.840724458488236337e+01
5.140924721345089665e+01
5.690557332130470058e+01
4.884307382477842907e+01
5.542137628125456672e+01
6.022171847860909111e+01
5.215882822713385281e+01
5.470337360450875508e+01
5.039196144577738323e+01
5.054288469844118481e+01
5.203186112231296079e+01
5.450279978683448689e+01
5.355275915557001554e+01
5.140921045142391677e+01
