8.571968647517724094e+01
5.746070797377394967e+01
5.226425585242073169e+01
6.033334311855534793e+01
4.668143791283376487e+01
5.884121139292185632e+01
8.090516898658937350e+01
4.594749273676383439e+01
9.706367870404365306e+01
4.373138840243831282e+01
4.673451953601104947e+01
6.418028065332067911e+01
9.034805702663381055e+01
5.363811420443710887e+01
1.009875078918277467e+02
9.396359560437171865e+01
6.763245765723681302e+01
4.700097817107184994e+01
6.988496689561340247e+01
6.834250335128851361e+01
5.989667250873463900e+01
5.762842948209349458e+01
1.057551485091301373e+02
4.692180320061612520e+01
4.970641656011817844e+01
4.752965340203432731e+01
5.132548007737614171e+01
6.694549870952499759e+01
7.966263552422580574e+01
4.989423673137704185e+01
