2.515597823296761293e-01
8.185957884043035260e-02
-3.982577944676865545e-03
8.165192160848944170e-02
1.551483731733592775e-01
2.146776359935931647e-02
3.373846932695875184e-02
6.167206411687196910e-02
-9.207903186433942511e-02
-5.543487310752427677e-02
1.220276512979109329e-01
-1.242558641186267687e-01
7.284867565429201108e-02
3.252150909414325969e-02
-3.161302766908848788e-02
2.125294641763270098e-02
2.224052128156939895e-02
-8.924834909658690973e-02
1.502877167419593499e-03
-7.018546854326458695e-02
-6.137124496610887880e-02
-1.249513923864396941e-01
1.718024305465759571e-02
1.666984954173438560e-01
-1.417760678369239802e-03
7.068507258652124980e-02
-1.954008348041377519e-01
5.051718738280076837e-02
6.659017326897327671e-02
2.295653190839201663e-02
