4.408184316189065157e+02
3.055866571205939408e+02
2.466244686692460277e+02
2.189284234981649035e+02
2.065812816241754888e+02
1.970398292491001655e+02
1.817736252370854970e+02
1.621306300513154213e+02
1.459553612520750221e+02
1.263054341224201522e+02
1.139255415568885468e+02
1.003091168034959395e+02
8.834822815907733684e+01
8.192316672637159058e+01
7.394237313805845702e+01
6.717620802807888936e+01
6.370303722969217830e+01
5.883666938428979876e+01
5.794524082100839735e+01
5.431868481369427570e+01
5.322754147121045065e+01
5.256312276314290699e+01
5.070833761182313992e+01
5.102165982729506766e+01
5.173472773263976876e+01
5.136785814523939564e+01
5.032809723880186681e+01
5.157275293865267685e+01
5.050277307801942328e+01
5.006653211123628466e+01
5.079732552528484746e+01
5.120287406460828805e+01
5.163066165111687411e+01
5.047418400278955630e+01
5.126124278519709776e+01
5.067688474654563890e+01
5.238645126543213593e+01
4.986004963108079124e+01
5.335680563450797820e+01
5.109961428395403971e+01
5.068259691354593599e+01
5.154472147117929381e+01
5.099434595353283584e+01
5.200536539900188870e+01
5.016032194589841708e+01
5.119068524690165845e+01
5.029617928715681074e+01
4.960471960069425279e+01
5.181182547991468823e+01
5.144877311893147009e+01
5.127116638036910956e+01
4.961723280562276273e+01
5.104475602780902932e+01
5.146513432734945326e+01
5.158318579937801474e+01
5.270930437679503200e+01
5.175488391675449407e+01
5.246346847112101131e+01
5.103045014403370061e+01
5.027815869054793296e+01
5.075597438877240108e+01
4.940336523399494695e+01
5.143683656324969178e+01
4.981061002736974075e+01
5.012066831618335527e+01
4.987527183109470741e+01
4.956152314639653866e+01
5.093021963968917021e+01
5.031764619686923368e+01
5.155797040002690323e+01
5.192898156531067855e+01
5.014990514202369809e+01
5.054697267473831346e+01
5.104983523571131343e+01
5.068214679322123573e+01
5.050592111354753655e+01
5.184307658757150250e+01
4.951427905117116524e+01
5.034594427430913299e+01
5.058711651884532756e+01
5.117156073098932012e+01
5.167212678467878106e+01
5.074956230717770467e+01
5.069669654801783309e+01
5.047907855134981503e+01
5.121020046605460863e+01
4.988860824741747990e+01
5.145971282968891103e+01
5.088395541094038776e+01
5.077224921041501915e+01
5.190427545884703164e+01
5.002448817509328904e+01
5.080910053927330239e+01
5.136779095891087366e+01
5.150563763987307908e+01
5.200851021600983159e+01
4.999977886253184778e+01
5.066045615266264690e+01
5.049325843996169993e+01
5.044776341740156056e+01
5.129037260084514571e+01
5.210432369011282816e+01
5.048363354476173726e+01
5.069342178114553832e+01
5.280410532710160254e+01
5.101224900128034534e+01
5.190509321205252746e+01
5.205706261746701813e+01
5.058835661508553727e+01
5.183088967099946132e+01
4.978815257004593775e+01
5.000914922530020590e+01
5.130677990649575548e+01
5.213821201127328209e+01
5.210188136344297760e+01
5.105657370240758297e+01
5.137396261067292613e+01
5.000848884438330089e+01
5.139527445926921700e+01
5.145774573028116805e+01
5.090713663482615914e+01
5.082272448584005531e+01
5.172933434231539707e+01
5.209987335298968958e+01
5.135293085345338682e+01
5.144778777501257849e+01
5.092314976430141371e+01
5.013116582565378110e+01
5.109468412069474397e+01
5.009369905214468588e+01
5.173957021064255457e+01
5.140658759955244506e+01
5.037568924561423955e+01
5.062682829272856821e+01
4.984702194934599362e+01
4.806554214275831782e+01
5.054537499723655714e+01
4.958438601935770151e+01
4.972852206884788728e+01
5.211713782558705788e+01
5.172182849247483460e+01
4.966814577182249479e+01
5.053156278914436683e+01
5.181420174027404357e+01
5.128746020382802584e+01
5.106658731087687642e+01
5.077352577394883326e+01
5.024729636453569270e+01
5.247043068415019462e+01
5.075829584942011508e+01
5.161650518661746645e+01
5.279618299549021998e+01
5.175382565786943445e+01
5.187575390985984569e+01
5.164311452224057319e+01
5.034617994190860202e+01
5.077098258578133994e+01
5.199600238434665300e+01
5.122494503913802077e+01
5.021622252437835954e+01
4.999460730274740428e+01
5.016025782608687678e+01
5.069496419745824767e+01
5.112366246041914764e+01
5.086246004661816045e+01
5.019328219223567800e+01
5.205132212008324899e+01
5.188975004433113725e+01
5.255737145641273855e+01
5.055394293208825474e+01
4.887742563036378840e+01
5.019436507211683818e+01
5.173761826167137912e+01
5.226513242978137441e+01
5.093279783749968459e+01
5.112337588466554905e+01
4.891938670986708360e+01
5.250714932172517280e+01
4.924834283818833569e+01
5.104319193213972738e+01
5.056361047002199172e+01
4.953519665449393017e+01
5.211043424255756662e+01
5.106233738087558294e+01
4.969468721717199600e+01
5.055011372610385223e+01
5.173503623348401703e+01
5.139024334949895945e+01
5.113888415394233533e+01
5.170918862514777459e+01
5.106658620506689061e+01
5.205148355594607068e+01
5.100152322026110596e+01
5.169835477783163213e+01
5.121752222404578703e+01
5.138848084733277233e+01
5.150314030856024061e+01
5.117438509903192312e+01
5.155431593948695479e+01
5.191927721848392707e+01
5.112500425767526480e+01
5.125744464624008145e+01
5.241235612619261985e+01
5.158141528152773247e+01
5.237023746069452557e+01
5.026124881368647124e+01
5.136522124591595428e+01
5.090431819762547150e+01
5.010340892964408965e+01
5.069739081778007517e+01
5.175056104597362605e+01
5.173510914212803868e+01
5.127854399923195672e+01
5.122035713593957240e+01
4.993628732153980110e+01
5.225634535937685854e+01
5.036565627669986611e+01
4.946350210494397004e+01
5.101533256609131683e+01
5.162398577322190363e+01
5.164475462462930011e+01
5.076465191457096182e+01
5.091163402756332346e+01
5.010502469921392787e+01
5.061124282383798345e+01
5.024892974624830089e+01
5.050813559590408630e+01
5.152458125784950482e+01
5.074538208656261418e+01
5.204295902127412177e+01
5.128029583433986716e+01
5.036903000874306713e+01
5.100166867236215751e+01
5.088526115345153045e+01
5.028853052364125631e+01
5.214482642291071102e+01
5.122069825205232263e+01
5.055135905307000854e+01
5.101482977875161851e+01
5.072546189821356677e+01
5.089916595042486591e+01
5.042302142892065575e+01
5.134755811083104504e+01
5.139075697232304663e+01
5.119983653434034210e+01
5.153817910289058091e+01
5.172080515249992061e+01
5.131353762225720061e+01
5.016076968869565889e+01
5.127138820206560865e+01
5.151223598401064407e+01
5.230683332720666812e+01
5.088549194048677293e+01
5.219567117414779744e+01
5.154543546184559233e+01
5.115485948871808120e+01
5.218449223153213978e+01
5.069805462174286248e+01
5.202434930575978456e+01
5.219479272310767470e+01
5.063338530721366482e+01
5.130525652760224631e+01
5.124547415117260130e+01
5.121587720213407380e+01
5.108783610144613618e+01
5.060881835086136959e+01
4.982599194169743839e+01
5.038724967976664715e+01
5.146412332748299434e+01
5.020014824962136402e+01
5.133190983820897202e+01
5.118875064911840411e+01
5.105373640359707821e+01
5.267501848112978990e+01
5.094266447227280281e+01
5.055549962639042150e+01
5.111924640224140859e+01
5.117897850489551814e+01
5.306037280337454831e+01
4.932463649641184844e+01
5.141540689912362438e+01
5.161656448562995081e+01
5.090918493997651240e+01
5.070784485941563702e+01
5.028930382762585793e+01
5.108169606147255593e+01
5.109443164506286195e+01
5.171952437505152744e+01
5.100552128900466897e+01
5.192332386324207505e+01
5.155500510224511146e+01
5.070713515502777113e+01
4.951748131971022104e+01
5.110639556908829917e+01
5.055871241004433614e+01
5.161679843130597334e+01
5.175854066006090193e+01
5.132317635371302345e+01
5.163481408830399033e+01
5.284126179630775511e+01
5.094365740196004566e+01
5.194884100528420134e+01
4.908950496737556080e+01
5.151727326974136645e+01
5.062903460151800061e+01
4.998315804561958231e+01
5.208807631013120698e+01
5.077815390022821163e+01
5.003228490716766430e+01
5.085731571017362995e+01
5.255307945616272747e+01
5.025268041047557688e+01
5.150258646755421665e+01
5.246562907048378577e+01
4.989396848000360762e+01
5.139640008127998527e+01
5.230342172875368334e+01
5.159616095039237393e+01
4.937629154534229059e+01
5.067633825481689058e+01
5.159289658898786257e+01
5.247831067758978918e+01
5.022123649440158744e+01
5.098634482844985172e+01
5.088420276440937329e+01
5.059372132641259157e+01
4.970495657186501859e+01
5.138921773216198829e+01
5.171864988955509546e+01
5.054556583100874434e+01
5.119023719896433278e+01
5.073802689886154837e+01
5.085853594873195505e+01
5.004033118835480565e+01
5.179640167034306586e+01
5.165336085041813874e+01
5.088315765797308643e+01
5.132104930343005122e+01
5.188761827144028160e+01
5.168166608805214679e+01
5.142852392570598852e+01
5.192694381347459398e+01
5.279005839263461297e+01
5.068285393419660068e+01
5.087735272950178000e+01
5.069011261022762938e+01
5.219256313213418252e+01
5.006572565307104838e+01
5.093441486080826053e+01
5.192177232631149053e+01
5.115674156542572604e+01
5.018938138132778448e+01
5.010825278398910143e+01
5.321716285308998096e+01
5.229223385985520167e+01
5.091166790924889085e+01
5.019521475528578947e+01
5.125494840177632483e+01
5.129202428692578764e+01
5.266404224080638841e+01
5.011055246807055852e+01
4.997452856080930417e+01
5.004380307232320035e+01
5.099476705240869734e+01
4.971221508604571682e+01
5.117017245864403918e+01
5.000245642481271346e+01
5.129638083751150646e+01
5.221915709255188176e+01
5.190543594346048195e+01
5.233584970893493704e+01
5.072532561593745726e+01
5.224084887959381263e+01
5.119006950545523438e+01
5.161418550217115353e+01
5.131886226464272482e+01
5.215907909120569741e+01
5.166416226770593312e+01
5.175043066812366277e+01
5.180704317618357635e+01
5.152254898621539780e+01
5.230977426757624471e+01
5.033678325570359391e+01
5.107873234444488020e+01
5.048154844294004562e+01
5.176326298839146034e+01
5.012504209495271112e+01
5.086458493629402966e+01
4.929725964034632568e+01
5.065873171336998126e+01
5.048340169130065647e+01
5.240651745479446078e+01
5.193506087932194504e+01
5.215294543634388447e+01
5.045527948032589194e+01
5.049964094719665297e+01
5.022106053097999023e+01
5.090323506543138166e+01
5.047100025604247975e+01
5.178656619538851658e+01
5.147344141679598550e+01
5.156882943857294066e+01
5.215136210689703944e+01
5.103186601782750387e+01
5.093561573629468597e+01
5.196469667555767558e+01
5.137762857331650679e+01
5.052909002667888672e+01
5.008291987285770830e+01
5.005291457136834765e+01
5.108980651939126716e+01
5.258611435635720710e+01
5.187998630775425113e+01
5.067589835990456493e+01
5.225698111400950552e+01
5.036900952221751027e+01
5.040026348493457675e+01
5.085645664297722135e+01
5.185364785851842129e+01
5.148968459379197782e+01
5.119024013072898782e+01
5.055893024947557990e+01
5.092053993535011358e+01
5.074855786218752485e+01
5.169973011145018660e+01
5.085456305297199719e+01
5.159649168529441710e+01
5.021386053584888742e+01
5.053136236354594502e+01
5.194599528292359736e+01
5.148038965510558995e+01
5.089942736825490499e+01
5.167650380045021308e+01
5.219203859282699653e+01
5.209297743498334654e+01
5.136155479190588125e+01
5.125710091291018955e+01
5.049726300613259866e+01
5.014350931160701208e+01
4.976358299738796376e+01
5.013778576581513846e+01
5.231661507993781157e+01
5.127754030901461846e+01
5.120818257973208176e+01
5.162188974801662766e+01
5.074880259706684171e+01
5.255754643679840399e+01
5.172512044907650619e+01
5.003681995116392045e+01
5.196129495226433903e+01
5.093649004681115144e+01
5.142489957912490439e+01
5.094185243384467299e+01
5.021526753474648075e+01
5.074397417635864116e+01
5.136274399937793333e+01
5.119192793924993623e+01
4.984553742984315505e+01
5.012577081953485703e+01
4.992420891256433180e+01
5.103073989103572927e+01
5.168365335462963372e+01
5.097311937133090964e+01
4.989146803005861841e+01
4.983293523221357901e+01
4.973579488020729400e+01
5.114241425315120892e+01
5.085895734630108933e+01
5.116818784518398644e+01
5.041375873455694290e+01
5.023376752593691918e+01
5.146500917655693996e+01
5.035530142485572469e+01
5.148883161171224998e+01
5.200793457050924928e+01
4.951569723052129746e+01
5.045604651512078931e+01
5.040299890338010869e+01
5.141620730267271000e+01
5.056950707073858098e+01
5.065403281004385150e+01
5.056170098111954303e+01
5.059829352652346302e+01
5.119043966890632902e+01
5.036934508083329121e+01
5.016493311388179421e+01
4.991992019769430300e+01
5.219321205494443916e+01
4.885281679230578078e+01
5.107161841335580021e+01
5.126129442247549406e+01
5.157073718399258411e+01
5.090512989563980284e+01
5.118950868125169507e+01
5.060202854021686392e+01
5.128584747808333333e+01
5.061273511474931297e+01
5.147995769210127293e+01
5.120750448593967263e+01
5.063232693332255252e+01
5.250376505909070346e+01
5.280688861237496923e+01
5.068106325741140950e+01
5.056709227214731328e+01
5.103103987990326829e+01
5.117785271506912892e+01
5.130525412394865015e+01
5.015889013293255516e+01
5.099074139118534532e+01
5.224705837436885503e+01
5.112021709035427364e+01
5.080213256993094006e+01
5.015362312028452862e+01
5.132926082910490351e+01
5.031259584912190519e+01
5.152643271981571615e+01
5.268551680673547111e+01
5.219656882706652112e+01
4.935001843049028736e+01
5.033580131354641196e+01
5.124702928221277887e+01
4.986801626142305111e+01
5.266576726929118735e+01
5.239333117346806290e+01
5.095737563420272664e+01
5.082533690189102060e+01
5.139520456096110479e+01
5.278952075588113502e+01
5.129356108240715173e+01
5.092943858991944950e+01
5.087701438120742381e+01
5.202134846984496619e+01
5.047173072058878063e+01
5.039228626628874252e+01
5.120254971211541317e+01
5.106204978313472509e+01
5.283311963243668430e+01
5.280647572978582360e+01
5.116065296276407537e+01
5.039306431698928179e+01
5.155323425847241481e+01
5.067013429008309089e+01
5.125327077461297165e+01
5.042876234206591590e+01
5.193215411206753629e+01
5.134688098840072001e+01
5.085436060994133101e+01
5.132522078624531758e+01
5.092506594670680897e+01
4.994740802447901729e+01
5.182304589788692084e+01
5.121981313615369658e+01
4.968878892421392379e+01
5.003240238314490540e+01
4.966690140069264459e+01
4.978831004185516207e+01
5.199226220857472214e+01
5.080954921376757483e+01
4.965603581881194373e+01
5.156259632348329092e+01
5.090416265459478495e+01
5.099081574139180617e+01
5.040535654228876439e+01
5.251519144543762962e+01
5.139854272194051532e+01
5.091584113723572358e+01
5.188763458251487037e+01
5.091165129777334641e+01
5.077537775868341186e+01
5.122052589177978632e+01
5.128574455313021474e+01
5.160303843853871086e+01
5.117127794631326054e+01
5.224857838485911543e+01
5.059982306900356264e+01
5.070595932164831510e+01
5.242425067870981081e+01
5.120400366795040270e+01
5.061720385183200932e+01
5.086810650371818809e+01
5.164429352440716059e+01
5.040262509485699383e+01
5.084271697300345494e+01
5.201569754385489119e+01
5.171539447290447811e+01
5.220898542660579267e+01
5.086346228044002515e+01
5.251046808828217394e+01
5.119432841008906365e+01
5.124513793208270585e+01
4.929322367403083405e+01
5.084848994501316355e+01
5.135349160556268799e+01
5.016515294640007028e+01
5.180859394267856288e+01
5.228120902950482929e+01
5.219603675890598993e+01
5.216192783129534405e+01
4.987967422670178763e+01
5.114143662728934459e+01
5.030721502951814017e+01
5.106596193345342982e+01
5.215352163606902280e+01
5.038533392674623457e+01
5.237017938964105213e+01
5.000654593650100566e+01
5.192694711250150874e+01
5.150305952520238151e+01
5.000221954277235170e+01
5.065533338681653674e+01
5.029262884063385286e+01
5.120931189349992252e+01
5.151714169997843840e+01
5.212260375498006226e+01
5.236835228908123696e+01
5.152438504319162860e+01
5.090657507446395869e+01
5.093803271201507243e+01
5.082684182269373707e+01
5.126717893009361404e+01
5.106471286865264858e+01
5.114472096414581159e+01
4.848062575013968001e+01
5.179960346265235671e+01
5.027524005402947438e+01
5.130718006396467246e+01
5.064064382058082003e+01
5.121473988686715728e+01
5.084549914774364510e+01
5.176908592214101645e+01
5.088794149380164100e+01
5.209328204182209987e+01
5.171866369508712324e+01
5.106721420144297952e+01
4.974602171198124978e+01
5.117360648275042223e+01
5.114744099638858899e+01
5.083089774144050921e+01
5.146845837749739871e+01
5.073290555827051662e+01
5.036118089218924609e+01
5.179564714432366657e+01
5.239006165767211343e+01
5.175314605154500924e+01
5.102223227670855721e+01
5.100063719845618948e+01
5.078634264549143040e+01
5.046457833578772068e+01
5.122327785689014235e+01
5.044011713891327986e+01
5.063921672545856723e+01
5.195481431924743987e+01
5.118231472980124153e+01
5.047416498597853263e+01
5.104129130906149214e+01
5.153491518487125234e+01
5.145359832387996590e+01
5.077075525853550175e+01
5.036046370128411098e+01
4.937817982338859224e+01
4.986763905929225871e+01
4.906738214247636876e+01
5.084248981414543067e+01
5.166046309969704708e+01
4.945982667581215253e+01
5.181755827407032200e+01
5.119581805947857589e+01
5.207635632202950404e+01
5.156203453537527537e+01
4.963645276685792140e+01
4.987712460937336800e+01
5.086036023787092830e+01
5.131422753464075726e+01
5.132543035169633328e+01
4.985910257637022625e+01
5.129905196493988484e+01
5.042800462302980691e+01
5.070639662719556640e+01
5.105595846709367436e+01
4.986982553503763427e+01
5.223539869465475505e+01
5.138303853353828288e+01
5.124560129874856074e+01
5.098879186986930989e+01
5.095664881196747587e+01
4.881110094763369034e+01
5.001304568382487048e+01
5.031232141993728391e+01
5.211265025473202428e+01
5.217578844438814656e+01
5.145825715549632662e+01
5.235431506585589290e+01
5.043093228580634246e+01
5.213447217946549728e+01
5.254696124211718455e+01
5.161676063019994132e+01
4.984601178322984794e+01
5.229744319765283223e+01
5.185650798733808386e+01
5.203239580762041783e+01
5.083487749856201532e+01
5.079825574744651817e+01
5.145330970178265773e+01
5.152382488191801713e+01
5.022886174425069328e+01
4.951584153218609430e+01
5.106196450218892835e+01
5.144787973346248577e+01
5.009710062302091416e+01
5.034966849678770018e+01
5.044433261201153584e+01
5.152315448975296164e+01
5.103847839446690671e+01
4.953936167360479459e+01
5.087981943072272628e+01
5.189666673111245387e+01
5.171484425995083001e+01
5.145057453247709134e+01
4.889373943617525242e+01
5.074050696448586706e+01
5.101331711653652690e+01
5.096446633432802997e+01
5.020679870695292379e+01
5.004128718212192695e+01
5.235678417289589959e+01
5.093674801734992030e+01
5.154674608170742545e+01
5.037967688549176870e+01
5.012192694349096911e+01
5.161653045663836537e+01
5.136015650375004782e+01
5.160629348823159290e+01
5.042203963054657834e+01
5.047814771308658521e+01
5.168117889699877310e+01
4.991038214931936778e+01
5.083260845276883799e+01
5.060148393976061953e+01
5.090953421092194731e+01
5.067902241738148916e+01
5.265123761952903436e+01
5.030146889322052317e+01
5.210664744249076108e+01
5.086637046341730439e+01
5.156055880765681820e+01
5.002846818221554770e+01
5.142725963044108539e+01
5.094970175738136930e+01
5.076429699200502910e+01
5.036704522258768435e+01
5.082525612936270676e+01
5.147496916665311062e+01
5.158254437108839596e+01
5.019008751950092773e+01
5.175736313903803421e+01
5.173050970167661688e+01
5.161677862793508353e+01
5.156250755734220803e+01
5.044661939719647137e+01
5.122782593561078102e+01
5.061542009605386738e+01
5.062390733345511507e+01
5.085879918078095585e+01
5.136501889384380348e+01
5.035525498372317088e+01
5.180310244271999665e+01
5.246534809350591644e+01
4.948182045834466436e+01
4.979623848969834654e+01
5.197122514332529875e+01
5.008641820104433862e+01
5.084581206442214807e+01
5.012656178525060824e+01
5.206843170811392696e+01
5.193265933158473757e+01
5.211515067538989854e+01
5.120463623991420832e+01
5.128250727646840801e+01
5.027329843560634970e+01
5.054581906555505810e+01
5.188854021741590117e+01
5.168251566553294651e+01
5.212813073808872133e+01
5.076154312785285327e+01
5.088726443001777966e+01
5.148760901761633590e+01
5.150975613982733847e+01
5.063416570218259949e+01
5.112336719045096345e+01
5.152714302536318769e+01
5.043887577630366792e+01
5.147975804834639746e+01
5.115073360191318841e+01
5.147166735987551789e+01
5.191266688047004862e+01
5.079924089442918245e+01
5.041154009511902245e+01
5.089044193348995293e+01
4.953085897072459431e+01
5.147054313714386353e+01
5.100348557242698178e+01
4.951896693950214257e+01
5.081220595363233627e+01
5.093021238637124526e+01
5.202592928435633723e+01
4.997127563848177090e+01
5.019076364371507992e+01
5.012378355986719214e+01
5.152944564417408913e+01
5.171484734403405525e+01
5.089713081134844685e+01
5.134609869674130067e+01
4.969444201851445797e+01
5.122243413625164976e+01
5.047516906059604480e+01
5.160846867979857677e+01
5.264280474197992277e+01
5.159284827036976395e+01
5.214319112156729830e+01
5.077079684457059017e+01
5.118508112205253013e+01
5.198349528492902039e+01
5.194123891064310072e+01
5.026473421786613471e+01
5.033920977109185912e+01
4.946329985255943740e+01
5.222563120018096328e+01
5.124085196330162972e+01
5.140299763364964747e+01
5.237889796476564186e+01
5.038349378541455792e+01
5.177373223144912373e+01
5.055519944718742664e+01
5.138538927615798713e+01
5.133156413557462372e+01
5.021836749126006083e+01
5.187708447136251522e+01
5.007463159807942787e+01
5.120532130174503749e+01
5.175924518501747684e+01
5.122544028992149379e+01
5.152790322320960570e+01
5.331386799646433872e+01
4.987595419497072413e+01
5.108478354123295162e+01
5.198083473275548982e+01
5.191095761338262093e+01
5.167623432005473205e+01
5.142941068862078424e+01
5.210796807996008795e+01
5.186538119907383759e+01
5.151660140604847982e+01
4.866392489156976353e+01
5.137517171630145185e+01
5.121746289863479973e+01
5.145349842807423357e+01
5.050679098351562857e+01
5.160461712012948254e+01
4.899090681593334295e+01
5.169837493028092013e+01
5.077881259067046926e+01
5.059365287279957357e+01
5.211888963909823502e+01
5.114042225571049016e+01
4.930116033046840585e+01
5.212556143736772185e+01
5.056517418774125616e+01
5.056222176028124693e+01
4.970454586787651863e+01
4.887579809828380206e+01
5.064167356847023171e+01
5.013228528205559797e+01
5.167803216152324808e+01
5.213001921702782937e+01
5.060400449975703197e+01
5.185556865169938590e+01
5.142382239853659343e+01
5.137393998046005095e+01
5.129585363615138505e+01
5.033086289228686638e+01
5.192710918365744277e+01
5.123800931404869630e+01
5.118747653737582226e+01
5.148523144178427202e+01
5.075349953632046862e+01
5.133092882996076156e+01
5.163223124392191465e+01
5.168511242805809758e+01
5.072162496656487463e+01
5.171254670719765301e+01
5.229211599570776059e+01
5.248233006238785237e+01
4.972117717800666981e+01
5.105126740453975032e+01
5.104714225198799937e+01
5.050582324763168174e+01
5.137060721154978182e+01
5.064557798879002348e+01
4.959184191246927753e+01
5.249256591702918939e+01
5.012513929278218683e+01
5.089412283739185483e+01
5.155488999538521711e+01
5.063084425973860903e+01
5.287682009852311182e+01
5.292133891320693095e+01
4.880649482912723158e+01
5.188067588341131398e+01
4.991480289036898199e+01
5.079510646000483831e+01
5.122296808374839117e+01
5.039901755296679653e+01
5.153981536510526240e+01
5.158019164191571093e+01
5.102601357244353153e+01
5.068489144069572916e+01
5.254332203208707597e+01
5.120164633049182612e+01
5.020260421145484031e+01
5.169643640221079295e+01
5.135929628648854361e+01
5.114778020646350143e+01
5.033356454925139190e+01
5.097088591622438969e+01
5.308614900090093158e+01
5.121847334444133537e+01
5.004501358364093022e+01
5.216013224468757414e+01
5.124598081227244251e+01
5.130760837014676667e+01
5.136504094506994278e+01
5.213606951173741066e+01
5.045800195857683690e+01
5.077446133552641783e+01
5.125996536069271059e+01
5.303928739945003201e+01
5.039056688293210584e+01
5.017981423814457287e+01
4.940058199868042976e+01
5.161720552600795031e+01
5.176052583903943116e+01
5.164757755177127763e+01
5.158502918429679340e+01
4.877468363924444361e+01
5.114505682722046487e+01
5.126902607951861057e+01
5.084073658998066492e+01
5.034762872178641402e+01
5.076375858231322269e+01
5.196753129422043571e+01
5.074661700033272638e+01
5.073810486621961502e+01
5.267651833290484831e+01
5.070950934217668760e+01
5.098491298744017541e+01
5.110537566596037351e+01
5.099379599592615619e+01
5.022148175610503529e+01
5.151798002312518321e+01
5.224900941480152028e+01
5.065279692735979467e+01
5.141842639995967801e+01
5.124960914899374842e+01
5.110888171321212070e+01
5.111365605652374455e+01
5.064521672112104511e+01
5.216817084616476308e+01
5.217042186885703359e+01
5.142649179720634578e+01
5.077263654399301629e+01
5.006572992455188853e+01
5.069433628735887254e+01
5.036653486203513808e+01
5.024146261299433291e+01
5.148252888184207166e+01
5.230836049738545768e+01
5.154152748295074105e+01
5.098049016997788385e+01
4.967685906499820447e+01
5.128353598771002453e+01
5.112774093779938056e+01
5.171456637010091839e+01
5.188152100302649927e+01
5.084535560738090254e+01
5.243167012642303604e+01
5.141484262839004060e+01
5.245048795984653367e+01
5.019754355127523127e+01
5.014725146943317213e+01
5.158556207258715887e+01
4.917772952625443139e+01
5.075432790390921411e+01
5.238224901333948225e+01
5.035786542947796107e+01
5.114043378988569799e+01
4.935493218593344267e+01
5.035205993088339227e+01
5.069509853099000196e+01
4.929482117665976659e+01
5.230956163610187559e+01
