4.115406414288906944e+01
4.581886692650442683e+01
5.501927120295982832e+01
5.259540135895139201e+01
5.760972825548716969e+01
6.036324851439158579e+01
4.806167547300958631e+01
6.119199367902066911e+01
5.785279590238354785e+01
5.523540744116516521e+01
4.328292401614868368e+01
5.698878898073920141e+01
4.182877025654818226e+01
5.065512302788565080e+01
5.463232146554904034e+01
5.294086769238882084e+01
6.148632286858682505e+01
5.394150533348062027e+01
5.480464421836680344e+01
4.927404163087638267e+01
5.217646135271243679e+01
4.743291377587681268e+01
5.752049142101120083e+01
4.889701137501970152e+01
5.791260365299609703e+01
4.014566212038670301e+01
4.599709096126548502e+01
4.573840984246908192e+01
4.624858313124843789e+01
5.686632699473409502e+01
