4.051186786996013252e+05
1.067171455274106847e+05
3.645285153164756775e+04
2.115374963800332625e+04
1.837615890169878912e+04
1.669168414571899484e+04
1.493450031886520992e+04
1.366363067053991290e+04
1.296811420938100127e+04
1.238302683521444487e+04
1.134554208723507872e+04
1.086825103646841126e+04
9.916703918523860921e+03
9.095557496317731420e+03
8.621833380319912976e+03
8.034676693685432838e+03
7.480707244421362702e+03
6.953189648291304366e+03
6.440189323040004638e+03
5.972568602617740908e+03
5.461552984136522355e+03
5.098103578305572228e+03
4.594843433361432290e+03
4.242260526105738791e+03
3.940610939143910855e+03
3.599128591065182263e+03
3.167323108283514102e+03
2.927688484752225122e+03
2.727954361025599610e+03
2.350646591199301383e+03
2.215066315656056304e+03
2.057288318675497976e+03
1.828152895067598593e+03
1.592906161541338406e+03
1.556794942215921537e+03
1.357974885426570381e+03
1.235696304950857439e+03
1.088485848138963775e+03
9.957161895010882517e+02
9.105524938787025349e+02
8.085106579678334811e+02
7.021659654897354130e+02
5.982289567953744154e+02
5.687257013672622179e+02
4.831741042615238939e+02
4.468653234661625220e+02
3.755738615987943945e+02
2.961053564117736983e+02
2.993105473705385293e+02
2.531812531499342356e+02
2.248294374255887931e+02
1.968405680758326071e+02
1.814364363332385608e+02
1.563683792253098375e+02
1.319417803297351952e+02
1.099019644064403138e+02
1.033900904382043677e+02
8.728670552405577610e+01
8.466761223990890528e+01
7.575395290090457934e+01
6.490291148222345896e+01
6.082983580455102413e+01
5.835035676750374023e+01
5.335704388839492651e+01
4.814883890702350300e+01
5.215269368116691595e+01
4.530750593726047271e+01
4.295430021393143960e+01
3.884979916284106594e+01
4.177929111360693071e+01
4.240958942985770364e+01
4.167886946475036325e+01
3.704915351270700796e+01
3.858518039246283138e+01
3.960593360369207261e+01
4.060906217041198829e+01
3.896512378144623767e+01
3.728349171362657444e+01
3.438449576263804630e+01
3.846932880463328530e+01
3.607980206315217231e+01
3.497132758091976257e+01
3.594317833595977874e+01
3.506660793241884733e+01
3.592667383584652185e+01
3.661182590461219633e+01
3.714160955773235173e+01
3.638454848826853549e+01
3.408608202495545214e+01
3.422485516264828220e+01
3.411448785665240990e+01
3.216324567413738578e+01
3.336379627325923281e+01
3.290027988119025082e+01
3.777159731260233144e+01
3.228143186503083939e+01
3.350231285526614045e+01
3.061341496211431945e+01
3.147019490698125921e+01
3.357217069299159107e+01
3.133740804160939319e+01
3.393412965933656977e+01
3.047555726397376574e+01
3.180015045515935768e+01
3.339932752165827168e+01
3.257268981843090927e+01
3.334605270670058275e+01
3.117561454917882813e+01
3.347887970350243592e+01
3.518968220699315452e+01
3.302895943747268603e+01
3.463001932016888418e+01
3.538600396609653131e+01
3.046835026410475677e+01
3.293195948051359068e+01
3.109146221744081728e+01
3.464610630999635532e+01
3.349328227085518250e+01
3.512832551032180817e+01
3.728810160925757344e+01
3.280822188584204468e+01
3.266431160268777489e+01
3.422764390126032197e+01
3.274920332652265387e+01
3.200805708531788696e+01
3.141592676934449457e+01
3.108404560826469520e+01
3.647687288506681824e+01
3.375827190111866116e+01
3.264001774247903143e+01
3.274144892736519097e+01
3.568573605982782482e+01
3.553937297624380420e+01
3.396136831235823905e+01
3.160509363862274412e+01
3.261767903179021033e+01
3.048852848941111304e+01
3.211572722546675607e+01
3.198425063196980389e+01
3.357901621050105234e+01
3.151566322586952396e+01
3.346753210291647918e+01
3.144552059066221972e+01
3.195681827241938322e+01
3.254941416346838423e+01
3.342699121360021763e+01
2.874042918449353223e+01
3.197497614207974692e+01
3.025861931574662123e+01
3.237056687490301243e+01
3.138773105332628433e+01
3.256060574902398486e+01
3.341263648016715848e+01
3.251167556369860989e+01
3.130128304325965871e+01
3.116752617803206249e+01
3.369638182452484187e+01
3.086605687215793736e+01
3.064943198260037605e+01
3.087083273467231948e+01
3.127657613690335481e+01
2.851266444578018167e+01
3.103314800164328702e+01
3.194871167299572079e+01
2.900454719742859311e+01
3.018208758729207020e+01
2.916323969858662934e+01
2.918076077290547232e+01
3.201221006361824095e+01
2.923899509054412604e+01
2.955030972606391515e+01
3.369838573221264255e+01
2.977714700011328475e+01
3.079352825619008982e+01
2.904997596236036372e+01
2.970221743043499885e+01
3.056291199906060641e+01
2.667421810117509651e+01
3.091350281998843030e+01
2.769060688919194746e+01
2.764506912554173468e+01
2.799857032386575995e+01
3.026012242561475318e+01
3.081649939102586799e+01
2.859349608780825847e+01
2.578714527783830590e+01
2.796484676787500234e+01
3.110590863637636261e+01
2.769382517635029473e+01
2.881831268668283386e+01
2.484854154567418760e+01
2.676834003654709093e+01
2.644834249770675072e+01
2.637768794553936047e+01
2.757467954262263632e+01
2.853939692342197887e+01
2.326663640590450655e+01
2.937754613590541197e+01
2.770919299273531067e+01
2.658376482023712484e+01
2.519358754519853960e+01
2.789863195224745596e+01
2.744900419225745836e+01
2.495121551205474120e+01
2.732192321796745560e+01
2.662435324167850226e+01
2.687741273171247514e+01
2.899367463141035017e+01
2.498743225756877706e+01
2.714568062417786010e+01
2.843012456059775417e+01
2.943932245955489435e+01
2.674222779271566353e+01
2.867781556296814927e+01
2.838554029720640060e+01
2.867916536424859331e+01
2.793553941082576131e+01
2.808025846482490451e+01
2.544104676915643992e+01
2.880406449287509218e+01
2.694754249909933819e+01
2.752086678037428413e+01
2.842223122072872954e+01
2.848041512025422861e+01
2.806608423382587958e+01
2.977386976696357479e+01
2.948916187255338883e+01
2.440049632655812317e+01
2.503575482009176412e+01
2.929868242281231261e+01
2.932252530803825152e+01
2.688669699267176938e+01
2.986121200486087446e+01
2.700739613062073730e+01
2.733455018862195729e+01
2.719053886343015591e+01
2.712366702006747232e+01
2.859067555863451915e+01
2.958502259398222733e+01
2.838290692117571723e+01
2.884486227972575989e+01
2.521687671449086920e+01
2.592284085671422744e+01
2.873838773142983882e+01
2.899468206857961050e+01
2.772951463985150866e+01
2.690051463119982245e+01
2.840337040160018134e+01
2.805412143376051404e+01
2.772981158396287427e+01
2.817524068017936401e+01
2.834360008312488688e+01
2.792818540116671500e+01
2.524678056956064509e+01
2.550668565766796902e+01
2.627340389449716795e+01
2.904992806173576625e+01
2.736216388596858806e+01
2.758631387173344152e+01
2.709252378766667846e+01
2.730971745249287963e+01
2.685958148720223448e+01
2.743274466072462303e+01
2.512369186451308423e+01
2.647837132205377486e+01
2.487879454491095998e+01
2.785731079652467201e+01
2.727359722797444874e+01
2.666203630943023484e+01
2.545292021247457015e+01
2.403948082327007185e+01
2.931025352846661747e+01
2.578809902914058938e+01
2.618525239503578561e+01
2.508650924396676629e+01
2.778242068755695371e+01
2.818331801611457266e+01
2.922186566891667070e+01
2.659487614180217818e+01
2.551183576514117490e+01
2.635940925330098850e+01
2.801006106107174887e+01
2.484193736179124201e+01
2.476237311531177454e+01
2.787857115350981019e+01
2.452583441444132717e+01
2.583281508499494805e+01
2.411016474296303258e+01
2.666703288964477636e+01
2.551508739106655099e+01
2.575830056791489397e+01
2.759514384677598642e+01
2.718711180731105514e+01
2.794209779255156079e+01
2.535064210184500055e+01
2.617083716995450970e+01
2.545882624344319822e+01
2.548345098032180545e+01
2.497365619195250375e+01
2.832735597840825648e+01
2.765685244140333054e+01
2.462319467806879913e+01
2.753805975107435700e+01
2.741732439623470796e+01
2.560840692833847143e+01
2.832554253239043618e+01
2.406352146838650796e+01
2.554281358952881220e+01
2.722732508980635657e+01
2.359907263664982224e+01
2.538536344659650723e+01
2.654215043772269311e+01
2.459381022697500541e+01
2.582849207580303386e+01
3.067298996458781346e+01
2.730173127863282545e+01
2.602600381413041220e+01
2.384250062002949022e+01
2.574276269632289171e+01
2.530727736319245835e+01
2.666605829455022558e+01
2.633115268336251802e+01
2.450629204585609600e+01
2.488944821318359502e+01
2.592116846423987653e+01
2.329131759102971344e+01
2.745806912324518123e+01
2.499173472262832973e+01
2.304983688172679024e+01
2.466991116005737084e+01
2.589665519345811262e+01
2.494461055821493645e+01
2.392604904098978835e+01
2.422283019293892892e+01
2.544449358576705222e+01
2.434350755114378018e+01
2.333193812690890567e+01
2.674902249724765468e+01
2.397117173708922166e+01
2.462438059286552061e+01
2.342901971942103856e+01
2.456334893080421722e+01
2.552545276266935659e+01
2.430912057768673762e+01
2.556419407845251257e+01
2.550330182719351768e+01
2.405532810476618977e+01
2.417712022569882180e+01
2.510584468569659933e+01
2.069029549437103199e+01
2.551806836918499499e+01
2.391770080985253344e+01
2.379869849281531557e+01
2.543025449328788667e+01
2.394974295283238419e+01
2.561379270758433080e+01
2.341336189897234021e+01
2.360735959785766980e+01
2.340881579743441065e+01
2.451835940963553284e+01
2.447838592839871552e+01
2.648758360711591919e+01
2.544647530397593727e+01
2.438608647892831982e+01
2.633241317311728480e+01
2.363088784163474187e+01
2.505982145585844734e+01
2.420783871539303078e+01
2.194722902203983494e+01
2.400157842080999160e+01
2.191126751292470232e+01
2.281781110096402188e+01
2.385112294862867088e+01
2.367460974463064360e+01
2.500675912441665361e+01
2.134143007185295104e+01
2.437285356566216521e+01
2.166860205387522953e+01
2.337579198306682926e+01
2.402616220133803893e+01
2.339247904324903971e+01
2.538299669378077539e+01
2.162523548999038780e+01
2.222353851981177186e+01
2.483609552122063135e+01
2.188649612226621244e+01
2.159527717575710426e+01
2.350533685133920869e+01
2.223462990263365313e+01
2.205191059880382554e+01
2.346662430388519738e+01
2.197253327621396934e+01
2.276939694125745106e+01
2.162773027389309632e+01
2.145089082066792585e+01
2.282429128165313870e+01
2.083122706351053210e+01
2.252714113202428692e+01
2.309542012933110655e+01
2.131073890307632723e+01
2.231941213869207274e+01
2.053132201331425222e+01
2.219793809580664146e+01
2.144943085841964603e+01
2.059532808885449384e+01
2.185462080547081598e+01
2.025704330497508110e+01
2.115498329854376536e+01
2.095042458137150376e+01
2.206222891308593859e+01
2.226093660566888133e+01
1.961584273595588712e+01
1.794705874428995429e+01
2.057117575568232581e+01
2.044620185154851200e+01
2.096189476178802380e+01
2.074932972993700275e+01
1.960770590164744931e+01
2.321031537275276690e+01
1.954003609549222276e+01
2.197022923524677651e+01
2.285696121461224095e+01
2.253796320844636014e+01
2.053076245129808797e+01
2.021223629977590619e+01
1.993750157230913089e+01
2.145941843239006630e+01
1.837964923569781917e+01
1.961680736081312304e+01
2.103932293209318516e+01
2.018588702129084922e+01
2.083265535011651082e+01
1.909104029192667085e+01
2.059104131234187562e+01
1.810794917687184125e+01
2.102146342562617676e+01
2.214923192188253864e+01
2.007742905051599891e+01
1.940435381393902503e+01
2.053316212159820608e+01
2.064316543169893237e+01
2.177653029894462833e+01
2.098196968125535022e+01
2.059416305031100336e+01
2.047838629244778019e+01
2.266225484653612199e+01
2.026997771965066164e+01
2.087270771939111214e+01
1.869002411366001581e+01
1.847125572659848913e+01
2.029847787104916534e+01
2.148704311720726068e+01
1.970449669962151518e+01
2.201581363387739998e+01
2.186561063781062586e+01
1.905036760139845953e+01
1.876911672435729983e+01
2.012956855059075423e+01
2.002515794800158844e+01
1.993730100057229038e+01
1.987377472178875237e+01
2.075879808579799146e+01
2.012793835604254866e+01
1.945513349941678882e+01
2.148346172400180265e+01
2.049559411190739411e+01
1.853565178292197047e+01
1.937039674899653363e+01
2.224975412768072047e+01
2.233478348506631050e+01
2.163917573059213950e+01
2.245793166819729691e+01
2.051774348369024992e+01
2.064778248227990431e+01
1.990891777291862397e+01
2.040407248716285338e+01
2.102932104232949229e+01
2.175741331576783111e+01
2.160443443990912726e+01
1.858614978141847018e+01
2.213807467419328034e+01
2.373801415192102837e+01
1.938465869683592047e+01
2.107224390871110131e+01
1.982095195404427912e+01
1.960820016230383800e+01
1.887257283990465595e+01
2.112994699404812238e+01
1.982038617123572521e+01
2.019613669544072465e+01
1.905562556024904453e+01
1.786780012356651426e+01
2.012797221365335787e+01
1.876521577621083381e+01
1.766347592683056078e+01
1.707111141811277832e+01
2.031416561649438890e+01
2.070089703468731557e+01
1.895664064781277247e+01
2.174087431036754126e+01
2.089269745133110945e+01
1.927627414703250608e+01
1.831994432191131850e+01
2.067574841109587425e+01
1.842211666200390852e+01
2.035165339969650944e+01
1.949738437312146644e+01
2.105576136330594039e+01
1.883804452182574707e+01
1.859802526327458239e+01
1.941458801153975244e+01
1.939196228026420954e+01
1.923922606568394400e+01
1.816685248586906454e+01
2.098253017469478721e+01
2.113233347299141940e+01
1.890807187275526857e+01
1.960452263789922611e+01
2.110267907219725458e+01
1.881027252548024364e+01
2.202890751289107385e+01
2.056710828865093177e+01
2.132013915714596308e+01
1.862165578744296823e+01
2.153536549865052763e+01
1.896639124596282500e+01
2.097619066698558044e+01
2.108033018417734539e+01
2.068508910660807132e+01
2.117165440868097193e+01
2.006777710898617073e+01
1.977642377022317532e+01
2.003568580456751391e+01
2.150811557996435752e+01
2.108272163459335502e+01
2.091914963294273022e+01
2.157489590379330124e+01
2.002407762743991171e+01
1.887692498420726750e+01
2.069427585594788965e+01
1.930053605151777418e+01
2.051926267900362788e+01
1.912955444036877495e+01
1.968280982980462213e+01
2.321471840084936744e+01
2.091369105768541559e+01
2.089482604499637475e+01
2.107843002434032798e+01
1.789950784669242623e+01
1.997892032308714505e+01
1.818900394075981453e+01
2.035256787776528853e+01
1.842730865760121617e+01
1.983124947136298744e+01
1.994354718481222122e+01
1.964774406452472988e+01
1.807015991069707539e+01
1.929152497788530951e+01
2.046484346803410403e+01
2.099859186424866664e+01
1.869115366485696228e+01
1.966018719176106799e+01
2.010297907056875033e+01
1.913262831152453458e+01
1.980600906666581196e+01
2.080883841782918608e+01
2.063014818018170971e+01
2.155243849846067761e+01
2.181456963021987505e+01
2.205784940688160134e+01
2.160488542612919005e+01
2.090911307811836650e+01
2.124840458222419315e+01
2.212310293469771594e+01
2.036444329291312272e+01
1.922302460838657012e+01
1.927733595845643322e+01
1.979539177862953636e+01
1.808616658108872599e+01
1.816994632513954144e+01
1.992550708354970368e+01
2.203414418107570327e+01
1.787397867429227816e+01
1.898202791690723501e+01
2.104201198004646756e+01
2.177656771371152900e+01
1.959769516370080211e+01
1.887107712934769310e+01
2.204962390637088987e+01
2.052675493282534802e+01
1.681572846941636712e+01
1.888546366488855455e+01
2.108786742959091498e+01
1.971598289658424363e+01
1.852368693087512597e+01
2.229235559571925407e+01
1.986909728168494027e+01
2.163755713144546178e+01
1.806643622448162034e+01
1.939556387449574615e+01
2.002614247459781893e+01
2.002038013834649277e+01
2.143314095563864186e+01
2.336035813154760632e+01
1.944523437730381232e+01
2.139445434424368386e+01
1.917694055007643783e+01
2.127100088935863198e+01
2.192273686539296662e+01
2.250743929757810591e+01
2.083039928031907451e+01
2.016428242832442308e+01
2.290785285081083700e+01
2.052565937759028714e+01
1.930235807524718084e+01
2.131165121798533590e+01
1.848721126429558836e+01
2.246650820770059198e+01
2.036476159771680372e+01
1.972275360652068343e+01
2.010662016844258559e+01
2.125774744239694058e+01
1.931985808970136986e+01
2.011773757068880641e+01
2.032058553060357653e+01
2.261452883882564890e+01
2.146241222710758123e+01
2.003041354357197434e+01
1.813352702682066919e+01
2.016221414266975032e+01
2.004854528720803231e+01
2.149577626807196395e+01
2.000139896949385943e+01
1.790792174250065116e+01
1.901528619370489537e+01
2.025418949879720287e+01
2.152000144857100139e+01
2.123911739167535728e+01
1.974603020011200272e+01
1.988563480415233542e+01
1.837143729989939445e+01
2.008487180605012412e+01
1.972496953453555335e+01
2.127249998485334359e+01
2.075229993975262488e+01
2.172087692888924693e+01
1.984163734702897486e+01
1.947049639071488869e+01
2.097594843011027521e+01
2.122807762907408602e+01
1.919567735323073876e+01
2.009837189491775788e+01
2.215223579984889213e+01
2.097297799726266021e+01
2.058234707344104919e+01
2.123729922121655633e+01
2.100753915779302972e+01
1.962103678417446062e+01
2.094753883204638001e+01
2.161917296443400360e+01
2.169812179938463004e+01
2.026683520215973289e+01
1.956238939370226504e+01
1.937316785069484126e+01
2.140860820261967135e+01
2.311822333882251357e+01
1.946017869326650995e+01
2.144068706418786974e+01
1.851355888987912124e+01
2.253422011235231182e+01
2.355195980510986331e+01
1.964096264602951791e+01
1.846784526407188665e+01
2.244149090127804413e+01
2.094049091188466960e+01
2.015398334770216238e+01
2.275764732647321509e+01
2.116169945723982693e+01
1.824359933416553403e+01
2.113024600186263768e+01
1.910649591936195080e+01
1.886029061157937292e+01
2.195111169483069702e+01
1.943835695853022116e+01
2.099399972523875135e+01
1.812334406757934602e+01
1.925895750283806862e+01
2.081089440598731244e+01
1.806043784716261769e+01
1.888789674807423680e+01
2.092795680623414256e+01
1.958015968243638483e+01
1.820081920797953501e+01
2.129970048113895231e+01
1.807377155503637667e+01
1.855971368192331639e+01
1.919656464193589684e+01
1.887933691328140640e+01
1.892815024064864105e+01
1.908361770544449243e+01
1.869607846308473142e+01
2.170614161781162466e+01
1.952982416552283240e+01
1.712219920122851136e+01
1.965040404877417757e+01
1.952816239570398693e+01
1.980967213117444814e+01
1.875792474543155564e+01
2.079975080056215830e+01
2.184776450912448098e+01
1.964768735615634654e+01
2.138414717498937634e+01
1.915434345223714274e+01
2.051084815869753797e+01
2.144589544003025949e+01
1.826893032382431770e+01
1.915893269757037132e+01
1.999991422986211376e+01
2.000080580066911651e+01
1.973589671876214879e+01
1.796337960033636350e+01
1.875905518157235363e+01
1.926480290418732721e+01
1.990753518100137853e+01
1.837246310590228049e+01
1.825242515895763873e+01
1.818285331963249263e+01
1.943279207661642616e+01
1.785020400218567005e+01
2.023711288924309315e+01
1.904042413829319003e+01
2.030387782477966852e+01
1.609705434550454228e+01
1.983668526449261904e+01
1.902926164879147919e+01
1.786073777654059569e+01
1.930090280537925551e+01
1.740468512653938404e+01
2.126718545515878844e+01
1.983224747093248652e+01
2.058718790909654217e+01
1.893003658095265607e+01
1.829480555642607698e+01
1.810548399760928007e+01
1.952217882845846120e+01
2.087471817016437825e+01
1.936055840118738303e+01
2.214685797499918962e+01
1.998291499908331659e+01
1.828693611261998342e+01
2.089312589874293380e+01
1.955447485883695791e+01
2.055676928881855048e+01
2.117871068763648523e+01
1.921971634102656168e+01
1.946115547143504543e+01
1.887537687201043468e+01
2.036391375516258861e+01
1.921586063313539228e+01
1.754828833104986074e+01
2.143136943719795795e+01
1.814990495790005554e+01
1.779383133222847846e+01
1.916499760142347952e+01
1.814167374705126790e+01
2.167894204800725078e+01
2.028839729982756168e+01
1.896558787979447303e+01
1.704520046109796994e+01
1.954536517288643083e+01
2.139146924372739633e+01
1.889902920303302380e+01
2.028425089164183603e+01
1.906766870318825724e+01
1.709146010963944917e+01
1.932428501755217809e+01
2.099101809339164859e+01
1.989887893370520189e+01
1.993566783955708388e+01
1.932404931401442028e+01
2.000375699834965815e+01
1.986424414140755346e+01
2.035358161581262237e+01
1.872712670154580294e+01
1.924404181992450447e+01
1.936869787703920665e+01
1.924935449335895754e+01
2.045925793147937810e+01
2.109597765377970191e+01
2.136535429876878922e+01
1.919938936079126890e+01
1.938811474587833317e+01
2.175627617784149237e+01
2.235881721468064498e+01
1.913333997778218887e+01
1.996693751621915425e+01
1.611901930685502649e+01
1.869112371197114797e+01
1.946392844044016712e+01
1.924128886988367526e+01
1.969292674872857063e+01
1.943890220675997682e+01
2.073374221094418601e+01
1.859055611133378250e+01
1.879055088976345544e+01
1.892700781690208345e+01
1.897326319250319671e+01
1.966193733651925868e+01
1.704007172170830842e+01
1.904324203124537007e+01
1.923453967842640822e+01
1.840219329635587542e+01
2.069070210818678035e+01
1.857552086282949588e+01
2.089943599129031071e+01
2.088084043581914173e+01
1.992753219782073160e+01
1.949430897827482667e+01
1.816604478920285715e+01
1.966288039466775217e+01
1.895315928955817242e+01
1.888295376751433352e+01
2.202684540047895823e+01
2.031534673429389315e+01
1.821259366268375857e+01
1.785410166348850680e+01
1.957493052895089747e+01
1.931450462949260327e+01
2.063641331527950840e+01
1.871649185420804429e+01
1.863300568409977132e+01
1.958941758914646059e+01
1.904274380471407824e+01
1.701165175969401133e+01
2.013917061226966254e+01
2.031130715848199131e+01
1.923382802977307904e+01
2.032140899205295881e+01
1.869575660536491313e+01
1.838943764881248555e+01
1.951050080944568776e+01
2.216634043668486242e+01
1.997703977276453813e+01
1.868145553712951212e+01
2.031027961772625545e+01
1.781142700259286826e+01
1.636760373552102266e+01
2.049832677682728033e+01
2.065810481765046802e+01
1.678915709366916431e+01
1.619643020094644470e+01
1.798871398043310421e+01
1.736992184114490101e+01
1.807906336237799039e+01
1.750603590513459196e+01
1.834367157323177011e+01
1.857642712318107314e+01
1.843175873156546274e+01
1.914012330383912541e+01
1.927982664326112783e+01
1.692874819057632152e+01
1.916195443331617554e+01
1.889396531182484651e+01
1.765053466208699007e+01
1.840593820920926049e+01
1.799088155436189496e+01
2.000588945724813073e+01
1.856594148733796246e+01
2.207519994779542927e+01
2.150384715810309899e+01
1.737458889832446474e+01
2.008634281045693371e+01
1.837102528152392011e+01
2.123840492935833169e+01
1.957797475973192647e+01
1.704776082417542682e+01
2.090299412135144408e+01
1.982374969501383788e+01
1.881456518357324370e+01
2.094670580847234476e+01
1.790738096749470643e+01
1.744007614681914475e+01
1.935138017066631377e+01
1.757364249401042144e+01
1.805780628584127001e+01
2.000581298053928236e+01
2.029669377246272788e+01
1.938065578190479243e+01
1.915641543955201342e+01
1.674560172635135302e+01
1.944868330083572872e+01
1.869709775468754742e+01
1.736693940514830814e+01
1.884384491307796949e+01
1.808922605096745073e+01
1.839839035698098257e+01
1.856116037431204191e+01
1.843260253522803183e+01
1.843744113469294987e+01
1.752196925830416419e+01
1.951711265951758989e+01
1.849858518976143529e+01
1.947917686478993105e+01
1.875660367363101599e+01
1.826030500467864925e+01
1.923491418495191496e+01
1.802576583953994316e+01
1.896845580574444412e+01
2.004813197718193862e+01
1.607671459104254552e+01
2.012977044734043020e+01
1.915824680191161988e+01
1.870991561237999790e+01
1.987844606441961304e+01
1.876761451859709950e+01
1.899569571666593149e+01
1.733993999479703874e+01
1.733995319150508507e+01
1.912871975325410645e+01
2.051717293881635129e+01
1.904735227485515736e+01
1.929817815196674147e+01
1.828277797784408776e+01
2.096347444545592253e+01
1.858272910383378829e+01
2.005794836997121422e+01
1.837899539022202333e+01
1.861547805695081337e+01
2.110357575714236233e+01
2.087664175381448928e+01
1.853479929478087485e+01
2.049367925996035922e+01
1.925363413694336856e+01
1.938609805587472934e+01
2.021425084944182515e+01
1.863102116847389667e+01
1.798119461412657571e+01
1.891749248313435672e+01
1.798224822286131896e+01
1.628628254604928571e+01
1.966681984358311652e+01
1.799608747768062855e+01
1.771982176044310009e+01
1.794303428259757638e+01
1.973680673909821337e+01
1.834839036762902964e+01
1.839093716100269305e+01
1.803997219908963601e+01
1.803922012517168483e+01
1.967044658438040017e+01
1.908096039072421490e+01
1.917530386197314485e+01
1.790897884530899731e+01
1.718341793308420051e+01
1.771341977862050143e+01
2.057803464861044773e+01
1.887097245974511139e+01
1.806171349783666358e+01
2.042553180878022090e+01
1.931466224332573134e+01
1.916476234349231333e+01
2.059123038903241110e+01
1.887140849468307024e+01
1.845428399680795195e+01
1.770201267864575456e+01
1.897990078059901720e+01
1.744471184607312608e+01
1.971321906289439951e+01
1.954990880076841009e+01
1.706030569233031002e+01
1.766266179643448453e+01
1.845991023015774957e+01
1.915971999711152307e+01
1.681112588449517631e+01
1.933445918916175899e+01
2.035916747534292526e+01
1.848813036569397283e+01
2.040114501978096584e+01
1.763665165429233284e+01
1.868172068017878473e+01
1.789943844199056855e+01
1.564409136891974583e+01
1.777891973501650469e+01
1.809965527990302192e+01
1.852009349426001350e+01
1.923439263813842004e+01
1.914094452928421219e+01
1.541828565660025596e+01
1.953180748148887602e+01
1.800189967130318536e+01
1.786339640183294364e+01
1.669528331458814208e+01
1.513552804660017870e+01
1.885648121397549204e+01
1.694720208859159527e+01
1.777079172330135037e+01
1.559288335784185087e+01
1.967989726817438978e+01
1.889313341712232841e+01
1.835156986202758844e+01
