6.955022503442409576e-02
-1.109926323635077178e-01
1.117594280952601826e+00
1.169890736018948385e-01
1.137930676465765734e+00
9.964197810545319944e-01
9.741984955849245509e-01
1.050226544751454050e+00
8.778246912912832656e-01
6.169447666075501824e-03
-4.268982006670281326e-02
1.115646087162504019e-01
-3.337290083143210073e-02
8.810350204464408030e-02
9.120008227885356700e-02
-4.503709439895591665e-02
9.372411928413799664e-01
1.467529599159977938e-01
-1.012881613871272846e+00
6.465464786753163939e-02
8.861623497524399040e-01
-1.944511688891482556e-02
1.179863665441667209e-01
1.096456015606392803e-01
-8.903167642689380212e-01
1.027414924840933219e+00
-9.878599377361997336e-01
3.694963658064755185e-02
9.550578916303418264e-01
-8.204700566444193821e-02
