4.634717335379879160e+02
3.114036050719846571e+02
2.364145480832081887e+02
2.748981140123452747e+02
3.283375887724142785e+02
3.477256397795053999e+02
3.515380188862482100e+02
3.510258120259650809e+02
3.516507438090255278e+02
3.513938541895085450e+02
3.504743563721601731e+02
3.501275453607423174e+02
3.501786722832566170e+02
3.497679512282331871e+02
3.498655082714978448e+02
3.498325531571491638e+02
3.500404882422466244e+02
3.501579503981990342e+02
3.499727802897768925e+02
3.503293039590823810e+02
3.503270983099797036e+02
3.503505787119709112e+02
3.506830533102782965e+02
3.507265642944294655e+02
3.508018064082415322e+02
3.507568903379057019e+02
3.508465158323225523e+02
3.509371762126633030e+02
3.507067332829160478e+02
3.507300548426477462e+02
3.510625579188268262e+02
3.512281102141820384e+02
3.514701535441956821e+02
3.515876124517034782e+02
3.516621464112049011e+02
3.514200050801267139e+02
3.518351277613189723e+02
3.516371863215152871e+02
3.517099515239024754e+02
3.518618984642548071e+02
3.518893463163573756e+02
3.524067603852766410e+02
3.520229572363053876e+02
3.518920576418834685e+02
3.519956775144419225e+02
3.524282399822968728e+02
3.523691302818054965e+02
3.524507204859264107e+02
3.525868702772364145e+02
3.524542436971141797e+02
3.526665031170687712e+02
3.523773512925005207e+02
3.527285913346516395e+02
3.528935667034655239e+02
3.527543540260769532e+02
3.531718101783187649e+02
3.526173384170460849e+02
3.527781166401064752e+02
3.530321192315540770e+02
3.532152788891016257e+02
3.535363406684153347e+02
3.533996198077210238e+02
3.532867706405855870e+02
3.534507218980983794e+02
3.535143448197889029e+02
3.534620526619314091e+02
3.534361052209219451e+02
3.538867059978385328e+02
3.538738018810793733e+02
3.539279023423167700e+02
3.539305653237339016e+02
3.540758111935494412e+02
3.544611413481613909e+02
3.544682117725356534e+02
3.544924305714008028e+02
3.544722758306715491e+02
3.546300342846879516e+02
3.545560061809803756e+02
3.548276249889104861e+02
3.547610313354728078e+02
3.548725067458038893e+02
3.549045857211286261e+02
3.549908578750615220e+02
3.550760397204449532e+02
3.555513658230811984e+02
3.556361997749929742e+02
3.558230472275384955e+02
3.556498755140770527e+02
3.558665047429133779e+02
3.560451012719551613e+02
3.561223825897242818e+02
3.559611504627511067e+02
3.561219933132258575e+02
3.561538429893921034e+02
3.560514480097831438e+02
3.563215026825320138e+02
3.562858269782212801e+02
3.565120878248455369e+02
3.566256840152318546e+02
3.567503879349707745e+02
3.570546062087006476e+02
3.570965524722196847e+02
3.573494878503685754e+02
3.570014825096984623e+02
3.574486824239286875e+02
3.574958139873723439e+02
3.575949987012811562e+02
3.578931864654494461e+02
3.576362881754944283e+02
3.580289836026949502e+02
3.579197909786666401e+02
3.580600980280878503e+02
3.583114465484735547e+02
3.582582996129796129e+02
3.582496887989165089e+02
3.583086361701855367e+02
3.587239853364110900e+02
3.586259588345822067e+02
3.588445457960417002e+02
3.589304949407160166e+02
3.589566695840066473e+02
3.591327115146971778e+02
3.595342113973661640e+02
3.594236770611190082e+02
3.596907368297806897e+02
3.600044960102937921e+02
3.599720652706928377e+02
3.599796445819848145e+02
3.600968176013223001e+02
3.604302550687983171e+02
3.605463677965450415e+02
3.606671175076235158e+02
3.607411805952933150e+02
3.606513270727799068e+02
3.609928248787035159e+02
3.609397407046612329e+02
3.611718316862336451e+02
3.613042561199270040e+02
3.612770846877469921e+02
3.614514897513876122e+02
3.615339561150914847e+02
3.615569450786673542e+02
3.617775390077629254e+02
3.617963935024562261e+02
3.619465436152216284e+02
3.620243758191600136e+02
3.621231999574574729e+02
3.626338065280372120e+02
3.625468491108962894e+02
3.626183769136983415e+02
3.631051049027655608e+02
3.631392277205810615e+02
3.632024432576511686e+02
3.633288266168589189e+02
3.634480421342296381e+02
3.634095378586895890e+02
3.638499391727222587e+02
3.637604090606778868e+02
3.639300367190583643e+02
3.640325988795382841e+02
3.642727028272698249e+02
3.642842950627450023e+02
3.645750208203731404e+02
3.642259830076459934e+02
3.645432052509540313e+02
3.647952614673106382e+02
3.649040378293020126e+02
3.650720341152720607e+02
3.650862648683826137e+02
3.654489609909368255e+02
3.655822059978844436e+02
3.657000316477607953e+02
3.658020546205243022e+02
3.658019799921724484e+02
3.660440433078983347e+02
3.663416407976524738e+02
3.665256600843049455e+02
3.662987816895161473e+02
3.666723333595077747e+02
3.667760891486056494e+02
3.671147986067620650e+02
3.673050046818914325e+02
3.674073573031076307e+02
3.676015337298171062e+02
3.676616385494465362e+02
3.677828918249296635e+02
3.680151447310585127e+02
3.680041405001765042e+02
3.680939826290502310e+02
3.681313374585247971e+02
3.684802624551228973e+02
3.687428651117552931e+02
3.688483493225342613e+02
3.687669303543238470e+02
3.687968512671451435e+02
3.690081896503796202e+02
3.693235202288158234e+02
3.694375063190346964e+02
3.697717789255127627e+02
3.698738096568240508e+02
3.700928146691820189e+02
3.701753257177690557e+02
3.703413369501288344e+02
3.705647109316119554e+02
3.709489640331407259e+02
3.708940035641464306e+02
3.710790047037191925e+02
3.712665465125591595e+02
3.712927335030683480e+02
3.716966077470515302e+02
3.716680248744694381e+02
3.717175858545361393e+02
3.718933885187399255e+02
3.721999502893340832e+02
3.722757653646540916e+02
3.726527282789106152e+02
3.727827159392392105e+02
3.727998755307728516e+02
3.732634783157733409e+02
3.731909813412935364e+02
3.733505731624126724e+02
3.735233222911672328e+02
3.735560419511971304e+02
3.740538291022604653e+02
3.743134328660175356e+02
3.744101144069235829e+02
3.745936826383713196e+02
3.746988166624332166e+02
3.752534386498429626e+02
3.754977339166581487e+02
3.756174140256684382e+02
3.757391685065164211e+02
3.762056392370848812e+02
3.761145253900187981e+02
3.763788717699437711e+02
3.762837280998850815e+02
3.767873470698479537e+02
3.769724304771100378e+02
3.768986505923826371e+02
3.772991015648941584e+02
3.774776000229715578e+02
3.776153331716540151e+02
3.778226053811274596e+02
3.778546492229086766e+02
3.782922493188046928e+02
3.786321544829606296e+02
3.787262336003829546e+02
3.790784977675511982e+02
3.791794958801104372e+02
3.793062291422338035e+02
3.793872024912724896e+02
3.797840101344688151e+02
3.797626616685981844e+02
3.800808762030412709e+02
3.802533789180764074e+02
3.805301034647533243e+02
3.809092805077276012e+02
3.812809537334501897e+02
3.812575033641337541e+02
3.817958491890829009e+02
3.819159364506728593e+02
3.821799076737547693e+02
3.824401276683554443e+02
3.827261968846479476e+02
3.830787398082857749e+02
3.832132659442444833e+02
3.832716071444786508e+02
3.834888465422135937e+02
3.836343493300096270e+02
3.837959018245671245e+02
3.841429449605567470e+02
3.844017964086464190e+02
3.845952126043214889e+02
3.849520282980781758e+02
3.850465497382108424e+02
3.854350183582546947e+02
3.856397548800753725e+02
3.856445582441567694e+02
3.861883348792972583e+02
3.862819890972380676e+02
3.866398053193985334e+02
3.866977112755113808e+02
3.867411499719955827e+02
3.870581509831433209e+02
3.872692263114030311e+02
3.874985791225888647e+02
3.877382215814786832e+02
3.879492482917166853e+02
3.880488890691561892e+02
3.882809428279326198e+02
3.885923795749357055e+02
3.887033112658212417e+02
3.890306388493983718e+02
3.891880440478257697e+02
3.892998283989905985e+02
3.897707751971552739e+02
3.897136773484847936e+02
3.901714661009908696e+02
3.902527639653923757e+02
3.903879655482170961e+02
3.908222595358226386e+02
3.911037628147638543e+02
3.914014153214780549e+02
3.917304551102692471e+02
3.917755911330126537e+02
3.920726344125038167e+02
3.919942016586670093e+02
3.924476973127120800e+02
3.928789467297496003e+02
3.927950135917835155e+02
3.930749917609488762e+02
3.932118984743381134e+02
3.938281650202349056e+02
3.938176891436708047e+02
3.941951980346389064e+02
3.943937962088183440e+02
3.948472374141891237e+02
3.949302167482894106e+02
3.952852939301745323e+02
3.954954823402015904e+02
3.958067735716588231e+02
3.961108633439677646e+02
3.962375820944042175e+02
3.965706274645339136e+02
3.966166602080274401e+02
3.970939991415766031e+02
3.973166705506306471e+02
3.974738315874949990e+02
3.977270355219047815e+02
3.979491320831144776e+02
3.982707888105292682e+02
3.983733912761690590e+02
3.986734898575280113e+02
3.989903997725610907e+02
3.992972791792675480e+02
3.995312392447893899e+02
3.999863429920737303e+02
4.002306274622389424e+02
4.005803743194833260e+02
4.005072060134392018e+02
4.007718692237078244e+02
4.010236070646107009e+02
4.012377846326366466e+02
4.016457288385603874e+02
4.019573728201224867e+02
4.021531247415593384e+02
4.022994785137124722e+02
4.026340283919014951e+02
4.029103902663568988e+02
4.030116568227782636e+02
4.033458089531641804e+02
4.036603816059068777e+02
4.038121046714901468e+02
4.040672927635713449e+02
4.042993036732079304e+02
4.046830746079008350e+02
4.051970333416394965e+02
4.053450753806762350e+02
4.055417725871893708e+02
4.057025027441121665e+02
4.061665340770490502e+02
4.062842251849883155e+02
4.064644005896387853e+02
4.069110372276620637e+02
4.070519239094048203e+02
4.074970712676565086e+02
4.076749499706233451e+02
4.080294008979186060e+02
4.082808345846304405e+02
4.084209745305423098e+02
4.088770127271483830e+02
4.091917217306756243e+02
4.097185121341202034e+02
4.099922208641413590e+02
4.101122933252513576e+02
4.104521933814047543e+02
4.105229584941177450e+02
4.109159373014577454e+02
4.113771551542938596e+02
4.115442010484944149e+02
4.118728427839246820e+02
4.120640223032408471e+02
4.126334480316357940e+02
4.127298918381658268e+02
4.131292735244367123e+02
4.133763830455559969e+02
4.135119209348936806e+02
4.139383320596608655e+02
4.140874448189199484e+02
4.145564327561058917e+02
4.145248971674499785e+02
4.149627126386678242e+02
4.154008821978228525e+02
4.156883230462056531e+02
4.160658692532224450e+02
4.166950204062414969e+02
4.167961940786200330e+02
4.169588922690680874e+02
4.173552827119252697e+02
4.177317438785264017e+02
4.181626627889694987e+02
4.183881708643079946e+02
4.189489001209206549e+02
4.189709152239834111e+02
4.194017234592084833e+02
4.196465004023305596e+02
4.201607110138132839e+02
4.205329733636991136e+02
4.206544302708628607e+02
4.208795238397628964e+02
4.211988890404614949e+02
4.216347805649033944e+02
4.221043858031147238e+02
4.226107611884308994e+02
4.226393087314062313e+02
4.232039446813916470e+02
4.235218148340439939e+02
4.236944319149107514e+02
4.240345841881824640e+02
4.243561720097375769e+02
4.245696657049455212e+02
4.251307365369691524e+02
4.253638568645001214e+02
4.256861452833431372e+02
4.258315931205763150e+02
4.261681197391083629e+02
4.265489287118256811e+02
4.269082106949158515e+02
4.270675742473066521e+02
4.273481015063556470e+02
4.277543655852730353e+02
4.281534383734439189e+02
4.287035459522295469e+02
4.287053401032323450e+02
4.290488310358311992e+02
4.294772208585335989e+02
4.299460114899216023e+02
4.301128580118987657e+02
4.306336799407775402e+02
4.306767692984322480e+02
4.312271573963456035e+02
4.316475917090882035e+02
4.318105522964881402e+02
4.320257544363429361e+02
4.325088164383620892e+02
4.326891824176360046e+02
4.332587565869627610e+02
4.333560451772099782e+02
4.338729162919865416e+02
4.340831918376683802e+02
4.347358427544631923e+02
4.348856766292594216e+02
4.356101631349628747e+02
4.355446870747504136e+02
4.357750465052232585e+02
4.364379735988593438e+02
4.367634436156297397e+02
4.369436539986115804e+02
4.371599444327129049e+02
4.374647188453884041e+02
4.379923702337441114e+02
4.382710757085942532e+02
4.385077816699549658e+02
4.391098706781912711e+02
4.393324425775324471e+02
4.395201388960681470e+02
4.396516505466930198e+02
4.403408374337700479e+02
4.407580366122570581e+02
4.408895340494937614e+02
4.415026758727777292e+02
4.417748904274612869e+02
4.420761628212512164e+02
4.424394960184482102e+02
4.427945686405217884e+02
4.430992586985743173e+02
4.435503339966685985e+02
4.440468476885057498e+02
4.442754683736534957e+02
4.445387809909537964e+02
4.448598907451852824e+02
4.453529640913475873e+02
4.456159181656059900e+02
4.460483182937799143e+02
4.463367705061194215e+02
4.467092243661766702e+02
4.471391240287032929e+02
4.475504287369843155e+02
4.477162461128735913e+02
4.481415030581105157e+02
4.484725420300046608e+02
4.486189084916339311e+02
4.491506693402603219e+02
4.495613779647395631e+02
4.499277077527357278e+02
4.503790972221296443e+02
4.506502001567960178e+02
4.512279016395162898e+02
4.513817651977507808e+02
4.517611218819404826e+02
4.523421360136671296e+02
4.525548232375755333e+02
4.528811408112753725e+02
4.534039029929531353e+02
4.537232405668818842e+02
4.542609650551257801e+02
4.543041810247626699e+02
4.547288884294922582e+02
4.552474763853784339e+02
4.553677856036499065e+02
4.556761356734812125e+02
4.563073395516743176e+02
4.566609050058880257e+02
4.570442820848256815e+02
4.572106235653200770e+02
4.575781842946157099e+02
4.580220963645913912e+02
4.583234204291038054e+02
4.587609559211940677e+02
4.590636751862847973e+02
4.594217746971830252e+02
4.600475060125056075e+02
4.603292509424048831e+02
4.608026442108336482e+02
4.611769899283127643e+02
4.616283527211788851e+02
4.618228457830270486e+02
4.622491972568342362e+02
4.625000065042081587e+02
4.628637725058816272e+02
4.635104550223605315e+02
4.638149629645256482e+02
4.642357071156691291e+02
4.647310068961829188e+02
4.650194050702544359e+02
4.652776393333528517e+02
4.658030283588852285e+02
4.663149178460345183e+02
4.666885277669110792e+02
4.670081578363895005e+02
4.674492577476078168e+02
4.675788407450494901e+02
4.683218396329151574e+02
4.685532117976054565e+02
4.688357939072409408e+02
4.691647260421075885e+02
4.695449092817307246e+02
4.700430090387425253e+02
4.702872654334101412e+02
4.708763271279973992e+02
4.711856097635129572e+02
4.715028718800003844e+02
4.720154057897291295e+02
4.723672788586785032e+02
4.727248446153018335e+02
4.730538289791738293e+02
4.737322799014413022e+02
4.739317861367951537e+02
4.742128001912792570e+02
4.746418698655696176e+02
4.750176902599877167e+02
4.754988785231197426e+02
4.759566696117183824e+02
4.762331760450987872e+02
4.766251673930426023e+02
4.770520046601602644e+02
4.774388209671297432e+02
4.777104758397961177e+02
4.779830243060867474e+02
4.783982880577003129e+02
4.786137770311965483e+02
4.790737485676088454e+02
4.795367148373430837e+02
4.798444323274499652e+02
4.801882155382623409e+02
4.808580935880159473e+02
4.810497544170625019e+02
4.815541938508753788e+02
4.817980644064384705e+02
4.823316313964041910e+02
4.827448336522217573e+02
4.831064512994528286e+02
4.834379073079653608e+02
4.837541481720923002e+02
4.842060589201237804e+02
4.847994582736928351e+02
4.848935449090564020e+02
4.854791883189371333e+02
4.858056327585724716e+02
4.862525892675881209e+02
4.866601173421795465e+02
4.870551693056909244e+02
4.874963923334773881e+02
4.878209699459100648e+02
4.881935383400357864e+02
4.884273319888249034e+02
4.890831337178425429e+02
4.894301248998203846e+02
4.897513026739936208e+02
4.902738967495425868e+02
4.904835018307399537e+02
4.909955232130995455e+02
4.915249269060068968e+02
4.917885116275132873e+02
4.921876323236767803e+02
4.927250319571885484e+02
4.930062481328713488e+02
4.935466271086877441e+02
4.937466376630505351e+02
4.940879635084980350e+02
4.945088036447672266e+02
4.948647508218126632e+02
4.953405387017868975e+02
4.958239560244114159e+02
4.961833470246762090e+02
4.965636621062927247e+02
4.968538293461605235e+02
4.973038523892918192e+02
4.976806071440291248e+02
4.980551916275625786e+02
4.985814147193012786e+02
4.989824587452091578e+02
4.992707702520968382e+02
4.998397541890543607e+02
5.002568924897396414e+02
5.005902128074537814e+02
5.008688572527037195e+02
5.013410539433566555e+02
5.017668191826589918e+02
5.022944438733007928e+02
5.025679178747020615e+02
5.028849962190619749e+02
5.032500537038485504e+02
5.035954624273799709e+02
5.039715379562425142e+02
5.044242811640934292e+02
5.049113622112558915e+02
5.053763629955222427e+02
5.056914850047455730e+02
5.059576524282393848e+02
5.064340403473764809e+02
5.067887621343465412e+02
5.071497139040544653e+02
5.075264858676483186e+02
5.080575396615174668e+02
5.084157062096274444e+02
5.087323834343764020e+02
5.092106956793525683e+02
5.096402735686912706e+02
5.099020552683039114e+02
5.104557881424853463e+02
5.110570132242969521e+02
5.112507311377737551e+02
5.116264203297044446e+02
5.119984810161147379e+02
5.124954402704884160e+02
5.131094231095884197e+02
5.133400446306915228e+02
5.137486471959240362e+02
5.140903018616304507e+02
5.145177683522015286e+02
5.150001879448166164e+02
5.154955672510189970e+02
5.158310671174524487e+02
5.163512372491459246e+02
5.167835231028711860e+02
5.172058751921249495e+02
5.175811890042731420e+02
5.180020520713688938e+02
5.183529395519414038e+02
5.187093024272231787e+02
5.193013299461279075e+02
5.194829484849623213e+02
5.199482899778960245e+02
5.203143673058843888e+02
5.207706488833499634e+02
5.210862858986891979e+02
5.214107731891639332e+02
5.218964166230721275e+02
5.223603310000376041e+02
5.227315208348936721e+02
5.230963242397297108e+02
5.235676610499457411e+02
5.240761327738073305e+02
5.243848796141276125e+02
5.248397546648595835e+02
5.252866966874668151e+02
5.255764981492302468e+02
5.260385483616813644e+02
5.262828409778190917e+02
5.267380245832295032e+02
5.272772720708736642e+02
5.277254810101759404e+02
5.279594336653331084e+02
5.285598126727379622e+02
5.288592236860783942e+02
5.293043955033350585e+02
5.297597194744239459e+02
5.300942093263348625e+02
5.304274788804218588e+02
5.308509181792732079e+02
5.313897519966984646e+02
5.317780648290756744e+02
5.322181396180897082e+02
5.326048377259362496e+02
5.330289167010395204e+02
5.334099324847928756e+02
5.338864162681669541e+02
5.342816995034883121e+02
5.347428537260655048e+02
5.352749339135515356e+02
5.356041357699097034e+02
5.360579871360115476e+02
5.364067228507843765e+02
5.368706798248575751e+02
5.372140384931124117e+02
5.377396048326778555e+02
5.380369187498805559e+02
5.384220914443695847e+02
5.388368539236489596e+02
5.392075276677561533e+02
5.397568736015637114e+02
5.400469750668869438e+02
5.405733290130602882e+02
5.410271124531747091e+02
5.413486783754898397e+02
5.417861513676290315e+02
5.422243729597363426e+02
5.426656891879146087e+02
5.432066013060476735e+02
5.434924724610116300e+02
5.439066151716073136e+02
5.443088075332819926e+02
5.447171401526177306e+02
5.451882601825789152e+02
5.456465272389204983e+02
5.460593636430990045e+02
5.466795739987736624e+02
5.468740336010138208e+02
5.475613006410384287e+02
5.477284874288606034e+02
5.480890400262021558e+02
5.486149437896890504e+02
5.490930240129109734e+02
5.496200856902740952e+02
5.499210189142423815e+02
5.504230609392453744e+02
5.508589184765864957e+02
5.513242063374013924e+02
5.516837383727216775e+02
5.520320258510556641e+02
5.526333965330838964e+02
5.529778212376214697e+02
5.534586724981224961e+02
5.538454876223162273e+02
5.542547560892450065e+02
5.547299490730441676e+02
5.551853593286751902e+02
5.556331375999081956e+02
5.559926804534117082e+02
5.563606674844243116e+02
5.568924189307030019e+02
5.573173062466663623e+02
5.577125417072887785e+02
5.580896425939120036e+02
5.585880904877799367e+02
5.590107332199385155e+02
5.594136923803157515e+02
5.598021378194426916e+02
5.602683078222970607e+02
5.607500429341714607e+02
5.611806116754889899e+02
5.616891873166048299e+02
5.620156218543799014e+02
5.624393121642830238e+02
5.630365010343324457e+02
5.632980900018995953e+02
5.637992035055779070e+02
5.643176539733536856e+02
5.646688896462934508e+02
5.650620120960113582e+02
5.655780868501448140e+02
5.661017999956743552e+02
5.663105185082796424e+02
5.667859392809465362e+02
5.672295127335535199e+02
5.677499247812272642e+02
5.682077254648912685e+02
5.686406166306492196e+02
5.689321909647943585e+02
5.693884179601453752e+02
5.698533622719469349e+02
5.702468538980456287e+02
5.706833600044413970e+02
5.711541435461978153e+02
5.716051351318617435e+02
5.720896350387916982e+02
5.725605330430566937e+02
5.728222407739532400e+02
5.732339008264900713e+02
5.736760856234566290e+02
5.741167583670128352e+02
5.745504889565116855e+02
5.748353883063373360e+02
5.754559899812135200e+02
5.758832992301437343e+02
5.763711284131982211e+02
5.767088536015620548e+02
5.772450449944150250e+02
5.776026805888615172e+02
5.779032610682970699e+02
5.783862070097143260e+02
5.788089526251170582e+02
5.792939524219062832e+02
5.797280774680551758e+02
5.802168145418407903e+02
5.806833517027351945e+02
5.810339450504936849e+02
5.815402082942770221e+02
5.819019079571659177e+02
5.824708027960663230e+02
5.827638674989029823e+02
5.832956312991783534e+02
5.838896596676997888e+02
5.841845009487825564e+02
5.845583058817392157e+02
5.850523662664500080e+02
5.854986401555402153e+02
5.860284169888477663e+02
5.865352509280463664e+02
5.868884825417891307e+02
5.873415550272105747e+02
5.878249684466363760e+02
5.881695739887970831e+02
5.886502627118338751e+02
5.890088098768896998e+02
5.895785958578992449e+02
5.900684791236866431e+02
5.904618751104728744e+02
5.908801317139443654e+02
5.913949566842519516e+02
5.918474211081471594e+02
5.921982600133694632e+02
5.927277355227681710e+02
5.930633205339788674e+02
5.934616514663264297e+02
5.940755728010633447e+02
5.944510904580948818e+02
5.947387550913072118e+02
5.952477286151547560e+02
5.957184260542713901e+02
5.962505688583803476e+02
5.967478157158740260e+02
5.971087542605761200e+02
5.976296915298570411e+02
5.981833729700171034e+02
5.985641181958213792e+02
5.989385657818684194e+02
5.994682438536232212e+02
5.997895886627629807e+02
6.003069787040805068e+02
6.007731232146453522e+02
6.010830114952460690e+02
6.016443315797862397e+02
6.019801349815300000e+02
6.025429514634986390e+02
6.029753857256823721e+02
6.033690132166345848e+02
6.038650475306277485e+02
6.042765320017371096e+02
6.047907677017337846e+02
6.052245143215063763e+02
6.057621896680871032e+02
6.061443706424699940e+02
6.064962883205844264e+02
6.069896141927016515e+02
6.074095533393365258e+02
6.078890367578744645e+02
6.083496091967735993e+02
6.087338648566699248e+02
6.091920906586683486e+02
6.097231776609630742e+02
6.102336974471260191e+02
6.106152663997723948e+02
6.110418203879489738e+02
6.115141496235946761e+02
6.118623155389717567e+02
6.123157055111526006e+02
6.128234198112139666e+02
6.131694034038023347e+02
6.136296824677293671e+02
6.140826959013359101e+02
6.145569412285484532e+02
6.149876984458794595e+02
6.153860969729402086e+02
6.159957516911675839e+02
6.163142835751530129e+02
6.167459611017164889e+02
6.172518494448354431e+02
6.176369067137333104e+02
6.181241298570512299e+02
6.185193211158185704e+02
6.189487016540039122e+02
6.195751525769084083e+02
6.198218734299431389e+02
6.203008077403288780e+02
6.207853204869525143e+02
6.210963193029222111e+02
6.215188882890496416e+02
6.219558175651480951e+02
6.223692294499032869e+02
6.228452743546503143e+02
6.231959467652953890e+02
6.237118848013899424e+02
6.240321742698272374e+02
6.244881602043535622e+02
6.248744444530298097e+02
6.253249365594894016e+02
6.257481208025241131e+02
6.261180826535467077e+02
6.267254662760470865e+02
6.269647881824899969e+02
6.275223915006453126e+02
6.278175214346736084e+02
6.282962658908389812e+02
6.286841342794839420e+02
6.291641186800000014e+02
6.295060532386800105e+02
6.298493679015502948e+02
6.303249912127067773e+02
6.307606347890040297e+02
6.310358099543747130e+02
6.314761389297684673e+02
6.319524685114442946e+02
6.323420534060041973e+02
6.328453055663258056e+02
6.332942501825170893e+02
6.335749266432467266e+02
6.339967630966217484e+02
6.343753630535778711e+02
6.348044407517226091e+02
6.351743249493365511e+02
6.355596415069918521e+02
6.360246983421110372e+02
6.364661644819020694e+02
6.368257822247441027e+02
6.372448488421686079e+02
6.376229381110180157e+02
6.380726823723827010e+02
6.384628518770900882e+02
6.388906820597334217e+02
6.391711127181359871e+02
6.397235564700397390e+02
6.400122702427707964e+02
6.404265428634312229e+02
6.407027644050513118e+02
6.411225895604729885e+02
6.415946315514829621e+02
6.419845213948727860e+02
6.423427572495983213e+02
6.427308884649523861e+02
6.430741456810303589e+02
6.435434806271061916e+02
6.438570728156971654e+02
6.441361665675973427e+02
6.445495824130041456e+02
6.448834653058834192e+02
6.452560120772890286e+02
6.456094203198241530e+02
6.460751590256613781e+02
6.465182681334105155e+02
6.468196352225427290e+02
6.472033614913004840e+02
6.475563313890257859e+02
6.479913565434147813e+02
6.483331666343194684e+02
6.487884895158153995e+02
6.490868274530687358e+02
6.494147148400023752e+02
6.498045822182463098e+02
6.501860657918213064e+02
6.505756717170049797e+02
6.509160705266889408e+02
6.513647143131854591e+02
6.517071101762003309e+02
6.520573766565580627e+02
6.524789585303572039e+02
6.528562645626819858e+02
6.531497620187617485e+02
6.535428759252201871e+02
6.539057482282765932e+02
6.542151101665067472e+02
6.545241687605939660e+02
6.549147775027666967e+02
6.552917036695181423e+02
6.555955926638571327e+02
6.559649375352929610e+02
6.563396511055892688e+02
6.567595783977284327e+02
6.571300941857073212e+02
