1.042942177184163666e+04
1.046502461132404824e+04
1.080646082470549482e+04
1.105798361317202580e+04
1.107000062847972004e+04
1.105266658508379624e+04
1.104929906444617154e+04
1.104149430415269308e+04
1.104619589583818015e+04
1.104416412896212751e+04
1.104249336872535787e+04
1.103986075397810600e+04
1.103715019561492409e+04
1.103396561356872189e+04
1.103062396513649037e+04
1.102717681764257577e+04
1.102413226419187049e+04
1.102090807326591676e+04
1.101762031193610528e+04
1.101423377079478087e+04
1.101113122254649534e+04
1.100794314850740739e+04
1.100488894117320888e+04
1.100151947193743035e+04
1.099856947261895766e+04
1.099508025026532960e+04
1.099198057439940567e+04
1.098887725675387082e+04
1.098608367483691109e+04
1.098260341234260522e+04
1.097931994035424941e+04
1.097625063288797355e+04
1.097314187657742514e+04
1.096968970722907943e+04
1.096657964630180322e+04
1.096352831217286257e+04
1.096041907219333189e+04
1.095727492340077333e+04
1.095386799542788685e+04
1.095102441094669484e+04
1.094809068948114691e+04
1.094438671041818998e+04
1.094134115193274010e+04
1.093826787630481886e+04
1.093500121357237003e+04
1.093172691708101593e+04
1.092895662680525129e+04
1.092567699914883815e+04
1.092273399451903424e+04
1.091914655601484083e+04
1.091602435141484239e+04
1.091276371512654441e+04
1.090983305273291626e+04
1.090688389098579864e+04
1.090327795155292915e+04
1.090004216611092488e+04
1.089717010224657133e+04
1.089392309183426551e+04
1.089090212613890799e+04
1.088749298555821224e+04
1.088465086653952858e+04
1.088153473830861185e+04
1.087826405665437233e+04
1.087508007674426153e+04
1.087229161644595479e+04
1.086882327034978880e+04
1.086584028620552817e+04
1.086272620920937698e+04
1.085942736523267376e+04
1.085615890656588272e+04
1.085318785160409789e+04
1.085032173061906906e+04
1.084728568692181398e+04
1.084413751632497406e+04
1.084090738469433745e+04
1.083763543332429799e+04
1.083465828958199018e+04
1.083147884955654990e+04
1.082844848324150189e+04
1.082498162368022349e+04
1.082228354074332674e+04
1.081895742707176578e+04
1.081570809243447729e+04
1.081284853738309357e+04
1.080954019412747584e+04
1.080650297001669605e+04
1.080373280320366393e+04
1.080064930942943829e+04
1.079737997998859100e+04
1.079429220335757964e+04
1.079114784009755022e+04
1.078819931599645315e+04
1.078516736801014849e+04
1.078204493799376905e+04
1.077874896373919910e+04
1.077587522171969795e+04
1.077284856107240375e+04
1.076947325436176288e+04
1.076668796764711078e+04
1.076340836955838495e+04
1.076034802697330815e+04
1.075714476561276751e+04
1.075429150242881224e+04
1.075127821147566283e+04
1.074799903775729035e+04
1.074502166111559745e+04
1.074209512505770908e+04
1.073897595325813563e+04
1.073594194191130191e+04
1.073276042387113739e+04
1.072982859119214663e+04
1.072696662081358227e+04
1.072390663001496068e+04
1.072080093496857626e+04
1.071745506109172129e+04
1.071437141052653897e+04
1.071154074466770544e+04
1.070848084723943066e+04
1.070541985069852308e+04
1.070243705756643067e+04
1.069949313877497116e+04
1.069655795263168147e+04
1.069316070750481595e+04
1.069047788180708085e+04
1.068717420475955623e+04
1.068432400603350834e+04
1.068127240242608059e+04
1.067808777701172403e+04
1.067510218170193730e+04
1.067214194878225317e+04
1.066919918761308872e+04
1.066611219035373142e+04
1.066354705122220548e+04
1.066022986760317326e+04
1.065721929669504425e+04
1.065452001193738761e+04
1.065132296904893519e+04
1.064806416138775603e+04
1.064486708421142612e+04
1.064204889117815401e+04
1.063944463205855936e+04
1.063653012872552608e+04
1.063328024418105815e+04
1.063048129297367086e+04
1.062744436257877715e+04
1.062423488330658074e+04
1.062145997710227311e+04
1.061840583285389403e+04
1.061528103188414752e+04
1.061233335041676764e+04
1.060966267011798845e+04
1.060665027335404193e+04
1.060348626089973004e+04
1.060059066565810463e+04
1.059740311646836199e+04
1.059466475323595114e+04
1.059171491489474101e+04
1.058869055388510787e+04
1.058568933876328629e+04
1.058267686546482037e+04
1.057999262506890591e+04
1.057684472177463431e+04
1.057380773526545272e+04
1.057094305193892797e+04
1.056787717465230890e+04
1.056516646231362938e+04
1.056190973139449670e+04
1.055899658953871585e+04
1.055613378266757172e+04
1.055303925988870651e+04
1.055053700623171790e+04
1.054763923340826295e+04
1.054415406052159415e+04
1.054132885815152440e+04
1.053867118564841257e+04
1.053581499892538159e+04
1.053264864425067390e+04
1.052982067868277773e+04
1.052686678630270580e+04
1.052415918083193174e+04
1.052125072056154568e+04
1.051838136835709884e+04
1.051541967650470360e+04
1.051243316429046354e+04
1.050950907717707378e+04
1.050656759422794312e+04
1.050371838792351809e+04
1.050093646018138134e+04
1.049802580971619864e+04
1.049501887936514686e+04
1.049222239618674939e+04
1.048933966106262415e+04
1.048650835657208336e+04
1.048370845562402246e+04
1.048072976939468754e+04
1.047778155651266025e+04
1.047478645939062517e+04
1.047177734977718137e+04
1.046904386077392155e+04
1.046598289820215905e+04
1.046347079096732159e+04
1.046076716291547382e+04
1.045783017142851168e+04
1.045489093887682611e+04
1.045195466045064859e+04
1.044912152978785525e+04
1.044644665903602072e+04
1.044333561142010876e+04
1.044029234049569095e+04
1.043754213994870406e+04
1.043470680430034372e+04
1.043202003481319298e+04
1.042914218678238467e+04
1.042631245126067006e+04
1.042355874575268899e+04
1.042066148592174432e+04
1.041764863698326008e+04
1.041489075420337576e+04
1.041215772239742728e+04
1.040938423018999492e+04
1.040628290540484522e+04
1.040363752612024291e+04
1.040074069435883393e+04
1.039790916887542880e+04
1.039486158027265446e+04
1.039180029341706904e+04
1.038910962603888584e+04
1.038635694782243081e+04
1.038331646963823550e+04
1.038081855647356861e+04
1.037821993504050806e+04
1.037540431138959866e+04
1.037261022028763364e+04
1.036972896983302417e+04
1.036685807932477837e+04
1.036399196644814219e+04
1.036126342729559838e+04
1.035836404454906551e+04
1.035567669542795738e+04
1.035277413078415520e+04
1.035004653671892083e+04
1.034705428483297510e+04
1.034424651213084326e+04
1.034143644518180008e+04
1.033867212495840067e+04
1.033602598102066077e+04
1.033346867422028845e+04
1.033052593893731682e+04
1.032789601054828199e+04
1.032496221536273515e+04
1.032226837520035770e+04
1.031942122006014324e+04
1.031666552519171273e+04
1.031368431256186523e+04
1.031140160884202487e+04
1.030835175832346431e+04
1.030581729191857994e+04
1.030308933264387451e+04
1.030042103832746034e+04
1.029753044398331986e+04
1.029488587257238942e+04
1.029229251031219974e+04
1.028932796205973864e+04
1.028657148179320393e+04
1.028380491171103859e+04
1.028110812890629131e+04
1.027829910085201482e+04
1.027587874067192934e+04
1.027311742654876980e+04
1.027041378910455933e+04
1.026770276783293775e+04
1.026502944788649802e+04
1.026231929258875789e+04
1.025947448748137140e+04
1.025681539045906902e+04
1.025413214972647984e+04
1.025162476838747534e+04
1.024891095848979239e+04
1.024588169202653989e+04
1.024349853056000575e+04
1.024061883487925661e+04
1.023792090532390830e+04
1.023521779385877926e+04
1.023282638068490814e+04
1.023012407097700270e+04
1.022737594283788167e+04
1.022462240541056963e+04
1.022218008796113463e+04
1.021973927463448308e+04
1.021661737451334920e+04
1.021407407701561351e+04
1.021146317085009650e+04
1.020852140452553977e+04
1.020599039044986785e+04
1.020340901638087962e+04
1.020064272269919275e+04
1.019795608756485854e+04
1.019544033348021549e+04
1.019273829457858119e+04
1.019014175496034113e+04
1.018740157681421806e+04
1.018467063306774980e+04
1.018211626711741883e+04
1.017961160377487613e+04
1.017672302123799636e+04
1.017399442362473019e+04
1.017161224568063517e+04
1.016901045284683096e+04
1.016632790504897457e+04
1.016392546054835111e+04
1.016100175837787720e+04
1.015832993008981066e+04
1.015585002297611027e+04
1.015309476948761403e+04
1.015048928502367744e+04
1.014800136574804674e+04
1.014541135415555800e+04
1.014273170612766444e+04
1.014000166361100855e+04
1.013724390347903318e+04
1.013496796296617686e+04
1.013241013708076753e+04
1.013001288738599578e+04
1.012737090686944612e+04
1.012475735890876786e+04
1.012218132491986216e+04
1.011969210836423917e+04
1.011707465747706556e+04
1.011433383378459985e+04
1.011196399891693727e+04
1.010923712031133618e+04
1.010693801904970496e+04
1.010458026135524051e+04
1.010178667769274216e+04
1.009923270919352399e+04
1.009671416613081965e+04
1.009410797012819239e+04
1.009169094563523686e+04
1.008912365171915553e+04
1.008665393287522420e+04
1.008402874327188874e+04
1.008153555895752470e+04
1.007900735405652267e+04
1.007647171167807392e+04
1.007372700812376024e+04
1.007135510086986869e+04
1.006884298510309418e+04
1.006638465560773693e+04
1.006387778046706626e+04
1.006137326663509521e+04
1.005861796027629498e+04
1.005639670018375182e+04
1.005389466011734294e+04
1.005147405727260775e+04
1.004888486483246925e+04
1.004642747586197038e+04
1.004401873602278465e+04
1.004161614662153806e+04
1.003900072829904639e+04
1.003664060996024273e+04
1.003402675470308168e+04
1.003172328959105653e+04
1.002898575819926009e+04
1.002657893925317512e+04
1.002417302612322055e+04
1.002166243419714192e+04
1.001909947078453843e+04
1.001669795936454284e+04
1.001415721578798002e+04
1.001203263352606700e+04
1.000941990986509882e+04
1.000669450981626869e+04
1.000453557888213800e+04
1.000209484907109254e+04
9.999591934550253427e+03
9.997203099389615090e+03
9.994839522671225495e+03
9.992249444784576554e+03
9.989943358492213520e+03
9.987480053510191283e+03
9.984991420902484606e+03
9.982681671801507036e+03
9.980425274682467716e+03
9.977918874340108232e+03
9.975381352307491397e+03
9.972725542431326176e+03
9.970361546194564653e+03
9.968064274688285877e+03
9.965427216211797713e+03
9.963075005981061622e+03
9.960714185869826906e+03
9.958291302444875328e+03
9.956127791826342218e+03
9.953613094384470969e+03
9.951144861254639181e+03
9.948601642280269516e+03
9.946270731901959152e+03
9.943841323948507124e+03
9.941609826157377029e+03
9.939138835478170222e+03
9.936694560833888318e+03
9.934378134725347991e+03
9.932159536674449555e+03
9.929735764005738019e+03
9.927327215337658345e+03
9.925038412299738411e+03
9.922791138925804262e+03
9.920287049809263408e+03
9.918109572562754693e+03
9.915692444277414324e+03
9.913356354291103344e+03
9.910916523688751113e+03
9.908711548605213466e+03
9.906222226001107629e+03
9.903949656839195086e+03
9.901604648461712713e+03
9.899205812177093321e+03
9.896773962702776771e+03
9.894420479864458684e+03
9.892091464024590096e+03
9.889853527758852579e+03
9.887340425449681788e+03
9.885340703279094669e+03
9.882966506572540311e+03
9.880658627843682552e+03
9.878215700649669088e+03
9.875974316071024077e+03
9.873889678001834909e+03
9.871408149337734358e+03
9.869200215233084236e+03
9.866880632270173010e+03
9.864583129145556086e+03
9.862092446766624562e+03
9.860118669673998738e+03
9.857711215787996480e+03
9.855330366383028377e+03
9.853225262204259707e+03
9.850956497600971488e+03
9.848584159059442754e+03
9.846448467884270940e+03
9.844007338202625760e+03
9.841741158733386328e+03
9.839644226220874771e+03
9.837511152275741551e+03
9.834993054751112140e+03
9.832782740160093454e+03
9.830593315399552012e+03
9.828426973297046061e+03
9.826127122963340298e+03
9.823995011894354320e+03
9.821721570690096996e+03
9.819485580337111969e+03
9.817210781457608391e+03
9.814985584649695738e+03
9.812826934287766562e+03
9.810502848331652785e+03
9.808488221657531540e+03
9.805966738570481539e+03
9.803959770147779636e+03
9.801735861483832196e+03
9.799657320533422535e+03
9.797415986372223415e+03
9.795043827725779920e+03
9.792760336679044485e+03
9.790590688136009703e+03
9.788673917877282292e+03
9.786189501171933443e+03
9.784136162627721205e+03
9.781955433085595359e+03
9.779694085282857486e+03
9.777493430709948370e+03
9.775302455898001426e+03
9.773329933882689147e+03
9.771144966815441876e+03
9.769030102300428553e+03
9.766862591360872102e+03
9.764779656706994501e+03
9.762582468902250184e+03
9.760380632787469949e+03
9.758389009473023179e+03
9.756135975093600791e+03
9.753944507941227130e+03
9.751714843538331479e+03
9.749771780256884085e+03
9.747479844755922386e+03
9.745308155085844191e+03
9.743354814561998865e+03
9.741127437044187900e+03
9.738888574205398982e+03
9.736912415771379528e+03
9.734590275186896179e+03
9.732553495282483709e+03
9.730660551686520193e+03
9.728419915591144672e+03
9.726123039771728145e+03
9.724250331703815391e+03
9.722096427136340935e+03
9.719818970972513853e+03
9.717881181978371387e+03
9.715639992810027252e+03
9.713604778000360966e+03
9.711614770336504080e+03
9.709274130186835464e+03
9.707412983409212757e+03
9.705385071632370455e+03
9.703318516883186021e+03
9.701256821620214396e+03
9.699185108568266514e+03
9.697067886672102759e+03
9.695071213657931366e+03
9.692870788073438234e+03
9.690866003727935095e+03
9.688745043489736418e+03
9.686609953078221224e+03
9.684753725084518010e+03
9.682748280287429225e+03
9.680370952725552343e+03
9.678604689823063381e+03
9.676519623980691904e+03
9.674552499050891129e+03
9.672405842589127133e+03
9.670421863140696587e+03
9.668355432621228829e+03
9.666266078268627098e+03
9.664229713608912789e+03
9.662328057614957288e+03
9.660312009370136366e+03
9.658221394290663739e+03
9.656361759813946264e+03
9.654316082428013033e+03
9.652141630076856018e+03
9.650162403598145829e+03
9.648413007087656297e+03
9.646453609287378640e+03
9.644295466371222574e+03
9.642452728393805955e+03
9.640415168314288167e+03
9.638505627814087347e+03
9.636444503807999354e+03
9.634531511717585090e+03
9.632620141409297503e+03
9.630957398744429156e+03
9.628699305119858764e+03
9.626676988210112540e+03
9.624891066646418039e+03
9.622879500850274781e+03
9.620962809950329756e+03
9.618970656893186970e+03
9.617088418675348294e+03
9.615247592070796600e+03
9.613265879896884144e+03
9.611262233635519806e+03
9.609431344421489484e+03
9.607465820545410679e+03
9.605701381973743992e+03
9.603909963999543834e+03
9.601803713204346423e+03
9.599742538837590473e+03
9.598153940988820978e+03
9.596265538463663688e+03
9.594386211645673029e+03
9.592517419699495804e+03
9.590656604285555659e+03
9.588787754116772703e+03
9.586726763653781745e+03
9.585028052916581146e+03
9.583097745296990979e+03
9.581345282983262223e+03
9.579550740419952490e+03
9.577450635660914486e+03
9.575657606445724014e+03
9.573762406370075041e+03
9.572023541050941276e+03
9.570052525602812239e+03
9.568293875759041839e+03
9.566338654722050705e+03
9.564611383259561990e+03
9.562676428787008263e+03
9.560967846073648616e+03
9.559124397774394311e+03
9.557128952252325689e+03
9.555433651971537984e+03
9.553644965810353824e+03
9.551623277055578001e+03
9.549749107400122739e+03
9.547943404759160330e+03
9.546113032133691377e+03
9.544249094460448759e+03
9.542599721086260615e+03
9.540648228133422890e+03
9.538808106060290811e+03
9.537075505254737436e+03
9.535335076385455977e+03
9.533420986227862159e+03
9.531552255126993259e+03
9.529859387211761714e+03
9.528173464963474544e+03
9.526382761410694002e+03
9.524604346181242363e+03
9.522830690088090705e+03
9.521217247463440799e+03
9.519370964907246162e+03
9.517479975625697989e+03
9.515859457241986092e+03
9.514016547984423596e+03
9.512077726355319101e+03
9.510503983725147918e+03
9.508634988213414545e+03
9.507083908506816442e+03
9.505306926457222289e+03
9.503482420823458597e+03
9.501745300043277894e+03
9.500093341947795125e+03
9.498236456682578137e+03
9.496617473321133730e+03
9.495018807970078342e+03
9.493363296432431525e+03
9.491593499168808194e+03
9.489865038567884767e+03
9.488224785403412170e+03
9.486573175571826141e+03
9.484783840995922219e+03
9.483165574329059382e+03
9.481483510652918994e+03
9.479763581591214461e+03
9.478158534497457367e+03
9.476687539260572521e+03
9.474945082573391119e+03
9.473284261127120772e+03
9.471449895095543980e+03
9.469816557672940689e+03
9.468192001665980570e+03
9.466690836425415910e+03
9.465098887772122907e+03
9.463328945846653369e+03
9.461767651097117778e+03
9.460024370017312322e+03
9.458444446004052224e+03
9.456774055278036030e+03
9.455176144749413652e+03
9.453585527850520521e+03
9.451892611847588341e+03
9.450336239488106003e+03
9.448752459123994413e+03
9.447108098472548591e+03
9.445529799783600538e+03
9.443944221894904331e+03
9.442307305359161546e+03
9.440604156135714220e+03
9.439106048151268624e+03
9.437510403070054963e+03
9.435758609147127572e+03
9.434272401269196052e+03
9.432599588609755301e+03
9.431163827593982205e+03
9.429491926826975032e+03
9.427791699550978592e+03
9.426309621806072755e+03
9.424861207691563322e+03
9.423168887804820770e+03
9.421498655846335168e+03
9.420087432184245699e+03
9.418501492652567322e+03
9.416833066188590237e+03
9.415318290403780338e+03
9.413757951750785651e+03
9.412170368839615548e+03
9.410675763486233336e+03
9.409113735816858025e+03
9.407622192656319385e+03
9.406100310931220520e+03
9.404439664363944757e+03
9.402964687310601221e+03
9.401477071719573360e+03
9.400070134179182787e+03
9.398486076823051917e+03
9.397074187731417624e+03
9.395740309810613326e+03
9.394016199681998842e+03
9.392661497664612398e+03
9.391069528164736766e+03
9.389733466311819939e+03
9.388136185597564690e+03
9.386570223488677584e+03
9.385126733803814204e+03
9.383622424380608209e+03
9.382280482841475532e+03
9.380765198231372779e+03
9.379248179146214170e+03
9.377858328773023459e+03
9.376374654380522770e+03
9.374924686221062075e+03
9.373512790400272934e+03
9.372096842716051469e+03
9.370584287863728605e+03
9.369093017740980940e+03
9.367759746472835104e+03
9.366204969124724812e+03
9.364877306829865120e+03
9.363454231610277930e+03
9.361874828325335329e+03
9.360443429958007982e+03
9.359186344720250418e+03
9.357685579140192203e+03
9.356355713680683039e+03
9.354862651258066762e+03
9.353527832162380946e+03
9.351924725326758562e+03
9.350492532756006767e+03
9.349090106531552010e+03
9.347746717381740382e+03
9.346385725281308623e+03
9.345003639895407105e+03
9.343542079071330591e+03
9.342052743425738299e+03
9.340796056911181950e+03
9.339514187323864462e+03
9.338237573225969754e+03
9.336746978490647962e+03
9.335452967106044525e+03
9.334053439921326571e+03
9.332642010043260598e+03
9.331424957029517827e+03
9.329982056669616213e+03
9.328643944564373669e+03
9.327310213426313567e+03
9.325996727060091871e+03
9.324658492355178169e+03
9.323280898896970029e+03
9.321919702800374580e+03
9.320672679343291748e+03
9.319456912737003222e+03
9.318101924242337191e+03
9.316854612970804737e+03
9.315498668509495474e+03
9.314281200952800646e+03
9.312993079264160770e+03
9.311559971786109600e+03
9.310422672802513262e+03
9.308919577243575986e+03
9.307766030078437325e+03
9.306513505807553884e+03
9.305208864687423556e+03
9.303881257879456825e+03
9.302576791108516773e+03
9.301367981377190517e+03
9.300179093001399451e+03
9.299015738393392894e+03
9.297609031284975572e+03
9.296430561042490808e+03
9.295132579476303363e+03
9.293962439266668298e+03
9.292744428104850158e+03
9.291559079597613163e+03
9.290374206894688541e+03
9.289067855434313969e+03
9.287828374620217801e+03
9.286677535868271661e+03
9.285493499697169682e+03
9.284209872635132342e+03
9.283044283852535955e+03
9.281788157619634148e+03
9.280725852945080987e+03
9.279477791424547831e+03
9.278436570410180138e+03
9.277170166437072112e+03
9.275990012826523525e+03
9.274820742074825830e+03
9.273718285978768108e+03
9.272515724664372101e+03
9.271406424255083039e+03
9.270141779843297627e+03
9.269098184732829395e+03
9.267863614161668011e+03
9.266843878080637296e+03
9.265555794566345867e+03
9.264576858319289386e+03
9.263424670458585751e+03
9.262201148047224706e+03
9.261192406862663120e+03
9.260004763702434502e+03
9.258762389450665069e+03
9.257805319847255305e+03
9.256709420087108811e+03
9.255595492201951856e+03
9.254460716549048811e+03
9.253226291181383203e+03
9.252276308348729799e+03
9.251208088173007127e+03
9.250044017174670444e+03
9.249045925561753393e+03
9.248024226804771388e+03
9.247027345005504685e+03
9.245911742735006555e+03
9.244807052349446167e+03
9.243755825218553582e+03
9.242672585619815436e+03
9.241700683448591008e+03
9.240697335106118771e+03
9.239674291729861579e+03
9.238534146795434935e+03
9.237479904567670019e+03
9.236544986530632741e+03
9.235603800397560917e+03
9.234454811659468760e+03
9.233450616843818352e+03
9.232396226212331385e+03
9.231481185719323548e+03
9.230455536529245364e+03
9.229417745673687023e+03
9.228608614698692691e+03
9.227590952889684559e+03
9.226603434954398836e+03
9.225511037357240639e+03
9.224601864353595374e+03
9.223651081353251357e+03
9.222646644001861205e+03
9.221733200970931648e+03
9.220705952985403201e+03
9.219829893507652741e+03
9.218856274569961897e+03
9.217928058921746924e+03
9.217005185695443288e+03
9.216006072565905924e+03
9.215114599217580690e+03
9.214106696587930855e+03
9.213194175171158349e+03
9.212268874819494158e+03
9.211370586563572942e+03
9.210420214555984785e+03
9.209503278947120634e+03
9.208589973773139718e+03
9.207637802502635168e+03
9.206837961403341978e+03
9.205871247217106429e+03
9.205030005781034561e+03
9.204093689137585898e+03
9.203176504672466763e+03
9.202387526749573226e+03
9.201420912267016320e+03
9.200572728740884486e+03
9.199706676629533831e+03
9.198810876388519318e+03
9.197896294098283761e+03
9.197042240396740453e+03
9.196320704850599213e+03
9.195327599476882824e+03
9.194597426899021229e+03
9.193748806312802117e+03
9.192957545218769155e+03
9.192066898800852869e+03
9.191189386942560304e+03
9.190353660706454320e+03
9.189614071705902461e+03
9.188697140518434026e+03
9.187800075899091098e+03
9.187067413447621220e+03
9.186178797860218765e+03
9.185318990593608760e+03
9.184644884024713974e+03
9.183823198854679504e+03
9.183084109468967654e+03
9.182273473481200199e+03
9.181426999798766701e+03
9.180697611861554833e+03
9.179814140653499635e+03
9.179069884643386104e+03
9.178337066549926021e+03
9.177519691232271725e+03
9.176744810403552037e+03
9.175899888930625821e+03
9.175168338609119019e+03
9.174339745604829659e+03
9.173643446098285494e+03
9.172989562973232751e+03
9.172172369795382110e+03
9.171411602035475880e+03
9.170734009544177752e+03
9.169955435205771209e+03
9.169287419760808916e+03
9.168452384172716847e+03
9.167703115011277987e+03
9.166867454438061031e+03
9.166266349821329641e+03
9.165516400221664298e+03
9.164751677305712292e+03
9.164105181834685936e+03
9.163390486435037019e+03
9.162630091337789054e+03
9.161958671427455556e+03
9.161259634238975195e+03
9.160538689616076226e+03
9.159861798726611596e+03
9.159208047664178594e+03
9.158502713832647714e+03
9.157756151701183626e+03
9.157109425748141803e+03
9.156392254149912333e+03
9.155727508304546063e+03
9.155089319245320439e+03
9.154253307955275886e+03
9.153695859893969100e+03
9.152975053646217930e+03
9.152177063646686292e+03
9.151658956834877245e+03
9.151012328286829870e+03
9.150304429797351986e+03
9.149618876163025561e+03
9.149000556829059860e+03
9.148443319657908432e+03
9.147737989180337536e+03
9.147052937121652576e+03
9.146467479478913447e+03
9.145781998052156268e+03
9.145201347374582838e+03
9.144500956362617217e+03
9.143884478152858719e+03
9.143248798665179493e+03
9.142615825829117966e+03
9.142014396683051018e+03
9.141307798226440354e+03
9.140796337265277543e+03
9.140075499119178858e+03
9.139506617512966841e+03
9.138895636751673010e+03
9.138315959286439465e+03
9.137649068102971796e+03
9.137072768072359395e+03
9.136456903724065342e+03
9.135870150013237435e+03
9.135266574074968958e+03
9.134742918884912797e+03
9.134106669024020448e+03
9.133500399353872126e+03
9.132877828281536495e+03
9.132258504346360496e+03
9.131673726340402936e+03
9.131122094203892630e+03
9.130563282178265581e+03
9.129978882033414266e+03
9.129394577603352445e+03
9.128889458274037679e+03
9.128276219546210996e+03
9.127642590366633158e+03
9.127045339126965700e+03
9.126552581483185349e+03
9.125983992327219312e+03
9.125438255735884013e+03
9.124814169387500442e+03
9.124252517102322599e+03
9.123739066405369158e+03
9.123219114175784853e+03
9.122548062172629216e+03
9.122036060244075998e+03
9.121552868975251840e+03
9.121023956464778166e+03
9.120462935240178922e+03
9.119865091977722841e+03
9.119363287277221389e+03
9.118798217233039395e+03
9.118277249922048213e+03
9.117781251074871761e+03
9.117244227048791799e+03
9.116716577888540996e+03
9.116269546296880435e+03
9.115655944623913456e+03
9.115122846070396918e+03
9.114625784739426308e+03
9.114148949622491273e+03
9.113494979078339384e+03
9.112999452366240803e+03
9.112537568800771624e+03
9.111998350503861730e+03
9.111530941450584578e+03
9.110935545899754288e+03
9.110463201667420435e+03
9.109913036859035856e+03
9.109460757435057531e+03
9.108962529405347595e+03
9.108453936717238321e+03
9.107922721476135848e+03
9.107418476077513333e+03
9.106962451347939350e+03
9.106437918835423261e+03
9.105933907561899105e+03
9.105456728389652199e+03
9.104934521671990296e+03
9.104480280776917425e+03
9.104013615960599054e+03
9.103501716507797028e+03
9.103014226786814106e+03
9.102635172645854254e+03
9.102171845589000441e+03
9.101648315685994021e+03
9.101205882372332781e+03
9.100757410447411530e+03
9.100261939488531425e+03
9.099730558319897682e+03
9.099334372234201510e+03
9.098853132107045894e+03
