1.146451104335763921e+04
1.030537410260507750e+04
1.070641990324983090e+04
1.080459576344468587e+04
1.090681851774514143e+04
1.090851945596199766e+04
1.090068606915274358e+04
1.090224622333465413e+04
1.091327580510564803e+04
1.090852257584749350e+04
1.090775277266824742e+04
1.090504720480030119e+04
1.090229535416715044e+04
1.089837257567575034e+04
1.089599732199372920e+04
1.089274534460562245e+04
1.088991856182526317e+04
1.088736868896691885e+04
1.088396879010732664e+04
1.088059375995585106e+04
1.087835031989394884e+04
1.087529390758123554e+04
1.087188063384025008e+04
1.086731593864876413e+04
1.086628221247646798e+04
1.086288596891201996e+04
1.086006981425487174e+04
1.085667483022159468e+04
1.085412140631046350e+04
1.085059700141231224e+04
1.084768597118490470e+04
1.084413697500657327e+04
1.084226852250708544e+04
1.083998048623137947e+04
1.083656862939384700e+04
1.083391443646128391e+04
1.083162201905153779e+04
1.082718478058644359e+04
1.082621194382417525e+04
1.082301648325384122e+04
1.081958857830318630e+04
1.081642167109784168e+04
1.081392309872016631e+04
1.081107429478918857e+04
1.080788591039642051e+04
1.080446028389531602e+04
1.080040785324248463e+04
1.079784083055155315e+04
1.079646714060671002e+04
1.079339419268364327e+04
1.079049909629194735e+04
1.078758795616465977e+04
1.078494712659961988e+04
1.078058157401239805e+04
1.077933572946244021e+04
1.077704651720682159e+04
1.077388455846860052e+04
1.077150967077297355e+04
1.076800972344729780e+04
1.076570239095369834e+04
1.076236289494469383e+04
1.075893816332443566e+04
1.075573780300313410e+04
1.075318471842413783e+04
1.075070481583989022e+04
1.074816828100978455e+04
1.074490541056950133e+04
1.074053548783770384e+04
1.073854304615826914e+04
1.073568019066521265e+04
1.073350485817367735e+04
1.073025710395660462e+04
1.072728926079076518e+04
1.072492712058465804e+04
1.072193802211023467e+04
1.071918369138590788e+04
1.071709188287656252e+04
1.071443398363561573e+04
1.071101136265554669e+04
1.070678824654470736e+04
1.070571116618915585e+04
1.070323015542421126e+04
1.070057613887004118e+04
1.069727323455663463e+04
1.069542091108816749e+04
1.069214130914057932e+04
1.068888520910355510e+04
1.068602617494239894e+04
1.068264460530397810e+04
1.068178398964377629e+04
1.067800041527600661e+04
1.067427752911200878e+04
1.067122473492492645e+04
1.066864514017154761e+04
1.066577977933549118e+04
1.066318080160556565e+04
1.066060578893971433e+04
1.065762885729658410e+04
1.065455771468197054e+04
1.065192481919555939e+04
1.064964243879677451e+04
1.064694879542414492e+04
1.064366937610712375e+04
1.064161604952628477e+04
1.063909588075784086e+04
1.063578624429651245e+04
1.063245820191408711e+04
1.062903708724488388e+04
1.062830385836915957e+04
1.062485866527549842e+04
1.062204120395538666e+04
1.061914418349475818e+04
1.061676323554777628e+04
1.061344662839685225e+04
1.061139449826496821e+04
1.060858066406506623e+04
1.060569918892579517e+04
1.060317529167619978e+04
1.059960731020046842e+04
1.059600432895868107e+04
1.059416134624256119e+04
1.059238697914511613e+04
1.058983043840676146e+04
1.058718518305452744e+04
1.058385527719332276e+04
1.058079918205208014e+04
1.057907612304581562e+04
1.057552663537433909e+04
1.057075543002152335e+04
1.056918420867739587e+04
1.056774284995269591e+04
1.056408922550982970e+04
1.056119402079800238e+04
1.055906338474579388e+04
1.055653263470496313e+04
1.055488598438257577e+04
1.055196296761993653e+04
1.054842434319567474e+04
1.054641262155097138e+04
1.054325706637388248e+04
1.054111437550816299e+04
1.053767578836400935e+04
1.053544213526994645e+04
1.053176730583703466e+04
1.053039276600485755e+04
1.052700060837001547e+04
1.052476501769620154e+04
1.052237605260601777e+04
1.052122672035051619e+04
1.051654827016622221e+04
1.051422234351274165e+04
1.051148596925953461e+04
1.050918915153387934e+04
1.050485697772923413e+04
1.050316523779049385e+04
1.050086699823739036e+04
1.049797014933897844e+04
1.049447841393867930e+04
1.049324784576577440e+04
1.049048982541821715e+04
1.048680146680528560e+04
1.048456820468837032e+04
1.048104571376402964e+04
1.047893612366212619e+04
1.047440471864121901e+04
1.047316005275838688e+04
1.046849184663799861e+04
1.046811619029982467e+04
1.046382390629196016e+04
1.046195296054620849e+04
1.045879698829719018e+04
1.045729086116289727e+04
1.045494962590933937e+04
1.045157603112981815e+04
1.045022647547235829e+04
1.044715118010568403e+04
1.044445025014190469e+04
1.044195929661363152e+04
1.043967289438090484e+04
1.043593368443897816e+04
1.043380428051837771e+04
1.043042916607454390e+04
1.042752945716031718e+04
1.042460028633110960e+04
1.042337818542926834e+04
1.042038404081611407e+04
1.041795914534446456e+04
1.041563732082349088e+04
1.041332155201981368e+04
1.040954394689649416e+04
1.040766496154314518e+04
1.040409712383914666e+04
1.040088162539948462e+04
1.039797307536518383e+04
1.039723802255707051e+04
1.039365287123511007e+04
1.039238673560972529e+04
1.038834998857750907e+04
1.038645878841127706e+04
1.038448993812347180e+04
1.038220854367744687e+04
1.038011044658370884e+04
1.037709741327665324e+04
1.037412489596992236e+04
1.037121430329458235e+04
1.036870776205751281e+04
1.036535883052840654e+04
1.036308589507517354e+04
1.035959601861701958e+04
1.035631512875630506e+04
1.035443882499438041e+04
1.035252281446964480e+04
1.034780285002508026e+04
1.034624433721271998e+04
1.034386489287683435e+04
1.034055318894498487e+04
1.033947585626942055e+04
1.033585779609782912e+04
1.033324568075930074e+04
1.033047455890788297e+04
1.032924664203076463e+04
1.032598291352293381e+04
1.032218059366223315e+04
1.032051297808666095e+04
1.031800715105842755e+04
1.031529322997627060e+04
1.031097747047341909e+04
1.031059129988172208e+04
1.030790877428615750e+04
1.030543498365612686e+04
1.030212972163898303e+04
1.029972847399125749e+04
1.029813514603856675e+04
1.029479661447061881e+04
1.029248043576380587e+04
1.028990289996403772e+04
1.028827880160434324e+04
1.028587519653863455e+04
1.028320004041961874e+04
1.028034859373473410e+04
1.027744251091454862e+04
1.027492398202753975e+04
1.027196867044908322e+04
1.026920455912315083e+04
1.026777332922314235e+04
1.026584875334524077e+04
1.026288327171251694e+04
1.026145910605858080e+04
1.025772222192538720e+04
1.025601390719973278e+04
1.025305722956680620e+04
1.025028256167893778e+04
1.024795765939603552e+04
1.024623575396340311e+04
1.024252167089580689e+04
1.023958082247420680e+04
1.023812589374049639e+04
1.023559935762350324e+04
1.023294915542572562e+04
1.023095798951174766e+04
1.022819672187691322e+04
1.022483015132876790e+04
1.022169842588413667e+04
1.022145545798411149e+04
1.021886693800085413e+04
1.021559769659502308e+04
1.021464931777628590e+04
1.021067280632570328e+04
1.020896794291675542e+04
1.020634371777974957e+04
1.020375264920856898e+04
1.020165517684377119e+04
1.019944262404893743e+04
1.019670360201857329e+04
1.019448938347211515e+04
1.019104516503203922e+04
1.018854693799288361e+04
1.018678367899940167e+04
1.018453126180914478e+04
1.018214431686710486e+04
1.018004454545721819e+04
1.017692493145147091e+04
1.017529000363890191e+04
1.017273913343495951e+04
1.016986705008714489e+04
1.016738227787799406e+04
1.016548595994885909e+04
1.016349432333450568e+04
1.016134651531969939e+04
1.015874337370982175e+04
1.015535703968670896e+04
1.015162019040514133e+04
1.015173729693078712e+04
1.014890963947949058e+04
1.014589153687590806e+04
1.014318833751440434e+04
1.014224737554716376e+04
1.013988733174867775e+04
1.013771031514478818e+04
1.013556206784010647e+04
1.013345474177723554e+04
1.013184811165382780e+04
1.012948302257212345e+04
1.012670073055742432e+04
1.012408809702116378e+04
1.012130430910765790e+04
1.011988097152154296e+04
1.011667008805101432e+04
1.011360323396968670e+04
1.011257221309921079e+04
1.010976952201527456e+04
1.010737498926713306e+04
1.010586530921161830e+04
1.010355409101890837e+04
1.010113856145830869e+04
1.009883739207170947e+04
1.009675459653890539e+04
1.009386950230453840e+04
1.009197621408052146e+04
1.008922668106726815e+04
1.008651261081157827e+04
1.008538220412501323e+04
1.008301863712455270e+04
1.008037646024142668e+04
1.007781972010689788e+04
1.007565865561862302e+04
1.007330688556475252e+04
1.007062515321237697e+04
1.006858225376503469e+04
1.006662462778068948e+04
1.006455585427539700e+04
1.006218592291940513e+04
1.005954720191639353e+04
1.005672355801972481e+04
1.005491755291177651e+04
1.005321594670284503e+04
1.005174713269649692e+04
1.004908923581917770e+04
1.004650720571410056e+04
1.004449937906820014e+04
1.004237365460297224e+04
1.003953285509372290e+04
1.003810407849618241e+04
1.003592546360670895e+04
1.003366950928992082e+04
1.003119223023872837e+04
1.002888579406279860e+04
1.002612162461467960e+04
1.002554153406766272e+04
1.002279800541227451e+04
1.002009096317149852e+04
1.001833390513417362e+04
1.001645288516607798e+04
1.001465356526496180e+04
1.001110338179676728e+04
1.000845148215294103e+04
1.000694715706644456e+04
1.000591352865200133e+04
1.000266085295339508e+04
9.999984084064262788e+03
9.998899250956659671e+03
9.996032710034825868e+03
9.994346013495509396e+03
9.992668395778939157e+03
9.990067306063016076e+03
9.988792105713524506e+03
9.986021915757033639e+03
9.983900696082004288e+03
9.982368647281073208e+03
9.979260143631989195e+03
9.978312517756210582e+03
9.976175931693831444e+03
9.974275089308302995e+03
9.972951837176929985e+03
9.970098966740732067e+03
9.968149825458032865e+03
9.966163844904129292e+03
9.963651461553357876e+03
9.961178218204597215e+03
9.959450269272088917e+03
9.957560237983179832e+03
9.955009191453702442e+03
9.953368452258353500e+03
9.950977658689653254e+03
9.949440492598841956e+03
9.947424829457158921e+03
9.945421138835528836e+03
9.942347014034077802e+03
9.941081243497092146e+03
9.939312122906329023e+03
9.937413268059266557e+03
9.934729087686144339e+03
9.932616614365135320e+03
9.931195686746719730e+03
9.928606760843998927e+03
9.926955092379092093e+03
9.924946873547400173e+03
9.922562025924395130e+03
9.920360576355986268e+03
9.918414761833182638e+03
9.915693318748162710e+03
9.914304255828035821e+03
9.911659109395624910e+03
9.910365188478528580e+03
9.908325641035989975e+03
9.905075484240514925e+03
9.904592186332381971e+03
9.901367373239700100e+03
9.899491747532207228e+03
9.897960999543569415e+03
9.897054649213197990e+03
9.894214249125603601e+03
9.892417397467872433e+03
9.890834846442689013e+03
9.889641941793954174e+03
9.887530703875485415e+03
9.884638910714587837e+03
9.883420699659791353e+03
9.881449217232680894e+03
9.879714267174234919e+03
9.877427665178791358e+03
9.875867658557097457e+03
9.873593297482009802e+03
9.871294997259119555e+03
9.869907076505602163e+03
9.866867311454519950e+03
9.865987471363165241e+03
9.864418782928029032e+03
9.862537849990416362e+03
9.860937174151926229e+03
9.858505222621897701e+03
9.857150975882475905e+03
9.855339371691523411e+03
9.852925982358465262e+03
9.851128071415063459e+03
9.849935319983411318e+03
9.847472106406828971e+03
9.845173952798333630e+03
9.844411509678768198e+03
9.842079292946711575e+03
9.840100340978318854e+03
9.838269333289879796e+03
9.835872242521041699e+03
9.834104780789288270e+03
9.832327434309770979e+03
9.830477126771143958e+03
9.829105970413740579e+03
9.827537363225499575e+03
9.825476826002326561e+03
9.823226938338060791e+03
9.821260320668643544e+03
9.820612265201238188e+03
9.818364082096286438e+03
9.816782866949237359e+03
9.814591268619537004e+03
9.813237486951788014e+03
9.811355103968229741e+03
9.809995876707183925e+03
9.808380268859447824e+03
9.806092490903056387e+03
9.804215811318177657e+03
9.802129831369682506e+03
9.800537240823938191e+03
9.799239299007424052e+03
9.796941035302339515e+03
9.795405607751532443e+03
9.793081631311450110e+03
9.791902995430307783e+03
9.789825554294864560e+03
9.788323567442177591e+03
9.785571765186934499e+03
9.784225230542479039e+03
9.782791008768461325e+03
9.780794272555594944e+03
9.779266038671792558e+03
9.778140845745527258e+03
9.776246471652466425e+03
9.774072549522816189e+03
9.773196289309309577e+03
9.771397660067432298e+03
9.770110213654592371e+03
9.767953979911490023e+03
9.766093105102636400e+03
9.763970594939863076e+03
9.761655351550503838e+03
9.760818013945783605e+03
9.759287173873082793e+03
9.757810770157826482e+03
9.756358253797619909e+03
9.754996935503795612e+03
9.752517722703472828e+03
9.751569369173170344e+03
9.749696316328827379e+03
9.748305743412875017e+03
9.746451236266606429e+03
9.744668330188240361e+03
9.743026123227582502e+03
9.740704564584888431e+03
9.739613177736227954e+03
9.737176342196053156e+03
9.736451932655831115e+03
9.735029918252486823e+03
9.733095136561205436e+03
9.730756494330014903e+03
9.729543272410119243e+03
9.727974037344420140e+03
9.726735528251403593e+03
9.725238447481237017e+03
9.722688271851591708e+03
9.721880634554156131e+03
9.720445918984247328e+03
9.718675263109787920e+03
9.717447447591917808e+03
9.715937359590509004e+03
9.713380381485145335e+03
9.713308181432468700e+03
9.710998674635698990e+03
9.710075385321413705e+03
9.708623728082922753e+03
9.707202153075382739e+03
9.705519616781151854e+03
9.703890648230186343e+03
9.703093767598686100e+03
9.701155696275978698e+03
9.699792366166477223e+03
9.697510832472986294e+03
9.696443936243378630e+03
9.694279988448939548e+03
9.693556296915970961e+03
9.692121115506821297e+03
9.690849286635151657e+03
9.688900080173250899e+03
9.687319745116992635e+03
9.686087832819761388e+03
9.684430413110047084e+03
9.683282567597132584e+03
9.681229048352692189e+03
9.680493933834901327e+03
9.679357215593099681e+03
9.676701977153890766e+03
9.675642290237909037e+03
9.674784335056097916e+03
9.672319982369830541e+03
9.671279744669835054e+03
9.669969181713559010e+03
9.668570363263790568e+03
9.667115237166814040e+03
9.666223746973571906e+03
9.663983328914060621e+03
9.663061349131503448e+03
9.661395286043663873e+03
9.660298203273914623e+03
9.658716524062176177e+03
9.657971682338695246e+03
9.656511425053517087e+03
9.655502603702938359e+03
9.653783277261802141e+03
9.652598089438937677e+03
9.651206913771704421e+03
9.649740757374445820e+03
9.648860166298445620e+03
9.647467224158497629e+03
9.645822950506528286e+03
9.645012879020276159e+03
9.643846827585435676e+03
9.642303141808133660e+03
9.641136590079146117e+03
9.639796559032260120e+03
9.638069861780961219e+03
9.637279459766625223e+03
9.635817110268417309e+03
9.635087574806228076e+03
9.632956264810525681e+03
9.631584961046166427e+03
9.630361693056753211e+03
9.628601576717304852e+03
9.628595405554393437e+03
9.626017132836805104e+03
9.625304413667015979e+03
9.623974948774164659e+03
9.623268272310366228e+03
9.621713881710260466e+03
9.620819497007098107e+03
9.619259058904886842e+03
9.618395991438053898e+03
9.617190995822566038e+03
9.615904743766659521e+03
9.614681390193713014e+03
9.613482163970918918e+03
9.612687224717294157e+03
9.611126926497183376e+03
9.610489221141395319e+03
9.609401622004816090e+03
9.608240532458825328e+03
9.606890637818225514e+03
9.606132021991979855e+03
9.605193615479900473e+03
9.603896794719039463e+03
9.602647692695089063e+03
9.601152714487161575e+03
9.600121530283964603e+03
9.599625419115756813e+03
9.598309886452567298e+03
9.596774665541459399e+03
9.596217484696902829e+03
9.594628486498932034e+03
9.593528419112475603e+03
9.592452455907283365e+03
9.591312809112536343e+03
9.591183752931647177e+03
9.589742885216635841e+03
9.588988535178701568e+03
9.587605548461488070e+03
9.586705963512282324e+03
9.585473704760366672e+03
9.584446229319137274e+03
9.583433989201794247e+03
9.582234799261841545e+03
9.581433689010638773e+03
9.580031462657219890e+03
9.579449218747735358e+03
9.578386148454157592e+03
9.577489185532956981e+03
9.576587577713626160e+03
9.575723066381040553e+03
9.574695651950270985e+03
9.573926992352578964e+03
9.571873777079919819e+03
9.571503650183658465e+03
9.571021794528383907e+03
9.569584213812964663e+03
9.568747821903923978e+03
9.568029521307988034e+03
9.567034971573993971e+03
9.566208972177382748e+03
9.564840987040288383e+03
9.563157316867098416e+03
9.562827002911370073e+03
9.561964445244022500e+03
9.561382577109712656e+03
9.560573695927756489e+03
9.559570841722665136e+03
9.558983265404414851e+03
9.557248245816488634e+03
9.556778482163648732e+03
9.556373126857017269e+03
9.555270334856566478e+03
9.554142034127471561e+03
9.552639509263044602e+03
9.552123562460543326e+03
9.551636533417131432e+03
9.550874712073295086e+03
9.549670327800253290e+03
9.549042518878650299e+03
9.547923477685719263e+03
9.547309951887047646e+03
9.546374461495372088e+03
9.545252173549208237e+03
9.544738585128390696e+03
9.543838808216367397e+03
9.543039697613559838e+03
9.541956027583488321e+03
9.541293304568795065e+03
9.540539445261139917e+03
9.539849427638862835e+03
9.538784002705502644e+03
9.538213105623821320e+03
9.537603288699945551e+03
9.536622633372542623e+03
9.535815435986842203e+03
9.535208699481067015e+03
9.534319382437117383e+03
9.533737745220867509e+03
9.532783148185890241e+03
9.532195677137318853e+03
9.531285126585749822e+03
9.530628862234789267e+03
9.529721701407823275e+03
9.528831450871004563e+03
9.528374926970325760e+03
9.527044462788315286e+03
9.526492075368529186e+03
9.526019824715491268e+03
9.524631136223581052e+03
9.524002016163884036e+03
9.523374839624651941e+03
9.522976876883967634e+03
9.522568690665646500e+03
9.521844966778342496e+03
9.521029105570016327e+03
9.520688983034733610e+03
9.519796414601656579e+03
9.519577650352657656e+03
9.518589448418351822e+03
9.517998732114258019e+03
9.517321765481878174e+03
9.516754586505363477e+03
9.516064006119850092e+03
9.515668526089715670e+03
9.515198234959181718e+03
9.514317377013230725e+03
9.513712547458888366e+03
9.513161506984964944e+03
9.512448694911647181e+03
9.511646627940401231e+03
9.511027950429321209e+03
9.510569309838598201e+03
9.510067086298475260e+03
9.509491397800791674e+03
9.509100236600390417e+03
9.508271093028830364e+03
9.507464488428477125e+03
9.506833962523058290e+03
9.506551626381231472e+03
9.505986413247785094e+03
9.505487550850211846e+03
9.504622051648455454e+03
9.504267792681263018e+03
9.503839212545217379e+03
9.503355845676016543e+03
9.502869976200381643e+03
9.502320692518684154e+03
9.501863805411147041e+03
9.501197885538811533e+03
9.500773628383672985e+03
9.500209480303696182e+03
9.499673543973069172e+03
9.499120693613884214e+03
9.498614986371841951e+03
9.498184139449736904e+03
9.497347182932579017e+03
9.497107783393406862e+03
9.496691626694489969e+03
9.496213764763282597e+03
9.495697933295072289e+03
9.495157466537879372e+03
9.494725817138601997e+03
9.494230611710647281e+03
9.493878081057770032e+03
9.493556078896775944e+03
9.493059176893464610e+03
9.492606979730968305e+03
9.492266537052641070e+03
9.491685474275489469e+03
9.491144134673790177e+03
9.490549291555285890e+03
9.490390054278310345e+03
9.489790272140497109e+03
9.489555382025475410e+03
9.489074939746276868e+03
9.488734756374924473e+03
9.488250259439882939e+03
9.487754249013900335e+03
9.487463931856738782e+03
9.487201732115250707e+03
9.486660577429240220e+03
9.486422942220491677e+03
9.486106133019195113e+03
9.485801386711375017e+03
9.485319924119412462e+03
9.485090740648047358e+03
9.484807895249185094e+03
9.484305339045435176e+03
9.483930874022855278e+03
9.483694690505355538e+03
9.483418785168534669e+03
9.483031817774597585e+03
9.482846612118390112e+03
9.482616139304976969e+03
9.482286705946480652e+03
9.482008950644591096e+03
9.481818047371178181e+03
9.481438200593696820e+03
9.481254548198463453e+03
9.481000273914216450e+03
9.480803406000502946e+03
9.480485503179450461e+03
9.480320693168278012e+03
9.480108863204419322e+03
9.479798809605617862e+03
9.479744477322452440e+03
9.479399935884130173e+03
9.479106231259343986e+03
9.479036497235891147e+03
9.478872653386642924e+03
9.478692972888986333e+03
9.478534868348877353e+03
9.478357782907864021e+03
9.478155317613083753e+03
9.478028688954795143e+03
9.477946255750954151e+03
9.477786309651590273e+03
9.477676738207906965e+03
9.477612134912589681e+03
9.477490188770774694e+03
9.477404048690201307e+03
9.477275477195857093e+03
9.477176985854879604e+03
9.477104929892662767e+03
9.476989909667663596e+03
9.476969978345714480e+03
9.476889816318864177e+03
9.476852952282753904e+03
9.476810125344793050e+03
9.476768855630632970e+03
9.476742880697680448e+03
9.476709274691454993e+03
9.476697209313904750e+03
9.476683883839776172e+03
9.476668051159986135e+03
9.476669498269051473e+03
9.476663640850511001e+03
9.476661780644128157e+03
9.476660676394965776e+03
9.476658481432137705e+03
9.476651711579877883e+03
9.476661189823758832e+03
9.476659497564056437e+03
9.476654576140292193e+03
9.476657399426832853e+03
9.476653897154723381e+03
9.476654037523887382e+03
9.476660509907245796e+03
9.476659797661928678e+03
9.476650651555552031e+03
9.476656735167664010e+03
9.476657299204714946e+03
9.476657085672688481e+03
9.476656251665228410e+03
9.476657679956284483e+03
9.476651808588463609e+03
9.476655620921221271e+03
9.476653809692103096e+03
9.476651340348811573e+03
9.476647804845022620e+03
9.476661780340848054e+03
9.476661084859029870e+03
9.476651772379087561e+03
9.476652083289010989e+03
9.476651806793441210e+03
9.476650623935594922e+03
9.476652898048312636e+03
9.476657311453493094e+03
9.476655170894769981e+03
9.476652667765671140e+03
9.476653321696230705e+03
9.476653857901064839e+03
9.476658690245207254e+03
9.476657341400174118e+03
9.476653061541472198e+03
9.476655467375489025e+03
9.476654080259124385e+03
9.476653070365358872e+03
9.476653177039956063e+03
9.476660226636166044e+03
9.476653488636260590e+03
9.476652982633160718e+03
9.476659716790518360e+03
9.476657149987106095e+03
9.476656099602329050e+03
9.476655920340144803e+03
9.476652464843096823e+03
9.476661471192641329e+03
9.476653421980585335e+03
9.476650341698996272e+03
9.476653027037107677e+03
9.476654434814332490e+03
9.476652867976034031e+03
9.476656189518789688e+03
9.476656109741965338e+03
9.476654886630236433e+03
9.476660831616096402e+03
9.476651459508651897e+03
9.476650939537546947e+03
9.476654028936602117e+03
9.476648609791134731e+03
9.476658876978744956e+03
9.476653245866131329e+03
9.476657870772052775e+03
9.476656582013365551e+03
9.476649357683316339e+03
9.476654002069806666e+03
9.476649457132629323e+03
9.476656235186928825e+03
9.476653165378675112e+03
9.476655485866873278e+03
9.476660416650831394e+03
9.476660956614186944e+03
9.476658721326070008e+03
9.476657600905149593e+03
9.476654184657891165e+03
9.476659990636577277e+03
9.476660232050982813e+03
9.476656749293802932e+03
9.476656968181072443e+03
9.476660210968710089e+03
9.476662998602057996e+03
9.476655472494177957e+03
9.476657137939342647e+03
9.476656421564661287e+03
9.476654435781938446e+03
9.476647326020047331e+03
9.476652045645259932e+03
9.476654043997488770e+03
9.476659017463493001e+03
9.476649653602738908e+03
9.476653379682569721e+03
9.476657584536811555e+03
9.476657802995681777e+03
9.476647971886002779e+03
9.476660409082138358e+03
9.476652011592062991e+03
9.476650685005555715e+03
9.476654561937526523e+03
9.476658358682223479e+03
9.476650713172544783e+03
9.476657912630362262e+03
9.476655671078016894e+03
9.476648041694190397e+03
9.476652400223871155e+03
9.476653463561877288e+03
9.476655233762732678e+03
9.476652891581370568e+03
9.476651517922198764e+03
9.476654276869272508e+03
9.476654229067844426e+03
9.476656528788413198e+03
9.476652931893699133e+03
9.476640308904392441e+03
9.476653397743655660e+03
9.476658536999100761e+03
9.476652258752637863e+03
9.476654745415376965e+03
9.476653799058402001e+03
9.476654594672512758e+03
9.476653617883479455e+03
9.476656115220845095e+03
9.476652372577125789e+03
9.476642546039125591e+03
9.476649780238047242e+03
9.476654792609977449e+03
9.476656250176478352e+03
9.476652966009893134e+03
9.476658282154592598e+03
9.476658044041816538e+03
9.476659131797940063e+03
9.476653989073034609e+03
9.476649802892950902e+03
9.476654928749267128e+03
9.476660186394330594e+03
9.476655654927730211e+03
9.476655592577575590e+03
9.476656739218575240e+03
9.476654554749873569e+03
9.476656833640694458e+03
9.476651440709469171e+03
9.476658609535857977e+03
9.476654040108824120e+03
9.476657725537492297e+03
9.476654891441427026e+03
9.476653729696456139e+03
9.476656813420911931e+03
9.476655850885630571e+03
9.476657298374128004e+03
9.476658240015751289e+03
9.476649382704314121e+03
9.476655377326065718e+03
9.476655996451107058e+03
9.476650881121691782e+03
9.476657674979966032e+03
9.476653392616470228e+03
9.476654434403955747e+03
9.476652476148667120e+03
9.476658664521588435e+03
9.476652968444534054e+03
9.476656602020664650e+03
9.476648642717076655e+03
9.476658744707019650e+03
9.476650381271330843e+03
9.476655813666187896e+03
9.476655925945824492e+03
9.476657869997443413e+03
9.476660560887377869e+03
9.476651439889876201e+03
9.476661930049947841e+03
9.476652032414418500e+03
9.476654179540744735e+03
9.476654116010060534e+03
9.476653979201993934e+03
9.476659986350992767e+03
9.476658846793141493e+03
9.476657046049944256e+03
9.476659728705004454e+03
9.476654420525032037e+03
9.476654517271008444e+03
9.476653307749716987e+03
9.476656541896789349e+03
9.476650802782367464e+03
9.476660938726794484e+03
9.476660727016969759e+03
