6.562143805459082557e+01
2.036692462063428195e+02
6.561779526315667965e+01
6.550950685245481964e+01
-1.249185837991132075e+02
-1.249099327358144933e+02
-2.584905258155645313e+01
-2.596886416202927705e+01
2.037861116769386456e+02
6.548577387390682247e+01
-2.589609938133727951e+01
5.274304341698533349e+00
2.038246911705501532e+02
-1.247762834588477858e+02
-2.590758910152815631e+01
-1.248437507511214619e+02
6.552475935654219086e+01
-1.247285616020323857e+02
-1.247961602619794377e+02
-1.247737926587528960e+02
-2.592709815076029045e+01
-1.246037244701459628e+02
-1.249505539068459115e+02
6.565686729604810523e+01
-2.602325055149198363e+01
-2.594128928616169816e+01
-3.025906684483352933e+02
-1.247339723640125868e+02
2.037974671129604758e+02
2.037206844969577730e+02
