7.508491518400291170e+03
9.713972015467237725e+03
9.417834635584340504e+03
9.402576803732941698e+03
9.206440228000936258e+03
9.378102121117985007e+03
1.024756089138151037e+04
8.707374141898377275e+03
9.911792872147772869e+03
9.456665158155874451e+03
7.942712385846078178e+03
9.951790354484895943e+03
8.667105867712551117e+03
8.597352218451085719e+03
9.279825378414931038e+03
7.955298779368617033e+03
9.872459349876995475e+03
9.215933310859945777e+03
9.279540149511096388e+03
8.397474464777660614e+03
8.717272768662733142e+03
9.694302469174204816e+03
9.938834570023944252e+03
9.614927156035744702e+03
8.686558444864318517e+03
9.063804622206800559e+03
8.920086563568776910e+03
9.102827446406443414e+03
8.911896218800997303e+03
8.191160717450729862e+03
