2.296922161860850053e+01
2.237209884666585324e+01
2.136229431983418081e+01
1.853367381266558667e+01
1.860376621919394324e+01
1.936176123835580398e+01
2.151662796258167276e+01
1.523727519020702381e+01
1.720498566505709093e+01
1.568938561066857673e+01
1.549038030925141030e+01
1.238425369946926757e+01
1.067232565383181964e+01
1.344924820217990202e+01
1.522879578718012894e+01
1.213591342321003452e+01
1.153234705668872628e+01
1.111840432857898087e+01
1.291605266519057871e+01
1.389025006465916867e+01
1.178330235375564605e+01
1.157214820863933724e+01
1.106510304897171793e+01
1.128823460329008910e+01
1.114730870229869275e+01
9.950683935241166012e+00
8.386459990026661870e+00
8.200800009339982211e+00
8.693986326924173724e+00
8.696687976433798539e+00
8.637630811767429861e+00
7.675486180818174908e+00
8.742453481886254707e+00
7.984774705559164687e+00
7.544093772210757720e+00
7.284107432378866598e+00
7.367080680774397372e+00
7.861432062066795901e+00
7.826500631799603980e+00
8.761245670833632815e+00
9.351291740409687137e+00
9.804994837229433102e+00
9.610443978490199157e+00
9.610443978490199157e+00
9.824009806786365928e+00
9.869863335199639209e+00
9.338902782166753624e+00
8.778797248859499192e+00
9.482437375298140125e+00
9.481637358808228555e+00
9.496134948959877420e+00
9.493496831701978778e+00
9.178068148541850491e+00
9.225642792711518325e+00
8.840146697697392142e+00
8.644466343633574468e+00
8.739386245923206786e+00
8.654932601605654696e+00
8.570334531115239685e+00
9.665661149756527237e+00
9.665661149756527237e+00
9.313438300117679702e+00
9.486507646046511866e+00
9.486507646046511866e+00
9.115011551171949833e+00
9.115011551171949833e+00
9.644808155239624980e+00
9.310844339432270189e+00
9.310844339432270189e+00
9.556788595413276965e+00
9.494445844245975152e+00
9.223324480728166463e+00
9.223324480728166463e+00
1.002792567078654784e+01
1.002792567078654784e+01
9.994118555769674117e+00
1.006497866410251163e+01
1.004238341557364755e+01
9.711233192367943801e+00
9.711233192367943801e+00
9.701042720273225228e+00
9.309347410570655512e+00
8.964833303642105733e+00
8.872909461512632490e+00
8.883706010432446121e+00
8.883706010432446121e+00
8.883706010432446121e+00
8.526667116758568810e+00
8.526667116758568810e+00
8.526667116758568810e+00
8.246540981009216509e+00
8.244229525920760082e+00
8.244229525920760082e+00
8.273876913716453174e+00
8.364097105832495771e+00
8.360830153278163479e+00
8.360830153278163479e+00
8.360830153278163479e+00
8.360830153278163479e+00
8.360830153278163479e+00
8.912328729890537815e+00
8.915830241002344891e+00
8.915830241002344891e+00
8.832319658775571014e+00
8.832319658775571014e+00
8.832319658775571014e+00
8.832319658775571014e+00
8.754500724618562657e+00
8.754500724618562657e+00
8.754500724618562657e+00
8.860405468093153658e+00
8.701161700349887340e+00
8.701161700349887340e+00
8.701161700349887340e+00
8.701161700349887340e+00
8.701161700349887340e+00
8.701161700349887340e+00
8.701161700349887340e+00
8.701161700349887340e+00
8.701161700349887340e+00
8.701161700349887340e+00
8.672437518493776309e+00
8.672437518493776309e+00
8.672437518493776309e+00
8.720914815520274033e+00
8.720914815520274033e+00
8.751404168596803146e+00
8.752789268887703145e+00
8.752789268887703145e+00
8.752789268887703145e+00
8.752789268887703145e+00
8.752789268887703145e+00
8.752789268887703145e+00
8.752789268887703145e+00
8.752789268887703145e+00
8.746285521961016940e+00
8.746285521961016940e+00
7.884360111817295902e+00
7.907096664035060840e+00
7.920359324209655050e+00
7.920359324209655050e+00
7.920359324209655050e+00
7.920359324209655050e+00
7.920359324209655050e+00
7.920359324209655050e+00
7.920359324209655050e+00
7.920359324209655050e+00
7.920359324209655050e+00
7.926452712019521840e+00
7.926452712019521840e+00
7.926452712019521840e+00
7.858769990441516917e+00
7.858769990441516917e+00
7.404827498434718436e+00
7.404827498434718436e+00
7.381856053960693664e+00
7.819551668537838118e+00
7.808229037017244245e+00
7.808229037017244245e+00
7.809238089776410874e+00
7.650756056705090735e+00
7.650756056705090735e+00
7.650756056705090735e+00
7.650756056705090735e+00
7.650756056705090735e+00
7.650756056705090735e+00
7.655933141368263861e+00
7.655933141368263861e+00
7.655933141368263861e+00
7.655933141368263861e+00
7.655933141368263861e+00
7.649566964023329696e+00
7.649566964023329696e+00
7.649566964023329696e+00
7.649566964023329696e+00
7.669316624084227207e+00
7.669316624084227207e+00
7.669316624084227207e+00
7.669316624084227207e+00
7.669316624084227207e+00
7.461777730328454261e+00
7.435309340939381784e+00
7.435309340939381784e+00
7.374288428262099515e+00
7.374288428262099515e+00
7.364157355874511701e+00
7.144142044581172080e+00
6.970902097481618043e+00
6.970902097481618043e+00
6.970902097481618043e+00
6.970902097481618043e+00
6.970902097481618043e+00
6.970902097481618043e+00
6.970902097481618043e+00
6.970902097481618043e+00
6.964146062752158528e+00
6.832855122736152254e+00
6.832855122736152254e+00
6.832855122736152254e+00
6.832855122736152254e+00
6.774016438053812372e+00
6.774016438053812372e+00
6.792950333095335580e+00
6.792950333095335580e+00
6.792950333095335580e+00
6.792950333095335580e+00
6.803505963320012562e+00
6.803505963320012562e+00
6.803505963320012562e+00
6.746536982573552166e+00
6.746536982573552166e+00
6.746536982573552166e+00
6.746536982573552166e+00
6.746536982573552166e+00
6.746536982573552166e+00
6.746536982573552166e+00
6.746536982573552166e+00
6.730605706672009525e+00
6.730605706672009525e+00
6.730605706672009525e+00
6.730605706672009525e+00
6.730605706672009525e+00
6.730605706672009525e+00
6.730605706672009525e+00
6.392239920567278411e+00
6.362074240320806595e+00
6.362074240320806595e+00
6.362074240320806595e+00
6.362074240320806595e+00
6.362074240320806595e+00
6.362074240320806595e+00
6.362074240320806595e+00
6.210292254689153246e+00
6.109453993324703625e+00
6.109453993324703625e+00
6.109453993324703625e+00
6.109453993324703625e+00
6.098603897869759649e+00
6.098603897869759649e+00
6.098603897869759649e+00
6.098603897869759649e+00
6.098603897869759649e+00
6.098603897869759649e+00
6.098603897869759649e+00
6.098603897869759649e+00
6.098603897869759649e+00
6.098603897869759649e+00
6.429947748393993301e+00
6.429947748393993301e+00
6.429947748393993301e+00
6.429947748393993301e+00
6.429947748393993301e+00
6.429947748393993301e+00
6.429947748393993301e+00
6.429947748393993301e+00
6.429947748393993301e+00
6.421672383321563871e+00
6.421672383321563871e+00
6.421672383321563871e+00
6.421672383321563871e+00
6.421672383321563871e+00
6.421672383321563871e+00
6.421672383321563871e+00
6.421672383321563871e+00
6.421672383321563871e+00
6.421672383321563871e+00
6.421672383321563871e+00
6.425268968798491187e+00
6.425268968798491187e+00
6.425268968798491187e+00
6.425268968798491187e+00
6.425268968798491187e+00
6.425268968798491187e+00
6.456835996456548266e+00
6.456835996456548266e+00
6.456835996456548266e+00
6.456835996456548266e+00
6.456835996456548266e+00
6.458242902443283917e+00
6.458242902443283917e+00
6.458242902443283917e+00
6.458242902443283917e+00
6.458242902443283917e+00
6.458242902443283917e+00
6.458242902443283917e+00
6.755317639299593502e+00
6.755317639299593502e+00
6.730350377976567877e+00
6.730350377976567877e+00
6.730350377976567877e+00
6.730350377976567877e+00
6.730350377976567877e+00
6.730350377976567877e+00
6.341169647026092981e+00
6.341169647026092981e+00
6.341169647026092981e+00
6.341169647026092981e+00
6.341169647026092981e+00
6.589050142631373674e+00
6.589050142631373674e+00
6.589050142631373674e+00
6.589050142631373674e+00
6.589050142631373674e+00
6.589050142631373674e+00
6.589050142631373674e+00
6.589050142631373674e+00
6.560613326367177756e+00
6.560613326367177756e+00
6.560613326367177756e+00
6.560613326367177756e+00
6.560613326367177756e+00
6.560613326367177756e+00
6.560613326367177756e+00
6.560613326367177756e+00
6.560613326367177756e+00
6.560613326367177756e+00
6.560613326367177756e+00
6.560613326367177756e+00
6.560613326367177756e+00
6.560613326367177756e+00
6.560613326367177756e+00
6.560613326367177756e+00
6.560613326367177756e+00
6.560613326367177756e+00
6.560613326367177756e+00
6.560613326367177756e+00
6.560613326367177756e+00
6.560613326367177756e+00
6.560613326367177756e+00
6.560613326367177756e+00
6.529726658136409512e+00
6.529726658136409512e+00
6.529726658136409512e+00
6.572438155477661859e+00
6.572438155477661859e+00
6.572438155477661859e+00
6.572438155477661859e+00
6.572438155477661859e+00
6.572438155477661859e+00
6.572438155477661859e+00
6.572438155477661859e+00
7.329512475612367517e+00
7.329512475612367517e+00
7.329512475612367517e+00
7.347190615946503911e+00
7.347190615946503911e+00
7.347190615946503911e+00
7.430399071459949489e+00
7.430399071459949489e+00
7.430399071459949489e+00
7.430399071459949489e+00
7.430399071459949489e+00
7.430399071459949489e+00
7.430399071459949489e+00
7.430399071459949489e+00
7.430399071459949489e+00
7.192576337349368742e+00
7.192576337349368742e+00
7.192576337349368742e+00
7.192576337349368742e+00
7.192576337349368742e+00
7.192576337349368742e+00
7.192576337349368742e+00
7.192576337349368742e+00
7.192576337349368742e+00
7.192576337349368742e+00
7.192576337349368742e+00
7.192576337349368742e+00
7.192576337349368742e+00
7.192576337349368742e+00
7.192576337349368742e+00
7.192576337349368742e+00
7.192576337349368742e+00
7.192576337349368742e+00
7.192576337349368742e+00
7.192576337349368742e+00
7.192576337349368742e+00
7.192576337349368742e+00
7.192576337349368742e+00
7.192576337349368742e+00
7.192576337349368742e+00
7.192576337349368742e+00
7.192576337349368742e+00
7.192576337349368742e+00
7.192576337349368742e+00
7.192576337349368742e+00
7.192576337349368742e+00
7.192576337349368742e+00
7.192576337349368742e+00
7.192576337349368742e+00
7.192576337349368742e+00
7.192576337349368742e+00
7.192576337349368742e+00
7.192576337349368742e+00
7.192576337349368742e+00
7.127848243215917812e+00
7.127848243215917812e+00
7.127848243215917812e+00
7.932917807826920686e+00
7.932917807826920686e+00
7.932917807826920686e+00
7.932917807826920686e+00
7.932917807826920686e+00
7.932917807826920686e+00
7.932917807826920686e+00
7.932917807826920686e+00
7.842963460404134501e+00
7.842963460404134501e+00
7.842963460404134501e+00
7.842963460404134501e+00
7.842963460404134501e+00
7.842963460404134501e+00
7.781601316176097960e+00
7.781601316176097960e+00
7.781601316176097960e+00
7.781601316176097960e+00
7.781601316176097960e+00
7.781601316176097960e+00
7.781601316176097960e+00
7.781601316176097960e+00
7.781601316176097960e+00
7.781601316176097960e+00
7.781601316176097960e+00
7.781601316176097960e+00
7.781601316176097960e+00
7.693865549584613106e+00
7.693865549584613106e+00
7.693865549584613106e+00
7.693865549584613106e+00
7.693865549584613106e+00
7.693865549584613106e+00
7.693865549584613106e+00
7.693865549584613106e+00
7.693865549584613106e+00
7.693865549584613106e+00
7.693865549584613106e+00
7.693865549584613106e+00
7.693865549584613106e+00
7.693865549584613106e+00
7.693865549584613106e+00
7.693865549584613106e+00
7.707042182263124097e+00
7.707042182263124097e+00
7.707042182263124097e+00
7.707042182263124097e+00
7.707042182263124097e+00
7.707042182263124097e+00
7.707042182263124097e+00
7.707042182263124097e+00
7.707042182263124097e+00
7.707042182263124097e+00
7.707042182263124097e+00
7.707042182263124097e+00
7.707042182263124097e+00
7.707042182263124097e+00
7.707042182263124097e+00
7.707042182263124097e+00
7.857783957901013139e+00
7.857783957901013139e+00
7.857783957901013139e+00
7.857783957901013139e+00
7.857783957901013139e+00
7.857783957901013139e+00
7.857783957901013139e+00
7.857783957901013139e+00
7.857783957901013139e+00
7.857783957901013139e+00
7.857783957901013139e+00
7.857783957901013139e+00
7.857783957901013139e+00
7.857783957901013139e+00
7.857783957901013139e+00
7.857783957901013139e+00
7.857783957901013139e+00
7.857783957901013139e+00
7.857783957901013139e+00
7.628270947014673453e+00
7.628270947014673453e+00
7.628270947014673453e+00
7.628270947014673453e+00
7.628270947014673453e+00
7.628270947014673453e+00
7.628270947014673453e+00
7.628270947014673453e+00
7.628270947014673453e+00
7.628270947014673453e+00
7.628270947014673453e+00
7.628270947014673453e+00
7.628270947014673453e+00
7.628270947014673453e+00
7.628270947014673453e+00
7.628270947014673453e+00
7.628270947014673453e+00
7.628270947014673453e+00
7.628270947014673453e+00
7.613254308866511444e+00
7.613254308866511444e+00
7.613254308866511444e+00
7.613254308866511444e+00
7.613254308866511444e+00
7.613254308866511444e+00
7.613254308866511444e+00
7.613254308866511444e+00
7.613254308866511444e+00
7.613254308866511444e+00
7.613254308866511444e+00
7.609401133580989907e+00
7.609401133580989907e+00
7.609401133580989907e+00
7.609401133580989907e+00
7.609401133580989907e+00
7.575328485911327014e+00
7.575328485911327014e+00
7.575328485911327014e+00
7.575328485911327014e+00
7.575328485911327014e+00
7.575328485911327014e+00
7.575328485911327014e+00
7.575328485911327014e+00
7.575328485911327014e+00
7.575328485911327014e+00
7.575328485911327014e+00
7.575328485911327014e+00
7.575328485911327014e+00
7.575328485911327014e+00
7.627170809065565216e+00
7.627170809065565216e+00
7.627170809065565216e+00
7.471729160645315559e+00
7.471729160645315559e+00
7.471729160645315559e+00
7.471729160645315559e+00
7.471729160645315559e+00
7.471729160645315559e+00
7.471729160645315559e+00
7.471729160645315559e+00
7.471729160645315559e+00
7.471729160645315559e+00
7.471729160645315559e+00
7.471729160645315559e+00
7.471729160645315559e+00
7.465002464613042399e+00
7.465002464613042399e+00
7.465002464613042399e+00
7.465002464613042399e+00
7.465002464613042399e+00
7.465002464613042399e+00
7.465002464613042399e+00
7.465002464613042399e+00
7.465002464613042399e+00
7.465002464613042399e+00
7.465002464613042399e+00
7.450681877025580491e+00
7.450681877025580491e+00
7.450681877025580491e+00
7.450681877025580491e+00
7.450681877025580491e+00
7.450681877025580491e+00
7.450681877025580491e+00
7.450681877025580491e+00
7.450681877025580491e+00
7.450681877025580491e+00
7.450681877025580491e+00
7.450681877025580491e+00
7.450681877025580491e+00
7.450681877025580491e+00
7.450681877025580491e+00
7.450681877025580491e+00
7.450681877025580491e+00
7.450681877025580491e+00
7.450681877025580491e+00
7.450681877025580491e+00
7.450681877025580491e+00
7.450681877025580491e+00
7.450681877025580491e+00
7.450681877025580491e+00
7.450681877025580491e+00
7.450681877025580491e+00
7.450681877025580491e+00
7.450681877025580491e+00
7.450681877025580491e+00
7.450681877025580491e+00
7.450681877025580491e+00
7.450681877025580491e+00
7.450681877025580491e+00
7.450681877025580491e+00
7.450681877025580491e+00
7.450681877025580491e+00
7.450681877025580491e+00
7.450681877025580491e+00
7.450681877025580491e+00
7.521873280551826468e+00
7.521873280551826468e+00
7.521873280551826468e+00
7.521873280551826468e+00
7.521873280551826468e+00
7.521873280551826468e+00
7.521873280551826468e+00
7.521873280551826468e+00
7.521873280551826468e+00
7.521873280551826468e+00
7.521873280551826468e+00
7.521873280551826468e+00
7.521873280551826468e+00
7.521873280551826468e+00
7.521873280551826468e+00
7.521873280551826468e+00
7.521873280551826468e+00
7.521873280551826468e+00
7.521873280551826468e+00
7.521873280551826468e+00
7.521873280551826468e+00
7.521873280551826468e+00
7.387729901930280008e+00
7.387729901930280008e+00
7.387729901930280008e+00
7.387729901930280008e+00
7.387729901930280008e+00
7.387729901930280008e+00
7.387729901930280008e+00
7.387729901930280008e+00
7.387729901930280008e+00
7.387729901930280008e+00
7.387729901930280008e+00
7.387729901930280008e+00
7.387729901930280008e+00
7.387729901930280008e+00
7.387729901930280008e+00
7.387729901930280008e+00
7.387729901930280008e+00
7.387729901930280008e+00
7.387729901930280008e+00
7.387729901930280008e+00
7.387729901930280008e+00
7.387729901930280008e+00
7.387729901930280008e+00
7.387729901930280008e+00
7.387729901930280008e+00
7.387729901930280008e+00
7.387729901930280008e+00
7.387729901930280008e+00
7.387729901930280008e+00
7.387729901930280008e+00
7.387729901930280008e+00
7.387729901930280008e+00
7.387729901930280008e+00
7.387729901930280008e+00
7.387729901930280008e+00
7.387729901930280008e+00
7.387729901930280008e+00
7.387729901930280008e+00
7.387729901930280008e+00
7.509680206451180950e+00
7.509680206451180950e+00
7.509680206451180950e+00
7.448085475212550932e+00
7.448085475212550932e+00
7.438695694775761424e+00
7.438695694775761424e+00
7.438695694775761424e+00
7.438695694775761424e+00
7.438695694775761424e+00
7.438695694775761424e+00
7.450491503825154460e+00
7.450491503825154460e+00
7.450491503825154460e+00
7.450491503825154460e+00
7.450491503825154460e+00
7.450491503825154460e+00
7.450491503825154460e+00
7.450491503825154460e+00
7.450491503825154460e+00
7.450491503825154460e+00
7.450491503825154460e+00
7.450491503825154460e+00
7.450491503825154460e+00
7.450491503825154460e+00
7.450491503825154460e+00
7.450491503825154460e+00
7.450491503825154460e+00
7.450491503825154460e+00
7.450491503825154460e+00
7.450491503825154460e+00
7.450491503825154460e+00
7.450491503825154460e+00
7.450491503825154460e+00
7.450491503825154460e+00
7.450491503825154460e+00
7.450491503825154460e+00
7.450491503825154460e+00
7.450491503825154460e+00
7.450491503825154460e+00
7.450491503825154460e+00
7.450491503825154460e+00
7.450491503825154460e+00
7.450491503825154460e+00
7.450491503825154460e+00
7.450491503825154460e+00
7.450491503825154460e+00
7.450491503825154460e+00
7.450491503825154460e+00
7.450491503825154460e+00
7.450491503825154460e+00
7.450491503825154460e+00
7.450491503825154460e+00
7.450491503825154460e+00
7.450491503825154460e+00
7.450491503825154460e+00
7.450491503825154460e+00
7.446928638478206075e+00
7.446928638478206075e+00
7.446928638478206075e+00
7.446928638478206075e+00
7.446928638478206075e+00
7.446928638478206075e+00
7.446928638478206075e+00
7.446928638478206075e+00
7.446928638478206075e+00
7.446928638478206075e+00
7.446928638478206075e+00
7.446928638478206075e+00
7.446928638478206075e+00
7.446928638478206075e+00
7.446928638478206075e+00
7.446928638478206075e+00
7.446928638478206075e+00
7.446928638478206075e+00
7.446928638478206075e+00
7.446928638478206075e+00
7.446928638478206075e+00
7.446928638478206075e+00
7.446928638478206075e+00
7.443903167642204721e+00
7.443903167642204721e+00
7.443903167642204721e+00
7.443903167642204721e+00
7.443903167642204721e+00
7.443903167642204721e+00
7.443903167642204721e+00
7.443903167642204721e+00
7.443903167642204721e+00
7.443903167642204721e+00
7.443903167642204721e+00
7.443903167642204721e+00
7.443903167642204721e+00
7.443903167642204721e+00
7.443903167642204721e+00
7.443903167642204721e+00
7.443903167642204721e+00
7.443903167642204721e+00
7.443903167642204721e+00
7.443903167642204721e+00
7.443903167642204721e+00
7.443903167642204721e+00
7.443903167642204721e+00
7.443903167642204721e+00
7.443903167642204721e+00
7.443903167642204721e+00
7.443903167642204721e+00
7.443903167642204721e+00
7.443903167642204721e+00
7.443903167642204721e+00
7.443903167642204721e+00
7.443903167642204721e+00
7.443903167642204721e+00
7.443903167642204721e+00
7.443903167642204721e+00
7.443903167642204721e+00
7.443903167642204721e+00
7.443903167642204721e+00
7.443903167642204721e+00
7.443903167642204721e+00
7.443903167642204721e+00
7.443903167642204721e+00
7.443903167642204721e+00
7.443903167642204721e+00
7.443903167642204721e+00
7.443903167642204721e+00
7.443903167642204721e+00
7.443903167642204721e+00
7.443903167642204721e+00
7.443903167642204721e+00
7.443903167642204721e+00
7.443903167642204721e+00
7.443903167642204721e+00
7.443903167642204721e+00
7.443903167642204721e+00
7.443903167642204721e+00
7.443903167642204721e+00
7.443903167642204721e+00
7.443903167642204721e+00
7.430056004259714797e+00
7.430056004259714797e+00
7.430056004259714797e+00
7.430056004259714797e+00
7.430056004259714797e+00
7.430056004259714797e+00
7.430056004259714797e+00
7.430056004259714797e+00
7.430056004259714797e+00
7.430056004259714797e+00
7.430056004259714797e+00
7.430056004259714797e+00
7.430056004259714797e+00
7.430056004259714797e+00
7.430056004259714797e+00
7.430056004259714797e+00
7.430056004259714797e+00
7.430056004259714797e+00
7.430056004259714797e+00
7.430056004259714797e+00
7.430056004259714797e+00
7.430056004259714797e+00
7.430056004259714797e+00
7.430056004259714797e+00
7.430056004259714797e+00
7.430056004259714797e+00
7.430056004259714797e+00
7.430056004259714797e+00
7.430056004259714797e+00
7.430056004259714797e+00
7.430056004259714797e+00
7.430056004259714797e+00
7.430056004259714797e+00
7.430056004259714797e+00
7.430056004259714797e+00
7.430056004259714797e+00
7.430056004259714797e+00
7.430056004259714797e+00
7.430056004259714797e+00
7.430056004259714797e+00
7.430056004259714797e+00
7.430056004259714797e+00
7.430056004259714797e+00
7.430056004259714797e+00
7.405950301038703998e+00
7.408736271539329010e+00
7.408736271539329010e+00
7.408736271539329010e+00
7.408736271539329010e+00
7.408736271539329010e+00
7.408736271539329010e+00
7.408736271539329010e+00
7.408736271539329010e+00
7.408736271539329010e+00
7.408736271539329010e+00
7.408736271539329010e+00
7.408736271539329010e+00
7.175783170190260130e+00
7.175783170190260130e+00
7.175783170190260130e+00
7.175783170190260130e+00
7.175783170190260130e+00
7.169916907416672203e+00
7.169916907416672203e+00
7.169916907416672203e+00
7.169916907416672203e+00
7.169916907416672203e+00
7.169916907416672203e+00
7.169916907416672203e+00
7.169916907416672203e+00
7.169916907416672203e+00
7.169916907416672203e+00
7.091424490904431721e+00
7.091424490904431721e+00
7.091424490904431721e+00
7.091424490904431721e+00
7.091424490904431721e+00
7.091424490904431721e+00
7.091424490904431721e+00
7.091424490904431721e+00
7.091424490904431721e+00
7.091424490904431721e+00
7.091424490904431721e+00
7.091424490904431721e+00
7.091424490904431721e+00
7.091424490904431721e+00
7.091424490904431721e+00
7.091424490904431721e+00
7.091424490904431721e+00
7.091424490904431721e+00
7.091424490904431721e+00
7.091424490904431721e+00
7.091424490904431721e+00
7.091424490904431721e+00
7.091424490904431721e+00
7.091424490904431721e+00
7.091424490904431721e+00
7.091424490904431721e+00
7.091424490904431721e+00
7.091424490904431721e+00
7.091424490904431721e+00
7.091424490904431721e+00
7.091424490904431721e+00
7.091424490904431721e+00
7.091424490904431721e+00
7.091424490904431721e+00
7.091424490904431721e+00
7.091424490904431721e+00
7.091424490904431721e+00
7.091424490904431721e+00
7.091424490904431721e+00
7.091424490904431721e+00
7.091424490904431721e+00
7.091424490904431721e+00
7.091424490904431721e+00
7.091424490904431721e+00
7.091424490904431721e+00
7.091424490904431721e+00
7.091424490904431721e+00
7.091424490904431721e+00
7.091424490904431721e+00
7.091424490904431721e+00
7.091424490904431721e+00
7.091424490904431721e+00
7.091424490904431721e+00
7.091424490904431721e+00
7.091424490904431721e+00
7.091424490904431721e+00
7.091424490904431721e+00
7.091424490904431721e+00
7.091424490904431721e+00
7.091424490904431721e+00
7.091424490904431721e+00
7.091424490904431721e+00
7.091424490904431721e+00
7.091424490904431721e+00
7.084416124464889997e+00
7.084416124464889997e+00
7.084416124464889997e+00
7.084416124464889997e+00
7.084416124464889997e+00
7.084416124464889997e+00
7.084416124464889997e+00
7.084416124464889997e+00
7.084416124464889997e+00
7.084416124464889997e+00
7.084416124464889997e+00
7.084416124464889997e+00
7.084416124464889997e+00
7.084416124464889997e+00
7.084416124464889997e+00
7.084416124464889997e+00
7.084416124464889997e+00
7.084416124464889997e+00
7.084416124464889997e+00
7.084416124464889997e+00
7.084416124464889997e+00
7.084416124464889997e+00
7.084416124464889997e+00
7.084416124464889997e+00
7.084416124464889997e+00
7.084416124464889997e+00
7.084416124464889997e+00
7.084416124464889997e+00
7.084416124464889997e+00
7.084416124464889997e+00
7.084416124464889997e+00
7.084416124464889997e+00
7.084416124464889997e+00
7.084416124464889997e+00
7.084416124464889997e+00
7.084416124464889997e+00
7.084416124464889997e+00
7.084416124464889997e+00
7.084416124464889997e+00
7.084416124464889997e+00
7.084416124464889997e+00
7.084416124464889997e+00
7.084416124464889997e+00
7.084416124464889997e+00
7.084416124464889997e+00
7.084416124464889997e+00
7.084416124464889997e+00
7.084416124464889997e+00
7.084416124464889997e+00
7.084416124464889997e+00
7.084416124464889997e+00
7.084416124464889997e+00
7.084416124464889997e+00
7.084416124464889997e+00
7.084416124464889997e+00
7.084416124464889997e+00
7.084416124464889997e+00
7.084416124464889997e+00
7.084416124464889997e+00
7.084416124464889997e+00
7.084416124464889997e+00
7.084416124464889997e+00
7.157469433464870967e+00
7.157469433464870967e+00
7.157469433464870967e+00
7.157469433464870967e+00
7.157469433464870967e+00
7.157469433464870967e+00
7.157469433464870967e+00
7.157469433464870967e+00
7.157469433464870967e+00
7.157469433464870967e+00
7.157469433464870967e+00
