4.390442719078057507e+02
4.021163515853601211e+02
3.759361681211783548e+02
3.386730890429853957e+02
3.101690048844183707e+02
2.861434362608546849e+02
2.637076061812105081e+02
2.439725586510266737e+02
2.246691381078513530e+02
2.108361800840349645e+02
1.986587251092854274e+02
1.856908251244567509e+02
1.801269262462733423e+02
1.706824167336016842e+02
1.644316767511565445e+02
1.549855453569820156e+02
1.515265027594601577e+02
1.444231784189047119e+02
1.410821727286984242e+02
1.373179113635796966e+02
1.343122041672390026e+02
1.316436252511759051e+02
1.300520400855869809e+02
1.258770031443416570e+02
1.240995637514498213e+02
1.218247833607076132e+02
1.196218323542720583e+02
1.173994123819725246e+02
1.158879021853191347e+02
1.152749510762168512e+02
1.133363386196057689e+02
1.125185666749965634e+02
1.111573627999213016e+02
1.091398446643352145e+02
1.088946538308120040e+02
1.077885339646600897e+02
1.076341515660935357e+02
1.066293349592783812e+02
1.063923322775157914e+02
1.045152943930888227e+02
1.030939896172971686e+02
1.022144501902039622e+02
1.017354121668801668e+02
1.017354121668801668e+02
1.012724731473744697e+02
1.010336659041057175e+02
1.006594059943972326e+02
1.000525205026278286e+02
9.952173854251267926e+01
9.952058218104589571e+01
9.926046761100812432e+01
9.888233026869608011e+01
9.862414667580463856e+01
9.826508101735618084e+01
9.802600360802497903e+01
9.754182353280202733e+01
9.717617342763736588e+01
9.682502287033381094e+01
9.669771543935500802e+01
9.596515290539036869e+01
9.596515290539036869e+01
9.550706576597866615e+01
9.464557294338418103e+01
9.464557294338418103e+01
9.443588007400781237e+01
9.443588007400781237e+01
9.383671771942951523e+01
9.323081756586383051e+01
9.323081756586383051e+01
9.294028736690002290e+01
9.284540673558490198e+01
9.267595535768265336e+01
9.267595535768265336e+01
9.193032004842027050e+01
9.193032004842027050e+01
9.179116068655393690e+01
9.173594215716481415e+01
9.171638790669017283e+01
9.138130713972016395e+01
9.138130713972016395e+01
9.137273941315312697e+01
9.104508934679847698e+01
9.070184964123239979e+01
9.057133838061282916e+01
9.054824354722896373e+01
9.054824354722896373e+01
9.054824354722896373e+01
8.986283262514533021e+01
8.986283262514533021e+01
8.986283262514533021e+01
8.960873836683462912e+01
8.952132189845688970e+01
8.952132189845688970e+01
8.942261737842983393e+01
8.923591366017789994e+01
8.922697942763348067e+01
8.922697942763348067e+01
8.922697942763348067e+01
8.922697942763348067e+01
8.922697942763348067e+01
8.861772251392770272e+01
8.832354859375263345e+01
8.832354859375263345e+01
8.811283312445694094e+01
8.811283312445694094e+01
8.811283312445694094e+01
8.811283312445694094e+01
8.798043252288911731e+01
8.798043252288911731e+01
8.798043252288911731e+01
8.776589021276969049e+01
8.756589062653564781e+01
8.756589062653564781e+01
8.756589062653564781e+01
8.756589062653564781e+01
8.756589062653564781e+01
8.756589062653564781e+01
8.756589062653564781e+01
8.756589062653564781e+01
8.756589062653564781e+01
8.756589062653564781e+01
8.753071853048065520e+01
8.753071853048065520e+01
8.753071853048065520e+01
8.706133004831981737e+01
8.706133004831981737e+01
8.678650765685445378e+01
8.670898312670371411e+01
8.670898312670371411e+01
8.670898312670371411e+01
8.670898312670371411e+01
8.670898312670371411e+01
8.670898312670371411e+01
8.670898312670371411e+01
8.670898312670371411e+01
8.665926277972288005e+01
8.665926277972288005e+01
8.612975980955587829e+01
8.571357525160485125e+01
8.568386568414925364e+01
8.568386568414925364e+01
8.568386568414925364e+01
8.568386568414925364e+01
8.568386568414925364e+01
8.568386568414925364e+01
8.568386568414925364e+01
8.568386568414925364e+01
8.568386568414925364e+01
8.563429977019436024e+01
8.563429977019436024e+01
8.563429977019436024e+01
8.549152780977372856e+01
8.549152780977372856e+01
8.498007814258841108e+01
8.498007814258841108e+01
8.493357794514112413e+01
8.454973101160298654e+01
8.454112993616759297e+01
8.454112993616759297e+01
8.453679852424039609e+01
8.427760516417667702e+01
8.427760516417667702e+01
8.427760516417667702e+01
8.427760516417667702e+01
8.427760516417667702e+01
8.427760516417667702e+01
8.427075673927765820e+01
8.427075673927765820e+01
8.427075673927765820e+01
8.427075673927765820e+01
8.427075673927765820e+01
8.426407348092949690e+01
8.426407348092949690e+01
8.426407348092949690e+01
8.426407348092949690e+01
8.421304118113110349e+01
8.421304118113110349e+01
8.421304118113110349e+01
8.421304118113110349e+01
8.421304118113110349e+01
8.378048668118313458e+01
8.366654325221743704e+01
8.366654325221743704e+01
8.315340096593874364e+01
8.315340096593874364e+01
8.307371346812965385e+01
8.280423691426787514e+01
8.262418098875049566e+01
8.262418098875049566e+01
8.262418098875049566e+01
8.262418098875049566e+01
8.262418098875049566e+01
8.262418098875049566e+01
8.262418098875049566e+01
8.262418098875049566e+01
8.240569680945796449e+01
8.231852900100258807e+01
8.231852900100258807e+01
8.231852900100258807e+01
8.231852900100258807e+01
8.220280864616825056e+01
8.220280864616825056e+01
8.161951862225392063e+01
8.161951862225392063e+01
8.161951862225392063e+01
8.161951862225392063e+01
8.156383092522456479e+01
8.156383092522456479e+01
8.156383092522456479e+01
8.123279833057311805e+01
8.123279833057311805e+01
8.123279833057311805e+01
8.123279833057311805e+01
8.123279833057311805e+01
8.123279833057311805e+01
8.123279833057311805e+01
8.123279833057311805e+01
8.117573495597621047e+01
8.117573495597621047e+01
8.117573495597621047e+01
8.117573495597621047e+01
8.117573495597621047e+01
8.117573495597621047e+01
8.117573495597621047e+01
8.096317660431697050e+01
8.091228456091945986e+01
8.091228456091945986e+01
8.091228456091945986e+01
8.091228456091945986e+01
8.091228456091945986e+01
8.091228456091945986e+01
8.091228456091945986e+01
8.079923260757252024e+01
8.064666794681728845e+01
8.064666794681728845e+01
8.064666794681728845e+01
8.064666794681728845e+01
8.062724246595890065e+01
8.062724246595890065e+01
8.062724246595890065e+01
8.062724246595890065e+01
8.062724246595890065e+01
8.062724246595890065e+01
8.062724246595890065e+01
8.062724246595890065e+01
8.062724246595890065e+01
8.062724246595890065e+01
8.009764776852760804e+01
8.009764776852760804e+01
8.009764776852760804e+01
8.009764776852760804e+01
8.009764776852760804e+01
8.009764776852760804e+01
8.009764776852760804e+01
8.009764776852760804e+01
8.009764776852760804e+01
8.007586951904848149e+01
8.007586951904848149e+01
8.007586951904848149e+01
8.007586951904848149e+01
8.007586951904848149e+01
8.007586951904848149e+01
8.007586951904848149e+01
8.007586951904848149e+01
8.007586951904848149e+01
8.007586951904848149e+01
8.007586951904848149e+01
8.005201780511467291e+01
8.005201780511467291e+01
8.005201780511467291e+01
8.005201780511467291e+01
8.005201780511467291e+01
8.005201780511467291e+01
8.000022442243481180e+01
8.000022442243481180e+01
8.000022442243481180e+01
8.000022442243481180e+01
8.000022442243481180e+01
7.996592591476751011e+01
7.996592591476751011e+01
7.996592591476751011e+01
7.996592591476751011e+01
7.996592591476751011e+01
7.996592591476751011e+01
7.996592591476751011e+01
7.980763524169562118e+01
7.980763524169562118e+01
7.975445980662748013e+01
7.975445980662748013e+01
7.975445980662748013e+01
7.975445980662748013e+01
7.975445980662748013e+01
7.975445980662748013e+01
7.946528240322692227e+01
7.946528240322692227e+01
7.946528240322692227e+01
7.946528240322692227e+01
7.946528240322692227e+01
7.891955488392413542e+01
7.891955488392413542e+01
7.891955488392413542e+01
7.891955488392413542e+01
7.891955488392413542e+01
7.891955488392413542e+01
7.891955488392413542e+01
7.891955488392413542e+01
7.872884745282884467e+01
7.872884745282884467e+01
7.872884745282884467e+01
7.872884745282884467e+01
7.872884745282884467e+01
7.872884745282884467e+01
7.872884745282884467e+01
7.872884745282884467e+01
7.872884745282884467e+01
7.872884745282884467e+01
7.872884745282884467e+01
7.872884745282884467e+01
7.872884745282884467e+01
7.872884745282884467e+01
7.872884745282884467e+01
7.872884745282884467e+01
7.872884745282884467e+01
7.872884745282884467e+01
7.872884745282884467e+01
7.872884745282884467e+01
7.872884745282884467e+01
7.872884745282884467e+01
7.872884745282884467e+01
7.872884745282884467e+01
7.868509878950077052e+01
7.868509878950077052e+01
7.868509878950077052e+01
7.856594096181538589e+01
7.856594096181538589e+01
7.856594096181538589e+01
7.856594096181538589e+01
7.856594096181538589e+01
7.856594096181538589e+01
7.856594096181538589e+01
7.856594096181538589e+01
7.795756128168069665e+01
7.795756128168069665e+01
7.795756128168069665e+01
7.781522876309901449e+01
7.781522876309901449e+01
7.781522876309901449e+01
7.767802826901404956e+01
7.767802826901404956e+01
7.767802826901404956e+01
7.767802826901404956e+01
7.767802826901404956e+01
7.767802826901404956e+01
7.767802826901404956e+01
7.767802826901404956e+01
7.767802826901404956e+01
7.733909016975937334e+01
7.733909016975937334e+01
7.733909016975937334e+01
7.733909016975937334e+01
7.733909016975937334e+01
7.733909016975937334e+01
7.733909016975937334e+01
7.733909016975937334e+01
7.733909016975937334e+01
7.733909016975937334e+01
7.733909016975937334e+01
7.733909016975937334e+01
7.733909016975937334e+01
7.733909016975937334e+01
7.733909016975937334e+01
7.733909016975937334e+01
7.733909016975937334e+01
7.733909016975937334e+01
7.733909016975937334e+01
7.733909016975937334e+01
7.733909016975937334e+01
7.733909016975937334e+01
7.733909016975937334e+01
7.733909016975937334e+01
7.733909016975937334e+01
7.733909016975937334e+01
7.733909016975937334e+01
7.733909016975937334e+01
7.733909016975937334e+01
7.733909016975937334e+01
7.733909016975937334e+01
7.733909016975937334e+01
7.733909016975937334e+01
7.733909016975937334e+01
7.733909016975937334e+01
7.733909016975937334e+01
7.733909016975937334e+01
7.733909016975937334e+01
7.733909016975937334e+01
7.719821024601932891e+01
7.719821024601932891e+01
7.719821024601932891e+01
7.672598134580580620e+01
7.672598134580580620e+01
7.672598134580580620e+01
7.672598134580580620e+01
7.672598134580580620e+01
7.672598134580580620e+01
7.672598134580580620e+01
7.672598134580580620e+01
7.665924613782894426e+01
7.665924613782894426e+01
7.665924613782894426e+01
7.665924613782894426e+01
7.665924613782894426e+01
7.665924613782894426e+01
7.652909114952960579e+01
7.652909114952960579e+01
7.652909114952960579e+01
7.652909114952960579e+01
7.652909114952960579e+01
7.652909114952960579e+01
7.652909114952960579e+01
7.652909114952960579e+01
7.652909114952960579e+01
7.652909114952960579e+01
7.652909114952960579e+01
7.652909114952960579e+01
7.652909114952960579e+01
7.639487462701868026e+01
7.639487462701868026e+01
7.639487462701868026e+01
7.639487462701868026e+01
7.639487462701868026e+01
7.639487462701868026e+01
7.639487462701868026e+01
7.639487462701868026e+01
7.639487462701868026e+01
7.639487462701868026e+01
7.639487462701868026e+01
7.639487462701868026e+01
7.639487462701868026e+01
7.639487462701868026e+01
7.639487462701868026e+01
7.639487462701868026e+01
7.613899614010297512e+01
7.613899614010297512e+01
7.613899614010297512e+01
7.613899614010297512e+01
7.613899614010297512e+01
7.613899614010297512e+01
7.613899614010297512e+01
7.613899614010297512e+01
7.613899614010297512e+01
7.613899614010297512e+01
7.613899614010297512e+01
7.613899614010297512e+01
7.613899614010297512e+01
7.613899614010297512e+01
7.613899614010297512e+01
7.613899614010297512e+01
7.604043562111247923e+01
7.604043562111247923e+01
7.604043562111247923e+01
7.604043562111247923e+01
7.604043562111247923e+01
7.604043562111247923e+01
7.604043562111247923e+01
7.604043562111247923e+01
7.604043562111247923e+01
7.604043562111247923e+01
7.604043562111247923e+01
7.604043562111247923e+01
7.604043562111247923e+01
7.604043562111247923e+01
7.604043562111247923e+01
7.604043562111247923e+01
7.604043562111247923e+01
7.604043562111247923e+01
7.604043562111247923e+01
7.574225896063714458e+01
7.574225896063714458e+01
7.574225896063714458e+01
7.574225896063714458e+01
7.574225896063714458e+01
7.574225896063714458e+01
7.574225896063714458e+01
7.574225896063714458e+01
7.574225896063714458e+01
7.574225896063714458e+01
7.574225896063714458e+01
7.574225896063714458e+01
7.574225896063714458e+01
7.574225896063714458e+01
7.574225896063714458e+01
7.574225896063714458e+01
7.574225896063714458e+01
7.574225896063714458e+01
7.574225896063714458e+01
7.564693322637313599e+01
7.564693322637313599e+01
7.564693322637313599e+01
7.564693322637313599e+01
7.564693322637313599e+01
7.564693322637313599e+01
7.564693322637313599e+01
7.564693322637313599e+01
7.564693322637313599e+01
7.564693322637313599e+01
7.564693322637313599e+01
7.562915980912208624e+01
7.562915980912208624e+01
7.562915980912208624e+01
7.562915980912208624e+01
7.562915980912208624e+01
7.548928305310735709e+01
7.548928305310735709e+01
7.548928305310735709e+01
7.548928305310735709e+01
7.548928305310735709e+01
7.548928305310735709e+01
7.548928305310735709e+01
7.548928305310735709e+01
7.548928305310735709e+01
7.548928305310735709e+01
7.548928305310735709e+01
7.548928305310735709e+01
7.548928305310735709e+01
7.548928305310735709e+01
7.527074561047169254e+01
7.527074561047169254e+01
7.527074561047169254e+01
7.516153665699404485e+01
7.516153665699404485e+01
7.516153665699404485e+01
7.516153665699404485e+01
7.516153665699404485e+01
7.516153665699404485e+01
7.516153665699404485e+01
7.516153665699404485e+01
7.516153665699404485e+01
7.516153665699404485e+01
7.516153665699404485e+01
7.516153665699404485e+01
7.516153665699404485e+01
7.515365045874926864e+01
7.515365045874926864e+01
7.515365045874926864e+01
7.515365045874926864e+01
7.515365045874926864e+01
7.515365045874926864e+01
7.515365045874926864e+01
7.515365045874926864e+01
7.515365045874926864e+01
7.515365045874926864e+01
7.515365045874926864e+01
7.509686429430806243e+01
7.509686429430806243e+01
7.509686429430806243e+01
7.509686429430806243e+01
7.509686429430806243e+01
7.509686429430806243e+01
7.509686429430806243e+01
7.509686429430806243e+01
7.509686429430806243e+01
7.509686429430806243e+01
7.509686429430806243e+01
7.509686429430806243e+01
7.509686429430806243e+01
7.509686429430806243e+01
7.509686429430806243e+01
7.509686429430806243e+01
7.509686429430806243e+01
7.509686429430806243e+01
7.509686429430806243e+01
7.509686429430806243e+01
7.509686429430806243e+01
7.509686429430806243e+01
7.509686429430806243e+01
7.509686429430806243e+01
7.509686429430806243e+01
7.509686429430806243e+01
7.509686429430806243e+01
7.509686429430806243e+01
7.509686429430806243e+01
7.509686429430806243e+01
7.509686429430806243e+01
7.509686429430806243e+01
7.509686429430806243e+01
7.509686429430806243e+01
7.509686429430806243e+01
7.509686429430806243e+01
7.509686429430806243e+01
7.509686429430806243e+01
7.509686429430806243e+01
7.470227447253583364e+01
7.470227447253583364e+01
7.470227447253583364e+01
7.470227447253583364e+01
7.470227447253583364e+01
7.470227447253583364e+01
7.470227447253583364e+01
7.470227447253583364e+01
7.470227447253583364e+01
7.470227447253583364e+01
7.470227447253583364e+01
7.470227447253583364e+01
7.470227447253583364e+01
7.470227447253583364e+01
7.470227447253583364e+01
7.470227447253583364e+01
7.470227447253583364e+01
7.470227447253583364e+01
7.470227447253583364e+01
7.470227447253583364e+01
7.470227447253583364e+01
7.470227447253583364e+01
7.449186089656670617e+01
7.449186089656670617e+01
7.449186089656670617e+01
7.449186089656670617e+01
7.449186089656670617e+01
7.449186089656670617e+01
7.449186089656670617e+01
7.449186089656670617e+01
7.449186089656670617e+01
7.449186089656670617e+01
7.449186089656670617e+01
7.449186089656670617e+01
7.449186089656670617e+01
7.449186089656670617e+01
7.449186089656670617e+01
7.449186089656670617e+01
7.449186089656670617e+01
7.449186089656670617e+01
7.449186089656670617e+01
7.449186089656670617e+01
7.449186089656670617e+01
7.449186089656670617e+01
7.449186089656670617e+01
7.449186089656670617e+01
7.449186089656670617e+01
7.449186089656670617e+01
7.449186089656670617e+01
7.449186089656670617e+01
7.449186089656670617e+01
7.449186089656670617e+01
7.449186089656670617e+01
7.449186089656670617e+01
7.449186089656670617e+01
7.449186089656670617e+01
7.449186089656670617e+01
7.449186089656670617e+01
7.449186089656670617e+01
7.449186089656670617e+01
7.449186089656670617e+01
7.436517286310794361e+01
7.436517286310794361e+01
7.436517286310794361e+01
7.429805450444023052e+01
7.429805450444023052e+01
7.418089837880786774e+01
7.418089837880786774e+01
7.418089837880786774e+01
7.418089837880786774e+01
7.418089837880786774e+01
7.418089837880786774e+01
7.400722855348649887e+01
7.400722855348649887e+01
7.400722855348649887e+01
7.400722855348649887e+01
7.400722855348649887e+01
7.400722855348649887e+01
7.400722855348649887e+01
7.400722855348649887e+01
7.400722855348649887e+01
7.400722855348649887e+01
7.400722855348649887e+01
7.400722855348649887e+01
7.400722855348649887e+01
7.400722855348649887e+01
7.400722855348649887e+01
7.400722855348649887e+01
7.400722855348649887e+01
7.400722855348649887e+01
7.400722855348649887e+01
7.400722855348649887e+01
7.400722855348649887e+01
7.400722855348649887e+01
7.400722855348649887e+01
7.400722855348649887e+01
7.400722855348649887e+01
7.400722855348649887e+01
7.400722855348649887e+01
7.400722855348649887e+01
7.400722855348649887e+01
7.400722855348649887e+01
7.400722855348649887e+01
7.400722855348649887e+01
7.400722855348649887e+01
7.400722855348649887e+01
7.400722855348649887e+01
7.400722855348649887e+01
7.400722855348649887e+01
7.400722855348649887e+01
7.400722855348649887e+01
7.400722855348649887e+01
7.400722855348649887e+01
7.400722855348649887e+01
7.400722855348649887e+01
7.400722855348649887e+01
7.400722855348649887e+01
7.400722855348649887e+01
7.394852690381691218e+01
7.394852690381691218e+01
7.394852690381691218e+01
7.394852690381691218e+01
7.394852690381691218e+01
7.394852690381691218e+01
7.394852690381691218e+01
7.394852690381691218e+01
7.394852690381691218e+01
7.394852690381691218e+01
7.394852690381691218e+01
7.394852690381691218e+01
7.394852690381691218e+01
7.394852690381691218e+01
7.394852690381691218e+01
7.394852690381691218e+01
7.394852690381691218e+01
7.394852690381691218e+01
7.394852690381691218e+01
7.394852690381691218e+01
7.394852690381691218e+01
7.394852690381691218e+01
7.394852690381691218e+01
7.386185161503298957e+01
7.386185161503298957e+01
7.386185161503298957e+01
7.386185161503298957e+01
7.386185161503298957e+01
7.386185161503298957e+01
7.386185161503298957e+01
7.386185161503298957e+01
7.386185161503298957e+01
7.386185161503298957e+01
7.386185161503298957e+01
7.386185161503298957e+01
7.386185161503298957e+01
7.386185161503298957e+01
7.386185161503298957e+01
7.386185161503298957e+01
7.386185161503298957e+01
7.386185161503298957e+01
7.386185161503298957e+01
7.386185161503298957e+01
7.386185161503298957e+01
7.386185161503298957e+01
7.386185161503298957e+01
7.386185161503298957e+01
7.386185161503298957e+01
7.386185161503298957e+01
7.386185161503298957e+01
7.386185161503298957e+01
7.386185161503298957e+01
7.386185161503298957e+01
7.386185161503298957e+01
7.386185161503298957e+01
7.386185161503298957e+01
7.386185161503298957e+01
7.386185161503298957e+01
7.386185161503298957e+01
7.386185161503298957e+01
7.386185161503298957e+01
7.386185161503298957e+01
7.386185161503298957e+01
7.386185161503298957e+01
7.386185161503298957e+01
7.386185161503298957e+01
7.386185161503298957e+01
7.386185161503298957e+01
7.386185161503298957e+01
7.386185161503298957e+01
7.386185161503298957e+01
7.386185161503298957e+01
7.386185161503298957e+01
7.386185161503298957e+01
7.386185161503298957e+01
7.386185161503298957e+01
7.386185161503298957e+01
7.386185161503298957e+01
7.386185161503298957e+01
7.386185161503298957e+01
7.386185161503298957e+01
7.386185161503298957e+01
7.335533904755600076e+01
7.335533904755600076e+01
7.335533904755600076e+01
7.335533904755600076e+01
7.335533904755600076e+01
7.335533904755600076e+01
7.335533904755600076e+01
7.335533904755600076e+01
7.335533904755600076e+01
7.335533904755600076e+01
7.335533904755600076e+01
7.335533904755600076e+01
7.335533904755600076e+01
7.335533904755600076e+01
7.335533904755600076e+01
7.335533904755600076e+01
7.335533904755600076e+01
7.335533904755600076e+01
7.335533904755600076e+01
7.335533904755600076e+01
7.335533904755600076e+01
7.335533904755600076e+01
7.335533904755600076e+01
7.335533904755600076e+01
7.335533904755600076e+01
7.335533904755600076e+01
7.335533904755600076e+01
7.335533904755600076e+01
7.335533904755600076e+01
7.335533904755600076e+01
7.335533904755600076e+01
7.335533904755600076e+01
7.335533904755600076e+01
7.335533904755600076e+01
7.335533904755600076e+01
7.335533904755600076e+01
7.335533904755600076e+01
7.335533904755600076e+01
7.335533904755600076e+01
7.335533904755600076e+01
7.335533904755600076e+01
7.335533904755600076e+01
7.335533904755600076e+01
7.335533904755600076e+01
7.328933386679142359e+01
7.328508043543745032e+01
7.328508043543745032e+01
7.328508043543745032e+01
7.328508043543745032e+01
7.328508043543745032e+01
7.328508043543745032e+01
7.328508043543745032e+01
7.328508043543745032e+01
7.328508043543745032e+01
7.328508043543745032e+01
7.328508043543745032e+01
7.328508043543745032e+01
7.313538492364139643e+01
7.313538492364139643e+01
7.313538492364139643e+01
7.313538492364139643e+01
7.313538492364139643e+01
7.294221201731311055e+01
7.294221201731311055e+01
7.294221201731311055e+01
7.294221201731311055e+01
7.294221201731311055e+01
7.294221201731311055e+01
7.294221201731311055e+01
7.294221201731311055e+01
7.294221201731311055e+01
7.294221201731311055e+01
7.287562093573625077e+01
7.287562093573625077e+01
7.287562093573625077e+01
7.287562093573625077e+01
7.287562093573625077e+01
7.287562093573625077e+01
7.287562093573625077e+01
7.287562093573625077e+01
7.287562093573625077e+01
7.287562093573625077e+01
7.287562093573625077e+01
7.287562093573625077e+01
7.287562093573625077e+01
7.287562093573625077e+01
7.287562093573625077e+01
7.287562093573625077e+01
7.287562093573625077e+01
7.287562093573625077e+01
7.287562093573625077e+01
7.287562093573625077e+01
7.287562093573625077e+01
7.287562093573625077e+01
7.287562093573625077e+01
7.287562093573625077e+01
7.287562093573625077e+01
7.287562093573625077e+01
7.287562093573625077e+01
7.287562093573625077e+01
7.287562093573625077e+01
7.287562093573625077e+01
7.287562093573625077e+01
7.287562093573625077e+01
7.287562093573625077e+01
7.287562093573625077e+01
7.287562093573625077e+01
7.287562093573625077e+01
7.287562093573625077e+01
7.287562093573625077e+01
7.287562093573625077e+01
7.287562093573625077e+01
7.287562093573625077e+01
7.287562093573625077e+01
7.287562093573625077e+01
7.287562093573625077e+01
7.287562093573625077e+01
7.287562093573625077e+01
7.287562093573625077e+01
7.287562093573625077e+01
7.287562093573625077e+01
7.287562093573625077e+01
7.287562093573625077e+01
7.287562093573625077e+01
7.287562093573625077e+01
7.287562093573625077e+01
7.287562093573625077e+01
7.287562093573625077e+01
7.287562093573625077e+01
7.287562093573625077e+01
7.287562093573625077e+01
7.287562093573625077e+01
7.287562093573625077e+01
7.287562093573625077e+01
7.287562093573625077e+01
7.287562093573625077e+01
7.287115692082218743e+01
7.287115692082218743e+01
7.287115692082218743e+01
7.287115692082218743e+01
7.287115692082218743e+01
7.287115692082218743e+01
7.287115692082218743e+01
7.287115692082218743e+01
7.287115692082218743e+01
7.287115692082218743e+01
7.287115692082218743e+01
7.287115692082218743e+01
7.287115692082218743e+01
7.287115692082218743e+01
7.287115692082218743e+01
7.287115692082218743e+01
7.287115692082218743e+01
7.287115692082218743e+01
7.287115692082218743e+01
7.287115692082218743e+01
7.287115692082218743e+01
7.287115692082218743e+01
7.287115692082218743e+01
7.287115692082218743e+01
7.287115692082218743e+01
7.287115692082218743e+01
7.287115692082218743e+01
7.287115692082218743e+01
7.287115692082218743e+01
7.287115692082218743e+01
7.287115692082218743e+01
7.287115692082218743e+01
7.287115692082218743e+01
7.287115692082218743e+01
7.287115692082218743e+01
7.287115692082218743e+01
7.287115692082218743e+01
7.287115692082218743e+01
7.287115692082218743e+01
7.287115692082218743e+01
7.287115692082218743e+01
7.287115692082218743e+01
7.287115692082218743e+01
7.287115692082218743e+01
7.287115692082218743e+01
7.287115692082218743e+01
7.287115692082218743e+01
7.287115692082218743e+01
7.287115692082218743e+01
7.287115692082218743e+01
7.287115692082218743e+01
7.287115692082218743e+01
7.287115692082218743e+01
7.287115692082218743e+01
7.287115692082218743e+01
7.287115692082218743e+01
7.287115692082218743e+01
7.287115692082218743e+01
7.287115692082218743e+01
7.287115692082218743e+01
7.287115692082218743e+01
7.287115692082218743e+01
7.280310028250161736e+01
7.280310028250161736e+01
7.280310028250161736e+01
7.280310028250161736e+01
7.280310028250161736e+01
7.280310028250161736e+01
7.280310028250161736e+01
7.280310028250161736e+01
7.280310028250161736e+01
7.280310028250161736e+01
7.280310028250161736e+01
