2.295137880368402961e+01
1.864420196723635570e+01
1.735519345923092160e+01
1.600753744359812458e+01
1.620254429328527834e+01
1.575147949545893766e+01
1.490276648333393616e+01
1.414055889792157927e+01
1.269062967260493124e+01
1.585039734561137870e+01
1.354914443522837253e+01
1.478659789311616990e+01
1.337365931937778996e+01
1.335052002324317222e+01
1.006960209620116942e+01
9.029230387306370176e+00
9.731557113361050781e+00
8.262327302934073359e+00
8.884080264030377094e+00
7.078662149081929478e+00
6.161334018824462966e+00
4.892784278377726892e+00
4.541131028963706129e+00
4.280643866954045862e+00
4.258943882261709390e+00
4.848503385689371115e+00
4.833461903510609226e+00
4.615465133053070268e+00
4.483776403389248877e+00
4.500884010923655865e+00
4.444233962258627990e+00
4.404792908311349287e+00
4.248833423255693020e+00
3.621970297126963167e+00
3.396344611687273751e+00
3.326124948512463764e+00
3.254458436498619989e+00
3.061221150028611948e+00
3.168318017712751011e+00
3.168436508910488669e+00
3.305037497238795474e+00
3.159114688605720200e+00
3.127579318135757624e+00
3.344239445533929267e+00
3.256003510019047642e+00
3.256003510019047642e+00
3.177164043910783331e+00
3.173933163162251159e+00
3.173933163162251159e+00
3.173933163162251159e+00
3.009575695657322303e+00
3.009575695657322303e+00
2.995315425207510263e+00
3.020442713139910751e+00
3.020442713139910751e+00
3.021705216980802966e+00
2.995268756521985321e+00
3.061219245600856897e+00
3.061219245600856897e+00
3.364440716222932171e+00
3.609577285077534725e+00
3.609577285077534725e+00
3.609577285077534725e+00
3.609577285077534725e+00
3.518373092369417865e+00
3.518373092369417865e+00
3.487000303787011646e+00
3.487000303787011646e+00
3.487000303787011646e+00
3.487000303787011646e+00
3.627630726596405175e+00
3.627630726596405175e+00
3.627630726596405175e+00
3.876698270090967124e+00
3.876698270090967124e+00
3.876698270090967124e+00
3.909113814438012202e+00
3.909113814438012202e+00
3.871698812226250119e+00
3.871698812226250119e+00
3.907467593096340064e+00
3.871116233895773640e+00
3.889485457576957295e+00
3.823802177529488144e+00
3.823589838658020490e+00
3.823589838658020490e+00
3.823589838658020490e+00
3.823589838658020490e+00
3.823589838658020490e+00
3.805017942391202723e+00
3.805017942391202723e+00
3.790664070679724329e+00
3.787941489902082903e+00
3.772983528105887441e+00
3.665231728258997457e+00
4.262359814228313226e+00
4.262359814228313226e+00
4.262359814228313226e+00
4.262359814228313226e+00
4.262359814228313226e+00
4.262359814228313226e+00
4.232273286062231854e+00
4.119362006300385737e+00
4.119362006300385737e+00
4.119362006300385737e+00
4.119362006300385737e+00
4.136437404805381135e+00
4.128667887108032453e+00
4.128667887108032453e+00
4.128667887108032453e+00
4.128667887108032453e+00
4.109884660335232809e+00
4.109884660335232809e+00
4.081927729332079480e+00
4.081927729332079480e+00
4.081927729332079480e+00
4.081927729332079480e+00
4.081927729332079480e+00
4.081927729332079480e+00
4.081927729332079480e+00
4.081927729332079480e+00
4.081927729332079480e+00
4.081927729332079480e+00
4.041196555325720752e+00
4.041196555325720752e+00
4.041196555325720752e+00
4.041196555325720752e+00
4.041196555325720752e+00
4.014640557904771256e+00
3.940354199426593151e+00
3.939672087074955975e+00
3.939672087074955975e+00
3.939672087074955975e+00
3.939672087074955975e+00
3.939672087074955975e+00
3.961327157232934049e+00
3.951723340137844431e+00
3.951723340137844431e+00
3.951723340137844431e+00
3.843750977037050376e+00
3.843750977037050376e+00
3.843750977037050376e+00
3.843750977037050376e+00
3.843750977037050376e+00
3.843750977037050376e+00
3.843750977037050376e+00
3.843750977037050376e+00
3.843750977037050376e+00
3.843750977037050376e+00
3.843750977037050376e+00
3.843750977037050376e+00
3.843750977037050376e+00
3.843750977037050376e+00
3.781343531668907243e+00
3.781343531668907243e+00
3.781343531668907243e+00
3.781343531668907243e+00
3.781343531668907243e+00
3.781343531668907243e+00
3.781343531668907243e+00
3.781343531668907243e+00
3.781343531668907243e+00
3.781343531668907243e+00
3.781343531668907243e+00
3.739468055672511060e+00
3.739468055672511060e+00
3.739468055672511060e+00
3.739468055672511060e+00
3.739468055672511060e+00
3.716100538528410269e+00
3.716100538528410269e+00
3.716100538528410269e+00
3.716100538528410269e+00
3.716100538528410269e+00
3.716100538528410269e+00
3.716100538528410269e+00
3.722825896167159865e+00
3.722825896167159865e+00
3.722825896167159865e+00
3.722825896167159865e+00
3.722825896167159865e+00
3.722825896167159865e+00
3.750397668766446202e+00
3.750397668766446202e+00
3.750397668766446202e+00
3.747510853548165155e+00
3.804838035570535126e+00
3.804838035570535126e+00
3.773857852203031715e+00
3.811700145738465384e+00
3.811700145738465384e+00
3.811700145738465384e+00
3.811700145738465384e+00
3.811700145738465384e+00
3.713183838499504397e+00
3.713183838499504397e+00
3.713183838499504397e+00
3.713183838499504397e+00
3.713183838499504397e+00
3.713183838499504397e+00
3.713183838499504397e+00
3.713183838499504397e+00
3.675763583657945421e+00
3.675763583657945421e+00
3.675763583657945421e+00
3.675763583657945421e+00
3.675763583657945421e+00
3.675763583657945421e+00
3.675763583657945421e+00
3.675763583657945421e+00
3.675763583657945421e+00
3.668231974077835300e+00
3.639598114282156072e+00
3.607531742640248229e+00
3.607531742640248229e+00
3.607531742640248229e+00
3.607531742640248229e+00
3.607531742640248229e+00
3.607531742640248229e+00
3.607531742640248229e+00
3.585772970806396120e+00
3.585772970806396120e+00
3.585772970806396120e+00
3.585772970806396120e+00
3.585772970806396120e+00
3.661805189258915405e+00
3.661805189258915405e+00
3.661805189258915405e+00
3.661805189258915405e+00
3.661805189258915405e+00
3.661805189258915405e+00
3.661805189258915405e+00
3.661805189258915405e+00
3.661805189258915405e+00
3.661805189258915405e+00
3.661805189258915405e+00
3.661805189258915405e+00
3.661805189258915405e+00
3.661805189258915405e+00
3.661805189258915405e+00
3.661805189258915405e+00
3.667085717811589429e+00
3.667085717811589429e+00
3.667085717811589429e+00
3.667085717811589429e+00
3.667085717811589429e+00
3.667085717811589429e+00
3.667085717811589429e+00
3.850354995324857921e+00
3.850354995324857921e+00
3.850354995324857921e+00
3.850354995324857921e+00
3.850354995324857921e+00
3.850354995324857921e+00
3.850354995324857921e+00
3.850354995324857921e+00
3.850354995324857921e+00
3.805404529468040309e+00
3.805404529468040309e+00
3.786939990066742645e+00
3.752381733932937280e+00
3.752381733932937280e+00
3.752381733932937280e+00
3.752381733932937280e+00
3.812250494194480144e+00
3.812250494194480144e+00
3.812408788931985981e+00
3.812408788931985981e+00
3.812408788931985981e+00
3.812408788931985981e+00
3.812408788931985981e+00
3.812408788931985981e+00
3.812408788931985981e+00
3.812408788931985981e+00
3.812408788931985981e+00
3.833124429963084889e+00
3.833124429963084889e+00
3.833124429963084889e+00
3.822849291523441551e+00
3.822849291523441551e+00
3.870593905508589394e+00
3.870593905508589394e+00
3.714886442099392561e+00
3.714886442099392561e+00
3.714886442099392561e+00
3.714886442099392561e+00
3.714886442099392561e+00
3.714886442099392561e+00
3.535266240190715337e+00
3.535266240190715337e+00
3.492115072476093207e+00
3.492115072476093207e+00
3.492115072476093207e+00
3.492115072476093207e+00
3.492115072476093207e+00
3.492115072476093207e+00
3.492115072476093207e+00
3.536323368912440035e+00
3.536323368912440035e+00
3.536323368912440035e+00
3.536323368912440035e+00
3.536323368912440035e+00
3.536323368912440035e+00
3.536323368912440035e+00
3.536323368912440035e+00
3.656695905140135316e+00
3.656695905140135316e+00
3.656695905140135316e+00
3.656695905140135316e+00
3.656695905140135316e+00
3.656695905140135316e+00
3.489735295608520360e+00
3.489735295608520360e+00
3.489735295608520360e+00
3.489735295608520360e+00
3.489735295608520360e+00
3.489735295608520360e+00
3.402831481660405277e+00
3.402831481660405277e+00
3.402831481660405277e+00
3.402831481660405277e+00
3.402831481660405277e+00
3.402831481660405277e+00
3.402831481660405277e+00
3.402831481660405277e+00
3.402831481660405277e+00
3.402831481660405277e+00
3.402831481660405277e+00
3.402831481660405277e+00
3.402831481660405277e+00
3.402831481660405277e+00
3.402831481660405277e+00
3.402831481660405277e+00
3.402831481660405277e+00
3.402831481660405277e+00
3.402831481660405277e+00
3.402831481660405277e+00
3.402831481660405277e+00
3.402831481660405277e+00
3.379025190738426332e+00
3.379025190738426332e+00
3.379025190738426332e+00
3.379025190738426332e+00
3.379025190738426332e+00
3.379025190738426332e+00
3.379025190738426332e+00
3.379025190738426332e+00
3.379025190738426332e+00
3.379025190738426332e+00
3.379025190738426332e+00
3.379025190738426332e+00
3.379025190738426332e+00
3.379025190738426332e+00
3.379025190738426332e+00
3.379025190738426332e+00
3.379025190738426332e+00
3.379025190738426332e+00
3.379025190738426332e+00
3.379025190738426332e+00
3.379025190738426332e+00
3.379025190738426332e+00
3.379025190738426332e+00
3.379025190738426332e+00
3.379025190738426332e+00
3.379025190738426332e+00
3.379025190738426332e+00
3.379025190738426332e+00
3.379025190738426332e+00
3.379025190738426332e+00
3.379025190738426332e+00
3.379025190738426332e+00
3.379025190738426332e+00
3.379025190738426332e+00
3.379025190738426332e+00
3.379025190738426332e+00
3.379025190738426332e+00
3.379025190738426332e+00
3.379025190738426332e+00
3.379025190738426332e+00
3.379025190738426332e+00
3.379025190738426332e+00
3.379025190738426332e+00
3.379025190738426332e+00
3.379025190738426332e+00
3.379025190738426332e+00
3.376605336330281482e+00
3.376605336330281482e+00
3.376605336330281482e+00
3.376605336330281482e+00
3.376605336330281482e+00
3.376605336330281482e+00
3.376605336330281482e+00
3.376605336330281482e+00
3.376605336330281482e+00
3.376605336330281482e+00
3.376605336330281482e+00
3.376605336330281482e+00
3.376605336330281482e+00
3.376605336330281482e+00
3.376605336330281482e+00
3.376605336330281482e+00
3.376605336330281482e+00
3.376605336330281482e+00
3.374862499191643384e+00
3.374862499191643384e+00
3.374862499191643384e+00
3.374862499191643384e+00
3.374862499191643384e+00
3.374862499191643384e+00
3.374862499191643384e+00
3.374862499191643384e+00
3.374862499191643384e+00
3.360334436973710925e+00
3.360334436973710925e+00
3.360334436973710925e+00
3.360334436973710925e+00
3.360334436973710925e+00
3.360334436973710925e+00
3.360334436973710925e+00
3.360334436973710925e+00
3.360334436973710925e+00
3.360334436973710925e+00
3.351561513497658851e+00
3.351561513497658851e+00
3.351561513497658851e+00
3.351561513497658851e+00
3.351561513497658851e+00
3.351561513497658851e+00
3.351561513497658851e+00
3.351561513497658851e+00
3.351561513497658851e+00
3.351561513497658851e+00
3.346107554556222663e+00
3.346107554556222663e+00
3.346107554556222663e+00
3.346107554556222663e+00
3.346107554556222663e+00
3.292036860507010498e+00
3.292036860507010498e+00
3.292036860507010498e+00
3.292036860507010498e+00
3.292036860507010498e+00
3.292036860507010498e+00
3.292036860507010498e+00
3.292036860507010498e+00
3.292036860507010498e+00
3.292036860507010498e+00
3.292036860507010498e+00
3.292036860507010498e+00
3.292036860507010498e+00
3.292036860507010498e+00
3.292036860507010498e+00
3.292036860507010498e+00
3.292036860507010498e+00
3.292036860507010498e+00
3.292036860507010498e+00
3.292036860507010498e+00
3.292036860507010498e+00
3.292036860507010498e+00
3.292036860507010498e+00
3.292036860507010498e+00
3.277967939160293831e+00
3.277967939160293831e+00
3.277967939160293831e+00
3.277967939160293831e+00
3.277967939160293831e+00
3.277967939160293831e+00
3.277967939160293831e+00
3.277967939160293831e+00
3.277967939160293831e+00
3.277967939160293831e+00
3.277967939160293831e+00
3.277967939160293831e+00
3.277967939160293831e+00
3.277967939160293831e+00
3.277967939160293831e+00
3.277967939160293831e+00
3.277967939160293831e+00
3.277967939160293831e+00
3.277967939160293831e+00
3.277967939160293831e+00
3.277967939160293831e+00
3.277967939160293831e+00
3.277967939160293831e+00
3.277967939160293831e+00
3.277967939160293831e+00
3.277967939160293831e+00
3.275078043334945566e+00
3.275078043334945566e+00
3.275078043334945566e+00
3.275078043334945566e+00
3.275078043334945566e+00
3.275078043334945566e+00
3.275078043334945566e+00
3.275078043334945566e+00
3.275078043334945566e+00
3.275078043334945566e+00
3.275078043334945566e+00
3.275078043334945566e+00
3.275078043334945566e+00
3.275078043334945566e+00
3.275078043334945566e+00
3.275078043334945566e+00
3.275078043334945566e+00
3.275078043334945566e+00
3.275078043334945566e+00
3.275078043334945566e+00
3.275078043334945566e+00
3.243283846739887455e+00
3.243283846739887455e+00
3.243283846739887455e+00
3.243283846739887455e+00
3.243283846739887455e+00
3.243283846739887455e+00
3.232515071879305424e+00
3.232515071879305424e+00
3.232515071879305424e+00
3.232515071879305424e+00
3.232515071879305424e+00
3.232515071879305424e+00
3.232515071879305424e+00
3.232515071879305424e+00
3.232515071879305424e+00
3.232515071879305424e+00
3.232515071879305424e+00
3.232515071879305424e+00
3.232515071879305424e+00
3.232515071879305424e+00
3.232515071879305424e+00
3.232515071879305424e+00
3.232515071879305424e+00
3.232515071879305424e+00
3.232515071879305424e+00
3.232515071879305424e+00
3.234924986029455329e+00
3.234074167387966270e+00
3.234074167387966270e+00
3.234074167387966270e+00
3.234074167387966270e+00
3.234074167387966270e+00
3.234074167387966270e+00
3.234074167387966270e+00
3.234074167387966270e+00
3.234074167387966270e+00
3.234074167387966270e+00
3.234074167387966270e+00
3.234074167387966270e+00
3.234074167387966270e+00
3.234074167387966270e+00
3.234074167387966270e+00
3.234074167387966270e+00
3.234074167387966270e+00
3.234074167387966270e+00
3.234074167387966270e+00
3.234074167387966270e+00
3.234074167387966270e+00
3.234074167387966270e+00
3.234074167387966270e+00
3.234074167387966270e+00
3.217409018959457079e+00
3.217409018959457079e+00
3.217409018959457079e+00
3.217409018959457079e+00
3.217409018959457079e+00
3.217409018959457079e+00
3.217409018959457079e+00
3.217409018959457079e+00
3.217409018959457079e+00
3.217409018959457079e+00
3.217409018959457079e+00
3.217409018959457079e+00
3.217409018959457079e+00
3.217409018959457079e+00
3.217409018959457079e+00
3.217409018959457079e+00
3.217409018959457079e+00
3.217409018959457079e+00
3.217409018959457079e+00
3.217409018959457079e+00
3.217409018959457079e+00
3.213928246210231432e+00
3.213928246210231432e+00
3.213928246210231432e+00
3.213928246210231432e+00
3.213928246210231432e+00
3.213928246210231432e+00
3.213928246210231432e+00
3.213928246210231432e+00
3.213928246210231432e+00
3.213928246210231432e+00
3.213928246210231432e+00
3.213928246210231432e+00
3.213928246210231432e+00
3.213928246210231432e+00
3.213928246210231432e+00
3.213928246210231432e+00
3.213928246210231432e+00
3.213928246210231432e+00
3.213928246210231432e+00
3.213928246210231432e+00
3.213928246210231432e+00
3.213928246210231432e+00
3.213928246210231432e+00
3.213928246210231432e+00
3.213928246210231432e+00
3.213928246210231432e+00
3.213928246210231432e+00
3.213928246210231432e+00
3.265248367446230038e+00
3.265248367446230038e+00
3.265248367446230038e+00
3.265248367446230038e+00
3.265248367446230038e+00
3.265248367446230038e+00
3.265248367446230038e+00
3.265248367446230038e+00
3.265248367446230038e+00
3.265248367446230038e+00
3.265248367446230038e+00
3.265248367446230038e+00
3.265248367446230038e+00
3.265248367446230038e+00
3.265248367446230038e+00
3.265248367446230038e+00
3.265248367446230038e+00
3.265248367446230038e+00
3.265248367446230038e+00
3.265248367446230038e+00
3.265248367446230038e+00
3.265248367446230038e+00
3.265248367446230038e+00
3.265248367446230038e+00
3.265248367446230038e+00
3.265248367446230038e+00
3.265248367446230038e+00
3.265248367446230038e+00
3.265248367446230038e+00
3.265248367446230038e+00
3.265248367446230038e+00
3.265248367446230038e+00
3.265248367446230038e+00
3.265248367446230038e+00
3.265248367446230038e+00
3.265248367446230038e+00
3.265248367446230038e+00
3.265248367446230038e+00
3.265248367446230038e+00
3.265248367446230038e+00
3.265248367446230038e+00
3.265248367446230038e+00
3.265248367446230038e+00
3.265248367446230038e+00
3.265248367446230038e+00
3.265248367446230038e+00
3.265248367446230038e+00
3.265248367446230038e+00
3.256912451192038205e+00
3.256912451192038205e+00
3.256912451192038205e+00
3.256912451192038205e+00
3.256912451192038205e+00
3.256912451192038205e+00
3.256912451192038205e+00
3.256912451192038205e+00
3.256912451192038205e+00
3.256912451192038205e+00
3.256912451192038205e+00
3.256912451192038205e+00
3.256912451192038205e+00
3.256912451192038205e+00
3.256912451192038205e+00
3.256912451192038205e+00
3.256912451192038205e+00
3.256912451192038205e+00
3.256912451192038205e+00
3.256912451192038205e+00
3.256912451192038205e+00
3.256912451192038205e+00
3.256912451192038205e+00
3.256912451192038205e+00
3.256912451192038205e+00
3.256912451192038205e+00
3.256912451192038205e+00
3.240672213534934176e+00
3.240672213534934176e+00
3.240672213534934176e+00
3.240672213534934176e+00
3.240672213534934176e+00
3.236974600935131896e+00
3.236974600935131896e+00
3.236974600935131896e+00
3.236974600935131896e+00
3.236974600935131896e+00
3.236974600935131896e+00
3.236974600935131896e+00
3.236974600935131896e+00
3.236974600935131896e+00
3.236974600935131896e+00
3.236974600935131896e+00
3.236974600935131896e+00
3.236974600935131896e+00
3.236974600935131896e+00
3.236974600935131896e+00
3.236974600935131896e+00
3.236974600935131896e+00
3.236974600935131896e+00
3.236974600935131896e+00
3.236974600935131896e+00
3.236974600935131896e+00
3.236974600935131896e+00
3.236974600935131896e+00
3.236974600935131896e+00
3.236974600935131896e+00
3.236974600935131896e+00
3.236974600935131896e+00
3.236974600935131896e+00
3.236974600935131896e+00
3.236974600935131896e+00
3.236974600935131896e+00
3.236974600935131896e+00
3.236974600935131896e+00
3.236974600935131896e+00
3.236974600935131896e+00
3.236974600935131896e+00
3.301673501547995659e+00
3.301673501547995659e+00
3.301673501547995659e+00
3.301673501547995659e+00
3.301673501547995659e+00
3.301484244464726103e+00
3.301484244464726103e+00
3.301484244464726103e+00
3.301484244464726103e+00
3.301484244464726103e+00
3.301484244464726103e+00
3.301484244464726103e+00
3.301484244464726103e+00
3.301484244464726103e+00
3.301484244464726103e+00
3.301484244464726103e+00
3.301484244464726103e+00
3.301484244464726103e+00
3.301484244464726103e+00
3.301484244464726103e+00
3.301484244464726103e+00
3.301484244464726103e+00
3.301484244464726103e+00
3.301484244464726103e+00
3.301484244464726103e+00
3.301484244464726103e+00
3.301484244464726103e+00
3.301484244464726103e+00
3.301484244464726103e+00
3.301484244464726103e+00
3.301484244464726103e+00
3.301484244464726103e+00
3.301484244464726103e+00
3.301484244464726103e+00
3.235624759367316194e+00
3.235624759367316194e+00
3.235624759367316194e+00
3.235624759367316194e+00
3.235624759367316194e+00
3.235624759367316194e+00
3.235624759367316194e+00
3.235624759367316194e+00
3.235624759367316194e+00
3.235624759367316194e+00
3.235132063179739337e+00
3.235132063179739337e+00
3.235132063179739337e+00
3.235132063179739337e+00
3.235132063179739337e+00
3.235132063179739337e+00
3.235132063179739337e+00
3.235132063179739337e+00
3.235132063179739337e+00
3.235132063179739337e+00
3.235132063179739337e+00
3.235132063179739337e+00
3.235132063179739337e+00
3.235132063179739337e+00
3.235132063179739337e+00
3.235132063179739337e+00
3.235132063179739337e+00
3.247043163442506319e+00
3.247043163442506319e+00
3.247043163442506319e+00
3.247043163442506319e+00
3.247043163442506319e+00
3.247043163442506319e+00
3.247043163442506319e+00
3.247043163442506319e+00
3.247043163442506319e+00
3.247043163442506319e+00
3.247043163442506319e+00
3.247043163442506319e+00
3.247043163442506319e+00
3.247043163442506319e+00
3.247043163442506319e+00
3.247043163442506319e+00
3.247043163442506319e+00
3.247043163442506319e+00
3.247043163442506319e+00
3.247043163442506319e+00
3.247043163442506319e+00
3.247043163442506319e+00
3.247043163442506319e+00
3.247043163442506319e+00
3.247043163442506319e+00
3.247043163442506319e+00
3.247043163442506319e+00
3.247043163442506319e+00
3.247043163442506319e+00
3.247043163442506319e+00
3.247043163442506319e+00
3.247043163442506319e+00
3.247043163442506319e+00
3.247043163442506319e+00
3.247043163442506319e+00
3.247043163442506319e+00
3.247043163442506319e+00
3.247043163442506319e+00
3.247043163442506319e+00
3.247043163442506319e+00
3.247043163442506319e+00
3.247043163442506319e+00
3.247043163442506319e+00
3.247043163442506319e+00
3.247043163442506319e+00
3.247043163442506319e+00
3.247043163442506319e+00
3.247043163442506319e+00
3.247043163442506319e+00
3.247043163442506319e+00
3.247043163442506319e+00
3.247043163442506319e+00
3.247043163442506319e+00
3.247043163442506319e+00
3.247043163442506319e+00
3.247043163442506319e+00
3.247043163442506319e+00
3.247043163442506319e+00
3.247043163442506319e+00
3.247043163442506319e+00
3.247043163442506319e+00
3.247043163442506319e+00
3.247043163442506319e+00
3.247043163442506319e+00
3.247043163442506319e+00
3.247043163442506319e+00
3.247043163442506319e+00
3.247043163442506319e+00
3.247043163442506319e+00
3.247043163442506319e+00
3.246566491758339890e+00
3.246566491758339890e+00
3.234009242718034471e+00
3.234009242718034471e+00
3.234009242718034471e+00
3.234009242718034471e+00
3.234009242718034471e+00
3.234009242718034471e+00
3.234009242718034471e+00
3.234009242718034471e+00
3.372918897514485259e+00
3.372918897514485259e+00
3.372918897514485259e+00
3.372918897514485259e+00
3.372918897514485259e+00
3.372918897514485259e+00
3.372918897514485259e+00
3.372918897514485259e+00
3.371316788900577510e+00
3.371316788900577510e+00
3.371316788900577510e+00
3.371316788900577510e+00
3.371316788900577510e+00
3.371316788900577510e+00
3.371316788900577510e+00
3.371316788900577510e+00
3.371316788900577510e+00
3.371316788900577510e+00
3.371316788900577510e+00
3.371316788900577510e+00
3.371316788900577510e+00
3.371316788900577510e+00
3.371316788900577510e+00
3.371316788900577510e+00
3.371316788900577510e+00
3.526163083361436801e+00
3.524803817080347290e+00
3.524803817080347290e+00
3.524803817080347290e+00
3.524803817080347290e+00
3.524803817080347290e+00
3.524803817080347290e+00
3.524803817080347290e+00
3.524803817080347290e+00
3.524803817080347290e+00
3.524803817080347290e+00
3.524803817080347290e+00
3.524803817080347290e+00
3.524803817080347290e+00
3.524803817080347290e+00
3.524803817080347290e+00
3.524803817080347290e+00
3.524803817080347290e+00
3.524803817080347290e+00
3.524803817080347290e+00
3.524803817080347290e+00
3.524803817080347290e+00
3.524803817080347290e+00
3.524803817080347290e+00
3.524803817080347290e+00
3.524803817080347290e+00
3.524803817080347290e+00
3.524803817080347290e+00
3.524803817080347290e+00
3.524803817080347290e+00
3.524803817080347290e+00
3.524803817080347290e+00
3.639647795003264186e+00
3.639647795003264186e+00
3.639647795003264186e+00
3.639647795003264186e+00
3.639647795003264186e+00
3.639647795003264186e+00
3.639647795003264186e+00
3.639647795003264186e+00
3.639647795003264186e+00
3.639647795003264186e+00
3.639647795003264186e+00
3.639647795003264186e+00
3.639647795003264186e+00
3.639647795003264186e+00
3.639647795003264186e+00
3.639647795003264186e+00
3.639647795003264186e+00
3.639647795003264186e+00
3.639647795003264186e+00
3.639647795003264186e+00
3.639647795003264186e+00
3.639647795003264186e+00
3.639647795003264186e+00
3.639647795003264186e+00
3.639647795003264186e+00
3.639647795003264186e+00
3.639647795003264186e+00
3.639647795003264186e+00
3.639647795003264186e+00
3.639647795003264186e+00
3.639647795003264186e+00
3.639647795003264186e+00
3.639647795003264186e+00
3.639647795003264186e+00
3.639647795003264186e+00
3.639647795003264186e+00
3.639647795003264186e+00
3.639647795003264186e+00
3.639647795003264186e+00
3.639647795003264186e+00
3.639647795003264186e+00
3.639647795003264186e+00
3.639647795003264186e+00
3.639647795003264186e+00
3.639647795003264186e+00
3.639647795003264186e+00
3.639647795003264186e+00
3.639647795003264186e+00
3.639647795003264186e+00
3.639647795003264186e+00
3.639647795003264186e+00
3.639647795003264186e+00
3.639647795003264186e+00
3.639647795003264186e+00
3.639647795003264186e+00
3.639647795003264186e+00
3.639647795003264186e+00
3.639647795003264186e+00
3.639647795003264186e+00
3.639647795003264186e+00
3.639647795003264186e+00
3.639647795003264186e+00
3.639647795003264186e+00
3.639647795003264186e+00
3.639647795003264186e+00
3.639647795003264186e+00
3.639647795003264186e+00
3.639647795003264186e+00
3.639647795003264186e+00
3.639647795003264186e+00
3.639647795003264186e+00
3.639647795003264186e+00
3.639647795003264186e+00
3.639647795003264186e+00
3.639647795003264186e+00
3.639647795003264186e+00
3.639647795003264186e+00
3.639647795003264186e+00
