3.203479517353275696e+01
4.085638926299213836e+01
2.592509117172500055e+01
2.972448994364236796e+01
2.379980428749593102e+01
2.981859383324257351e+01
2.716564969947569352e+01
2.573014212443382576e+01
3.239788442834515081e+01
3.551711222704454940e+01
2.906556972593710952e+01
3.507362628273534710e+01
3.273389677571356060e+01
3.150311591000513545e+01
3.191186400680260249e+01
2.949588203422649713e+01
3.125211016296458411e+01
2.526423875301264843e+01
3.159795478114813250e+01
2.955032777376817421e+01
2.770234904634196482e+01
3.153988514583636515e+01
3.000823821058469321e+01
3.180027120600573198e+01
3.496401875818452254e+01
2.869278517973964426e+01
2.694562670712605268e+01
2.795924711939312601e+01
3.646950391754057819e+01
3.337097657349318069e+01
