4.392835568494397762e+02
3.074182837792915279e+02
2.502522304978107286e+02
2.212440550632703662e+02
2.039186734364364497e+02
1.957050416153528261e+02
1.818384757651398900e+02
1.647925423927842132e+02
1.546662630602038178e+02
1.429957080003368901e+02
1.291692144017214900e+02
1.165836512549751660e+02
1.044385078943307548e+02
9.245237464901296676e+01
8.326346763206790058e+01
7.624854704027916341e+01
6.995538003624190537e+01
6.205675205337936973e+01
5.711535100659713748e+01
5.397832902697579982e+01
5.132787992536035659e+01
4.884325226133228881e+01
4.662925594055548117e+01
4.542826967169816754e+01
4.489791415930495333e+01
4.406164323848284425e+01
4.326233516988197181e+01
4.284925166953330233e+01
4.250747296581221235e+01
4.237033800665934535e+01
4.181827099993358843e+01
4.177010094150181629e+01
4.155134442471878486e+01
4.117067423838004459e+01
4.085253634360944375e+01
4.073700927561414176e+01
4.053714397118785229e+01
4.032607990103090856e+01
4.021246464318981850e+01
4.020745563936613109e+01
4.008712870494241542e+01
3.973171481606797784e+01
3.967763978674239667e+01
3.951735211457830843e+01
3.939280729144702775e+01
3.939280729144702775e+01
3.928786638755735083e+01
3.926019498032800215e+01
3.926019498032800215e+01
3.926019498032800215e+01
3.908886368124559141e+01
3.908886368124559141e+01
3.906647433440862471e+01
3.897250172849376071e+01
3.897250172849376071e+01
3.895290994086705183e+01
3.889627544122494385e+01
3.880680450210817867e+01
3.880680450210817867e+01
3.838227641564534309e+01
3.816287742332411170e+01
3.816287742332411170e+01
3.816287742332411170e+01
3.816287742332411170e+01
3.799901283821248654e+01
3.799901283821248654e+01
3.793581200862084302e+01
3.793581200862084302e+01
3.793581200862084302e+01
3.793581200862084302e+01
3.781340578414597076e+01
3.781340578414597076e+01
3.781340578414597076e+01
3.739215941999317039e+01
3.739215941999317039e+01
3.739215941999317039e+01
3.728962822578434810e+01
3.728962822578434810e+01
3.725425554777844894e+01
3.725425554777844894e+01
3.701784909652396038e+01
3.698729868851550862e+01
3.695179918012994591e+01
3.684280961906799945e+01
3.684169389359122704e+01
3.684169389359122704e+01
3.684169389359122704e+01
3.684169389359122704e+01
3.684169389359122704e+01
3.681214362700685427e+01
3.681214362700685427e+01
3.677339696435379324e+01
3.670729632595246272e+01
3.668869940243510541e+01
3.660218357363581276e+01
3.632280612931631936e+01
3.632280612931631936e+01
3.632280612931631936e+01
3.632280612931631936e+01
3.632280612931631936e+01
3.632280612931631936e+01
3.625770885422916479e+01
3.614020815006553278e+01
3.614020815006553278e+01
3.614020815006553278e+01
3.614020815006553278e+01
3.605163239120363272e+01
3.603763782514417358e+01
3.603763782514417358e+01
3.603763782514417358e+01
3.603763782514417358e+01
3.599512771259235677e+01
3.599512771259235677e+01
3.586811415353702159e+01
3.586811415353702159e+01
3.586811415353702159e+01
3.586811415353702159e+01
3.586811415353702159e+01
3.586811415353702159e+01
3.586811415353702159e+01
3.586811415353702159e+01
3.586811415353702159e+01
3.586811415353702159e+01
3.563310423372605840e+01
3.563310423372605840e+01
3.563310423372605840e+01
3.563310423372605840e+01
3.563310423372605840e+01
3.554151408200454654e+01
3.537516648717473089e+01
3.536624614176480463e+01
3.536624614176480463e+01
3.536624614176480463e+01
3.536624614176480463e+01
3.536624614176480463e+01
3.525693125731065436e+01
3.523451090857297174e+01
3.523451090857297174e+01
3.523451090857297174e+01
3.514388432338002133e+01
3.514388432338002133e+01
3.514388432338002133e+01
3.514388432338002133e+01
3.514388432338002133e+01
3.514388432338002133e+01
3.514388432338002133e+01
3.514388432338002133e+01
3.514388432338002133e+01
3.514388432338002133e+01
3.514388432338002133e+01
3.514388432338002133e+01
3.514388432338002133e+01
3.514388432338002133e+01
3.507146425678892854e+01
3.507146425678892854e+01
3.507146425678892854e+01
3.507146425678892854e+01
3.507146425678892854e+01
3.507146425678892854e+01
3.507146425678892854e+01
3.507146425678892854e+01
3.507146425678892854e+01
3.507146425678892854e+01
3.507146425678892854e+01
3.485687196678268407e+01
3.485687196678268407e+01
3.485687196678268407e+01
3.485687196678268407e+01
3.485687196678268407e+01
3.479879219434862136e+01
3.479879219434862136e+01
3.479879219434862136e+01
3.479879219434862136e+01
3.479879219434862136e+01
3.479879219434862136e+01
3.479879219434862136e+01
3.476994296117592143e+01
3.476994296117592143e+01
3.476994296117592143e+01
3.476994296117592143e+01
3.476994296117592143e+01
3.476994296117592143e+01
3.471903155780250216e+01
3.471903155780250216e+01
3.471903155780250216e+01
3.469796043255542628e+01
3.447562218527473732e+01
3.447562218527473732e+01
3.445310975260824193e+01
3.431240321310342267e+01
3.431240321310342267e+01
3.431240321310342267e+01
3.431240321310342267e+01
3.431240321310342267e+01
3.410595087009093618e+01
3.410595087009093618e+01
3.410595087009093618e+01
3.410595087009093618e+01
3.410595087009093618e+01
3.410595087009093618e+01
3.410595087009093618e+01
3.410595087009093618e+01
3.404703662505712458e+01
3.404703662505712458e+01
3.404703662505712458e+01
3.404703662505712458e+01
3.404703662505712458e+01
3.404703662505712458e+01
3.404703662505712458e+01
3.404703662505712458e+01
3.404703662505712458e+01
3.401975977889954095e+01
3.390368566354431579e+01
3.388431404952297044e+01
3.388431404952297044e+01
3.388431404952297044e+01
3.388431404952297044e+01
3.388431404952297044e+01
3.388431404952297044e+01
3.388431404952297044e+01
3.386079830002378799e+01
3.386079830002378799e+01
3.386079830002378799e+01
3.386079830002378799e+01
3.386079830002378799e+01
3.368227427604684010e+01
3.368227427604684010e+01
3.368227427604684010e+01
3.368227427604684010e+01
3.368227427604684010e+01
3.368227427604684010e+01
3.368227427604684010e+01
3.368227427604684010e+01
3.368227427604684010e+01
3.368227427604684010e+01
3.368227427604684010e+01
3.368227427604684010e+01
3.368227427604684010e+01
3.368227427604684010e+01
3.368227427604684010e+01
3.368227427604684010e+01
3.366026947777098144e+01
3.366026947777098144e+01
3.366026947777098144e+01
3.366026947777098144e+01
3.366026947777098144e+01
3.366026947777098144e+01
3.366026947777098144e+01
3.349340448705443407e+01
3.349340448705443407e+01
3.349340448705443407e+01
3.349340448705443407e+01
3.349340448705443407e+01
3.349340448705443407e+01
3.349340448705443407e+01
3.349340448705443407e+01
3.349340448705443407e+01
3.345443213875113742e+01
3.345443213875113742e+01
3.343476940801396324e+01
3.338336775061389972e+01
3.338336775061389972e+01
3.338336775061389972e+01
3.338336775061389972e+01
3.318981167528814069e+01
3.318981167528814069e+01
3.318903263571668560e+01
3.318903263571668560e+01
3.318903263571668560e+01
3.318903263571668560e+01
3.318903263571668560e+01
3.318903263571668560e+01
3.318903263571668560e+01
3.318903263571668560e+01
3.318903263571668560e+01
3.308337702306322115e+01
3.308337702306322115e+01
3.308337702306322115e+01
3.301704798839689659e+01
3.301704798839689659e+01
3.296478561012234820e+01
3.296478561012234820e+01
3.281190008447164530e+01
3.281190008447164530e+01
3.281190008447164530e+01
3.281190008447164530e+01
3.281190008447164530e+01
3.281190008447164530e+01
3.269824905798336800e+01
3.269824905798336800e+01
3.260110248000359690e+01
3.260110248000359690e+01
3.260110248000359690e+01
3.260110248000359690e+01
3.260110248000359690e+01
3.260110248000359690e+01
3.260110248000359690e+01
3.250419517959110749e+01
3.250419517959110749e+01
3.250419517959110749e+01
3.250419517959110749e+01
3.250419517959110749e+01
3.250419517959110749e+01
3.250419517959110749e+01
3.250419517959110749e+01
3.237353270612238987e+01
3.237353270612238987e+01
3.237353270612238987e+01
3.237353270612238987e+01
3.237353270612238987e+01
3.237353270612238987e+01
3.226912905383218089e+01
3.226912905383218089e+01
3.226912905383218089e+01
3.226912905383218089e+01
3.226912905383218089e+01
3.226912905383218089e+01
3.217660875497163886e+01
3.217660875497163886e+01
3.217660875497163886e+01
3.217660875497163886e+01
3.217660875497163886e+01
3.217660875497163886e+01
3.217660875497163886e+01
3.217660875497163886e+01
3.217660875497163886e+01
3.217660875497163886e+01
3.217660875497163886e+01
3.217660875497163886e+01
3.217660875497163886e+01
3.217660875497163886e+01
3.217660875497163886e+01
3.217660875497163886e+01
3.217660875497163886e+01
3.217660875497163886e+01
3.217660875497163886e+01
3.217660875497163886e+01
3.217660875497163886e+01
3.217660875497163886e+01
3.216750107262377867e+01
3.216750107262377867e+01
3.216750107262377867e+01
3.216750107262377867e+01
3.216750107262377867e+01
3.216750107262377867e+01
3.216750107262377867e+01
3.216750107262377867e+01
3.216750107262377867e+01
3.216750107262377867e+01
3.216750107262377867e+01
3.216750107262377867e+01
3.216750107262377867e+01
3.216750107262377867e+01
3.216750107262377867e+01
3.216750107262377867e+01
3.216750107262377867e+01
3.216750107262377867e+01
3.216750107262377867e+01
3.216750107262377867e+01
3.216750107262377867e+01
3.216750107262377867e+01
3.216750107262377867e+01
3.216750107262377867e+01
3.216750107262377867e+01
3.216750107262377867e+01
3.216750107262377867e+01
3.216750107262377867e+01
3.216750107262377867e+01
3.216750107262377867e+01
3.216750107262377867e+01
3.216750107262377867e+01
3.216750107262377867e+01
3.216750107262377867e+01
3.216750107262377867e+01
3.216750107262377867e+01
3.216750107262377867e+01
3.216750107262377867e+01
3.216750107262377867e+01
3.216750107262377867e+01
3.216750107262377867e+01
3.216750107262377867e+01
3.216750107262377867e+01
3.216750107262377867e+01
3.216750107262377867e+01
3.216750107262377867e+01
3.216656346983195647e+01
3.216656346983195647e+01
3.216656346983195647e+01
3.216656346983195647e+01
3.216656346983195647e+01
3.216656346983195647e+01
3.216656346983195647e+01
3.216656346983195647e+01
3.216656346983195647e+01
3.216656346983195647e+01
3.216656346983195647e+01
3.216656346983195647e+01
3.216656346983195647e+01
3.216656346983195647e+01
3.216656346983195647e+01
3.216656346983195647e+01
3.216656346983195647e+01
3.216656346983195647e+01
3.215813440059596928e+01
3.215813440059596928e+01
3.215813440059596928e+01
3.215813440059596928e+01
3.215813440059596928e+01
3.215813440059596928e+01
3.215813440059596928e+01
3.215813440059596928e+01
3.215813440059596928e+01
3.213844063690002884e+01
3.213844063690002884e+01
3.213844063690002884e+01
3.213844063690002884e+01
3.213844063690002884e+01
3.213844063690002884e+01
3.213844063690002884e+01
3.213844063690002884e+01
3.213844063690002884e+01
3.213844063690002884e+01
3.212359733274253415e+01
3.212359733274253415e+01
3.212359733274253415e+01
3.212359733274253415e+01
3.212359733274253415e+01
3.212359733274253415e+01
3.212359733274253415e+01
3.212359733274253415e+01
3.212359733274253415e+01
3.212359733274253415e+01
3.211345910315300500e+01
3.211345910315300500e+01
3.211345910315300500e+01
3.211345910315300500e+01
3.211345910315300500e+01
3.206880020750020321e+01
3.206880020750020321e+01
3.206880020750020321e+01
3.206880020750020321e+01
3.206880020750020321e+01
3.206880020750020321e+01
3.206880020750020321e+01
3.206880020750020321e+01
3.206880020750020321e+01
3.206880020750020321e+01
3.206880020750020321e+01
3.206880020750020321e+01
3.206880020750020321e+01
3.206880020750020321e+01
3.206880020750020321e+01
3.206880020750020321e+01
3.206880020750020321e+01
3.206880020750020321e+01
3.206880020750020321e+01
3.206880020750020321e+01
3.206880020750020321e+01
3.206880020750020321e+01
3.206880020750020321e+01
3.206880020750020321e+01
3.199452995259335708e+01
3.199452995259335708e+01
3.199452995259335708e+01
3.199452995259335708e+01
3.199452995259335708e+01
3.199452995259335708e+01
3.199452995259335708e+01
3.199452995259335708e+01
3.199452995259335708e+01
3.199452995259335708e+01
3.199452995259335708e+01
3.199452995259335708e+01
3.199452995259335708e+01
3.199452995259335708e+01
3.199452995259335708e+01
3.199452995259335708e+01
3.199452995259335708e+01
3.199452995259335708e+01
3.199452995259335708e+01
3.199452995259335708e+01
3.199452995259335708e+01
3.199452995259335708e+01
3.199452995259335708e+01
3.199452995259335708e+01
3.199452995259335708e+01
3.199452995259335708e+01
3.196276532806039228e+01
3.196276532806039228e+01
3.196276532806039228e+01
3.196276532806039228e+01
3.196276532806039228e+01
3.196276532806039228e+01
3.196276532806039228e+01
3.196276532806039228e+01
3.196276532806039228e+01
3.196276532806039228e+01
3.196276532806039228e+01
3.196276532806039228e+01
3.196276532806039228e+01
3.196276532806039228e+01
3.196276532806039228e+01
3.196276532806039228e+01
3.196276532806039228e+01
3.196276532806039228e+01
3.196276532806039228e+01
3.196276532806039228e+01
3.196276532806039228e+01
3.186839067740985243e+01
3.186839067740985243e+01
3.186839067740985243e+01
3.186839067740985243e+01
3.186839067740985243e+01
3.186839067740985243e+01
3.184825267142531757e+01
3.184825267142531757e+01
3.184825267142531757e+01
3.184825267142531757e+01
3.184825267142531757e+01
3.184825267142531757e+01
3.184825267142531757e+01
3.184825267142531757e+01
3.184825267142531757e+01
3.184825267142531757e+01
3.184825267142531757e+01
3.184825267142531757e+01
3.184825267142531757e+01
3.184825267142531757e+01
3.184825267142531757e+01
3.184825267142531757e+01
3.184825267142531757e+01
3.184825267142531757e+01
3.184825267142531757e+01
3.184825267142531757e+01
3.182101042834959870e+01
3.182026817795106410e+01
3.182026817795106410e+01
3.182026817795106410e+01
3.182026817795106410e+01
3.182026817795106410e+01
3.182026817795106410e+01
3.182026817795106410e+01
3.182026817795106410e+01
3.182026817795106410e+01
3.182026817795106410e+01
3.182026817795106410e+01
3.182026817795106410e+01
3.182026817795106410e+01
3.182026817795106410e+01
3.182026817795106410e+01
3.182026817795106410e+01
3.182026817795106410e+01
3.182026817795106410e+01
3.182026817795106410e+01
3.182026817795106410e+01
3.182026817795106410e+01
3.182026817795106410e+01
3.182026817795106410e+01
3.182026817795106410e+01
3.180440853157334757e+01
3.180440853157334757e+01
3.180440853157334757e+01
3.180440853157334757e+01
3.180440853157334757e+01
3.180440853157334757e+01
3.180440853157334757e+01
3.180440853157334757e+01
3.180440853157334757e+01
3.180440853157334757e+01
3.180440853157334757e+01
3.180440853157334757e+01
3.180440853157334757e+01
3.180440853157334757e+01
3.180440853157334757e+01
3.180440853157334757e+01
3.180440853157334757e+01
3.180440853157334757e+01
3.180440853157334757e+01
3.180440853157334757e+01
3.180440853157334757e+01
3.178395914919975596e+01
3.178395914919975596e+01
3.178395914919975596e+01
3.178395914919975596e+01
3.178395914919975596e+01
3.178395914919975596e+01
3.178395914919975596e+01
3.178395914919975596e+01
3.178395914919975596e+01
3.178395914919975596e+01
3.178395914919975596e+01
3.178395914919975596e+01
3.178395914919975596e+01
3.178395914919975596e+01
3.178395914919975596e+01
3.178395914919975596e+01
3.178395914919975596e+01
3.178395914919975596e+01
3.178395914919975596e+01
3.178395914919975596e+01
3.178395914919975596e+01
3.178395914919975596e+01
3.178395914919975596e+01
3.178395914919975596e+01
3.178395914919975596e+01
3.178395914919975596e+01
3.178395914919975596e+01
3.178395914919975596e+01
3.173359272601340209e+01
3.173359272601340209e+01
3.173359272601340209e+01
3.173359272601340209e+01
3.173359272601340209e+01
3.173359272601340209e+01
3.173359272601340209e+01
3.173359272601340209e+01
3.173359272601340209e+01
3.173359272601340209e+01
3.173359272601340209e+01
3.173359272601340209e+01
3.173359272601340209e+01
3.173359272601340209e+01
3.173359272601340209e+01
3.173359272601340209e+01
3.173359272601340209e+01
3.173359272601340209e+01
3.173359272601340209e+01
3.173359272601340209e+01
3.173359272601340209e+01
3.173359272601340209e+01
3.173359272601340209e+01
3.173359272601340209e+01
3.173359272601340209e+01
3.173359272601340209e+01
3.173359272601340209e+01
3.173359272601340209e+01
3.173359272601340209e+01
3.173359272601340209e+01
3.173359272601340209e+01
3.173359272601340209e+01
3.173359272601340209e+01
3.173359272601340209e+01
3.173359272601340209e+01
3.173359272601340209e+01
3.173359272601340209e+01
3.173359272601340209e+01
3.173359272601340209e+01
3.173359272601340209e+01
3.173359272601340209e+01
3.173359272601340209e+01
3.173359272601340209e+01
3.173359272601340209e+01
3.173359272601340209e+01
3.173359272601340209e+01
3.173359272601340209e+01
3.173359272601340209e+01
3.164842437685965493e+01
3.164842437685965493e+01
3.164842437685965493e+01
3.164842437685965493e+01
3.164842437685965493e+01
3.164842437685965493e+01
3.164842437685965493e+01
3.164842437685965493e+01
3.164842437685965493e+01
3.164842437685965493e+01
3.164842437685965493e+01
3.164842437685965493e+01
3.164842437685965493e+01
3.164842437685965493e+01
3.164842437685965493e+01
3.164842437685965493e+01
3.164842437685965493e+01
3.164842437685965493e+01
3.164842437685965493e+01
3.164842437685965493e+01
3.164842437685965493e+01
3.164842437685965493e+01
3.164842437685965493e+01
3.164842437685965493e+01
3.164842437685965493e+01
3.164842437685965493e+01
3.164842437685965493e+01
3.162342043122879431e+01
3.162342043122879431e+01
3.162342043122879431e+01
3.162342043122879431e+01
3.162342043122879431e+01
3.159765840448485719e+01
3.159765840448485719e+01
3.159765840448485719e+01
3.159765840448485719e+01
3.159765840448485719e+01
3.159765840448485719e+01
3.159765840448485719e+01
3.159765840448485719e+01
3.159765840448485719e+01
3.159765840448485719e+01
3.159765840448485719e+01
3.159765840448485719e+01
3.159765840448485719e+01
3.159765840448485719e+01
3.159765840448485719e+01
3.159765840448485719e+01
3.159765840448485719e+01
3.159765840448485719e+01
3.159765840448485719e+01
3.159765840448485719e+01
3.159765840448485719e+01
3.159765840448485719e+01
3.159765840448485719e+01
3.159765840448485719e+01
3.159765840448485719e+01
3.159765840448485719e+01
3.159765840448485719e+01
3.159765840448485719e+01
3.159765840448485719e+01
3.159765840448485719e+01
3.159765840448485719e+01
3.159765840448485719e+01
3.159765840448485719e+01
3.159765840448485719e+01
3.159765840448485719e+01
3.159765840448485719e+01
3.149163546595002927e+01
3.149163546595002927e+01
3.149163546595002927e+01
3.149163546595002927e+01
3.149163546595002927e+01
3.148662310442423617e+01
3.148662310442423617e+01
3.148662310442423617e+01
3.148662310442423617e+01
3.148662310442423617e+01
3.148662310442423617e+01
3.148662310442423617e+01
3.148662310442423617e+01
3.148662310442423617e+01
3.148662310442423617e+01
3.148662310442423617e+01
3.148662310442423617e+01
3.148662310442423617e+01
3.148662310442423617e+01
3.148662310442423617e+01
3.148662310442423617e+01
3.148662310442423617e+01
3.148662310442423617e+01
3.148662310442423617e+01
3.148662310442423617e+01
3.148662310442423617e+01
3.148662310442423617e+01
3.148662310442423617e+01
3.148662310442423617e+01
3.148662310442423617e+01
3.148662310442423617e+01
3.148662310442423617e+01
3.148662310442423617e+01
3.148662310442423617e+01
3.139569069709938987e+01
3.139569069709938987e+01
3.139569069709938987e+01
3.139569069709938987e+01
3.139569069709938987e+01
3.139569069709938987e+01
3.139569069709938987e+01
3.139569069709938987e+01
3.139569069709938987e+01
3.139569069709938987e+01
3.139413744127337225e+01
3.139413744127337225e+01
3.139413744127337225e+01
3.139413744127337225e+01
3.139413744127337225e+01
3.139413744127337225e+01
3.139413744127337225e+01
3.139413744127337225e+01
3.139413744127337225e+01
3.139413744127337225e+01
3.139413744127337225e+01
3.139413744127337225e+01
3.139413744127337225e+01
3.139413744127337225e+01
3.139413744127337225e+01
3.139413744127337225e+01
3.139413744127337225e+01
3.136053163896701435e+01
3.136053163896701435e+01
3.136053163896701435e+01
3.136053163896701435e+01
3.136053163896701435e+01
3.136053163896701435e+01
3.136053163896701435e+01
3.136053163896701435e+01
3.136053163896701435e+01
3.136053163896701435e+01
3.136053163896701435e+01
3.136053163896701435e+01
3.136053163896701435e+01
3.136053163896701435e+01
3.136053163896701435e+01
3.136053163896701435e+01
3.136053163896701435e+01
3.136053163896701435e+01
3.136053163896701435e+01
3.136053163896701435e+01
3.136053163896701435e+01
3.136053163896701435e+01
3.136053163896701435e+01
3.136053163896701435e+01
3.136053163896701435e+01
3.136053163896701435e+01
3.136053163896701435e+01
3.136053163896701435e+01
3.136053163896701435e+01
3.136053163896701435e+01
3.136053163896701435e+01
3.136053163896701435e+01
3.136053163896701435e+01
3.136053163896701435e+01
3.136053163896701435e+01
3.136053163896701435e+01
3.136053163896701435e+01
3.136053163896701435e+01
3.136053163896701435e+01
3.136053163896701435e+01
3.136053163896701435e+01
3.136053163896701435e+01
3.136053163896701435e+01
3.136053163896701435e+01
3.136053163896701435e+01
3.136053163896701435e+01
3.136053163896701435e+01
3.136053163896701435e+01
3.136053163896701435e+01
3.136053163896701435e+01
3.136053163896701435e+01
3.136053163896701435e+01
3.136053163896701435e+01
3.136053163896701435e+01
3.136053163896701435e+01
3.136053163896701435e+01
3.136053163896701435e+01
3.136053163896701435e+01
3.136053163896701435e+01
3.136053163896701435e+01
3.136053163896701435e+01
3.136053163896701435e+01
3.136053163896701435e+01
3.136053163896701435e+01
3.136053163896701435e+01
3.136053163896701435e+01
3.136053163896701435e+01
3.136053163896701435e+01
3.136053163896701435e+01
3.136053163896701435e+01
3.135413093341255930e+01
3.135413093341255930e+01
3.131783464548441032e+01
3.131783464548441032e+01
3.131783464548441032e+01
3.131783464548441032e+01
3.131783464548441032e+01
3.131783464548441032e+01
3.131783464548441032e+01
3.131783464548441032e+01
3.111825218452140973e+01
3.111825218452140973e+01
3.111825218452140973e+01
3.111825218452140973e+01
3.111825218452140973e+01
3.111825218452140973e+01
3.111825218452140973e+01
3.111825218452140973e+01
3.103043426977187380e+01
3.103043426977187380e+01
3.103043426977187380e+01
3.103043426977187380e+01
3.103043426977187380e+01
3.103043426977187380e+01
3.103043426977187380e+01
3.103043426977187380e+01
3.103043426977187380e+01
3.103043426977187380e+01
3.103043426977187380e+01
3.103043426977187380e+01
3.103043426977187380e+01
3.103043426977187380e+01
3.103043426977187380e+01
3.103043426977187380e+01
3.103043426977187380e+01
3.085647562903660557e+01
3.085599677324251999e+01
3.085599677324251999e+01
3.085599677324251999e+01
3.085599677324251999e+01
3.085599677324251999e+01
3.085599677324251999e+01
3.085599677324251999e+01
3.085599677324251999e+01
3.085599677324251999e+01
3.085599677324251999e+01
3.085599677324251999e+01
3.085599677324251999e+01
3.085599677324251999e+01
3.085599677324251999e+01
3.085599677324251999e+01
3.085599677324251999e+01
3.085599677324251999e+01
3.085599677324251999e+01
3.085599677324251999e+01
3.085599677324251999e+01
3.085599677324251999e+01
3.085599677324251999e+01
3.085599677324251999e+01
3.085599677324251999e+01
3.085599677324251999e+01
3.085599677324251999e+01
3.085599677324251999e+01
3.085599677324251999e+01
3.085599677324251999e+01
3.085599677324251999e+01
3.085599677324251999e+01
3.066238134074965771e+01
3.066238134074965771e+01
3.066238134074965771e+01
3.066238134074965771e+01
3.066238134074965771e+01
3.066238134074965771e+01
3.066238134074965771e+01
3.066238134074965771e+01
3.066238134074965771e+01
3.066238134074965771e+01
3.066238134074965771e+01
3.066238134074965771e+01
3.066238134074965771e+01
3.066238134074965771e+01
3.066238134074965771e+01
3.066238134074965771e+01
3.066238134074965771e+01
3.066238134074965771e+01
3.066238134074965771e+01
3.066238134074965771e+01
3.066238134074965771e+01
3.066238134074965771e+01
3.066238134074965771e+01
3.066238134074965771e+01
3.066238134074965771e+01
3.066238134074965771e+01
3.066238134074965771e+01
3.066238134074965771e+01
3.066238134074965771e+01
3.066238134074965771e+01
3.066238134074965771e+01
3.066238134074965771e+01
3.066238134074965771e+01
3.066238134074965771e+01
3.066238134074965771e+01
3.066238134074965771e+01
3.066238134074965771e+01
3.066238134074965771e+01
3.066238134074965771e+01
3.066238134074965771e+01
3.066238134074965771e+01
3.066238134074965771e+01
3.066238134074965771e+01
3.066238134074965771e+01
3.066238134074965771e+01
3.066238134074965771e+01
3.066238134074965771e+01
3.066238134074965771e+01
3.066238134074965771e+01
3.066238134074965771e+01
3.066238134074965771e+01
3.066238134074965771e+01
3.066238134074965771e+01
3.066238134074965771e+01
3.066238134074965771e+01
3.066238134074965771e+01
3.066238134074965771e+01
3.066238134074965771e+01
3.066238134074965771e+01
3.066238134074965771e+01
3.066238134074965771e+01
3.066238134074965771e+01
3.066238134074965771e+01
3.066238134074965771e+01
3.066238134074965771e+01
3.066238134074965771e+01
3.066238134074965771e+01
3.066238134074965771e+01
3.066238134074965771e+01
3.066238134074965771e+01
3.066238134074965771e+01
3.066238134074965771e+01
3.066238134074965771e+01
3.066238134074965771e+01
3.066238134074965771e+01
3.066238134074965771e+01
3.066238134074965771e+01
3.066238134074965771e+01
