7.737867272573225819e+01
8.031513335524121544e+01
8.214935340017007093e+01
7.483996121755441777e+01
7.031696773532226530e+01
8.018823287553192358e+01
6.763005719268304006e+01
6.837164291185430898e+01
7.844525221792287084e+01
7.354944847225857529e+01
7.035902953824989936e+01
5.704064627765990281e+01
6.417252162066856158e+01
7.098337266562762693e+01
7.307870433034617008e+01
6.416314402796552940e+01
7.921876394866018245e+01
7.286494817254740042e+01
6.389211364509421287e+01
7.196567663536740156e+01
6.048618630191879220e+01
7.593558257223173769e+01
6.892807981067448964e+01
6.270862356296228768e+01
8.432345317954047914e+01
7.920371282451981187e+01
7.504138218751583622e+01
8.375497619965560148e+01
7.448995138759983092e+01
7.029875395501065327e+01
