1.677018369325371794e-01
5.623340783639504403e-01
4.587794559883926482e-01
6.074079931089657602e-01
6.183018154679654765e-01
7.020542371000363380e-01
8.172864626748687078e-01
8.271373818634667474e-01
8.629185280136719705e-01
8.894409405952352632e-01
9.163198608569365078e-01
9.300673326217827608e-01
9.484793929198430673e-01
9.552672616361818081e-01
9.510596237253426954e-01
9.562621668001515252e-01
9.590105598464002679e-01
9.640674416749654974e-01
9.704909338556337861e-01
9.679085795095976330e-01
9.664535309965280874e-01
9.728224119455320951e-01
9.795852354905605353e-01
9.828982160151025216e-01
9.829453488967015984e-01
9.880179758924703126e-01
9.932612430947161952e-01
9.973249629476528266e-01
9.930183871886474334e-01
1.000076504103865949e+00
9.929819372230119789e-01
9.919023297512652437e-01
9.999620653231900969e-01
1.004265216639405489e+00
1.001620557530698674e+00
1.002543401304686999e+00
1.001158240315902281e+00
1.002782498412656542e+00
1.000809356657615945e+00
9.982761811997550305e-01
9.930167438503854083e-01
9.945800215268073563e-01
9.975958264128126363e-01
9.993654474424866763e-01
1.001786779993582677e+00
9.928232620579248158e-01
9.940027908264768008e-01
9.929724018631826965e-01
9.909238987321165038e-01
9.959342573699365708e-01
1.000411528244599557e+00
1.002796458237092514e+00
1.004895899338583698e+00
9.972954029877820759e-01
1.001111407782383500e+00
1.000781570590389524e+00
1.000696190933442642e+00
1.002744646076655810e+00
1.003915702479824645e+00
1.001664834797021841e+00
1.010615920081081587e+00
1.007211154044700852e+00
1.004757304129431317e+00
1.006409121070538593e+00
1.005507837405858806e+00
1.007027317659768384e+00
1.007760275436171415e+00
1.012044362377162443e+00
1.007077431661584921e+00
1.011583498067523790e+00
1.005059274951410009e+00
1.000093886165387191e+00
9.988126206111969108e-01
9.949779739255373290e-01
9.969932130390161129e-01
1.002393071300771599e+00
9.996270698450022696e-01
9.968115213881771908e-01
9.976943752017559675e-01
9.973662484707377374e-01
9.960846594352544825e-01
9.906532843950091038e-01
9.906633593265289361e-01
9.921176167018759262e-01
9.929216653745116528e-01
9.953866530170012439e-01
9.937714075236619982e-01
9.909680827788994728e-01
9.904887586242706599e-01
9.906441374107647357e-01
9.911738831372292058e-01
9.878684698547057774e-01
9.882730405049685585e-01
9.820875933619853670e-01
9.840053406752770071e-01
9.824397423984759792e-01
9.813202186367003810e-01
9.810285363801322100e-01
9.819789709500331698e-01
9.834768491036295357e-01
9.803072632171642153e-01
9.817847052692745269e-01
9.815863573910801332e-01
9.826967607540627592e-01
9.819088619276054031e-01
9.817623119312077762e-01
9.819975306379661317e-01
9.816390822997715926e-01
9.802077685785752781e-01
9.795876221756263380e-01
9.789966572057209326e-01
9.800139293831811038e-01
9.797719268175750784e-01
9.797004743173419739e-01
9.782583576292027683e-01
9.770480323498487163e-01
9.767087111950529810e-01
9.764235410765381706e-01
9.761886393581965526e-01
9.756104085519279323e-01
9.758807654076453453e-01
9.759315475687284636e-01
9.760433490624718100e-01
9.759473638663265227e-01
9.756541472108432034e-01
9.753065213414640056e-01
9.757348260139917517e-01
9.754706479993331403e-01
9.750424236632577735e-01
9.751273092170480439e-01
9.745419134896184943e-01
9.745819411171298130e-01
9.747353044867860250e-01
9.749054856881740339e-01
9.748489178992844062e-01
9.746285024192558044e-01
9.749619797074278171e-01
9.746937536153486015e-01
9.746395259449364135e-01
9.746919347736319184e-01
9.747572474829923062e-01
9.746479638438448889e-01
9.742831873751116589e-01
9.744865694424800218e-01
9.747423986405930885e-01
9.748158405619729017e-01
9.748120370374874222e-01
9.746543142140344784e-01
9.746801688282975551e-01
9.748099708072919256e-01
9.748176134630966994e-01
9.748535837592513520e-01
9.749866435375196261e-01
9.749305037334394797e-01
9.748995691731831004e-01
9.748713384847980112e-01
9.748257543651115409e-01
9.747758282583185441e-01
9.748027512587947863e-01
9.747238088773688691e-01
9.747621070029786061e-01
9.746768985913476513e-01
9.747199470629570595e-01
9.746341973863672514e-01
9.746559976732688257e-01
9.748296400629217207e-01
9.747214306840735754e-01
9.746493407342913251e-01
9.746234356433427504e-01
9.746373139140144248e-01
9.747128752509339744e-01
9.747411657843769728e-01
9.746978740526809348e-01
9.746140406371714970e-01
9.745181251212050588e-01
9.744594553051526553e-01
9.745132669134505266e-01
9.745192940398617054e-01
9.745006456889762081e-01
9.745041613428080396e-01
9.744347600077887250e-01
9.743871298561255223e-01
9.743382731682479481e-01
9.743170589975197471e-01
9.743430619544606319e-01
9.743542046212463337e-01
9.743688526372770164e-01
9.742868429194451174e-01
9.742703157501588773e-01
9.742652692738132947e-01
9.742151980461367655e-01
9.742003973122667082e-01
9.741749685211278376e-01
9.741579881476458702e-01
9.741457152062485969e-01
9.741930731265134868e-01
9.741855646245548561e-01
9.742069332619053279e-01
9.741586225485527883e-01
9.741016508305467836e-01
9.741155411297315325e-01
9.740739617015657936e-01
9.740905926409439974e-01
9.740830418327619533e-01
9.740918078355996768e-01
9.741100374682396534e-01
9.740809382051068832e-01
9.740803217575495498e-01
9.740992012603695294e-01
9.741124808496792742e-01
9.740880923027244176e-01
9.740803709664735965e-01
9.740894572099542126e-01
9.740921909523790889e-01
9.740942513642434353e-01
9.740938706822538373e-01
9.740900528576180717e-01
9.740977123945474547e-01
9.740856077293922333e-01
9.740796043946443605e-01
9.740936595736487957e-01
9.740814484371376203e-01
9.740896438567746562e-01
9.740926583066735756e-01
9.740997761719715209e-01
9.741075651930030110e-01
9.741043495904946337e-01
9.740948392749626539e-01
9.741299303379434837e-01
9.741200825221568715e-01
9.741117916448798209e-01
9.741075893166173394e-01
9.741111870217535884e-01
9.741077578963693862e-01
9.741059050381911666e-01
9.741106671162840236e-01
9.741111498725951723e-01
9.741132067858151444e-01
9.741161367698916163e-01
9.741183906587965735e-01
9.740990429795252092e-01
9.740950956155551843e-01
9.740918902827641057e-01
9.740920902022293104e-01
9.740830165429084087e-01
9.740792037294502270e-01
9.740824430242657206e-01
9.740837385883125421e-01
9.740858820751351344e-01
9.740841946853340261e-01
9.740739902711603726e-01
9.740750076759793208e-01
9.740772115920615093e-01
9.740790769502549740e-01
9.740833874847654172e-01
9.740789053202910663e-01
9.740811827221775854e-01
9.740733504534041520e-01
9.740734920808307162e-01
9.740752456524592873e-01
9.740749604731807620e-01
9.740742536448658839e-01
9.740787405075981287e-01
9.740776421095163062e-01
9.740764564740818088e-01
9.740778854725861136e-01
9.740607419140477896e-01
9.740416001040138605e-01
9.740337287609822647e-01
9.740319229649684329e-01
9.740322916802010011e-01
9.740374108211686810e-01
9.740344346812788157e-01
9.740375525258353484e-01
9.740367626763439812e-01
9.740353206168074207e-01
9.740321280698126527e-01
9.740351395996049710e-01
9.740297781918385578e-01
9.740244727708079475e-01
9.740244393670253187e-01
9.740169253458315080e-01
9.740121979099498617e-01
9.740199571007651658e-01
9.740225884315077964e-01
9.740201868647617722e-01
9.740163186200662127e-01
9.740227924376941848e-01
9.740266037727814963e-01
9.740196123754675250e-01
9.740040321511307386e-01
9.740019748527790622e-01
9.740009275056754623e-01
9.739972700899309777e-01
9.739976187356818027e-01
9.739953681905537675e-01
9.739953234254229431e-01
9.739994188674444553e-01
9.739882875709352517e-01
9.739878420332869213e-01
9.739899003385753540e-01
9.739861068083977003e-01
9.739852688527208535e-01
9.739744562654714111e-01
9.739734170663807422e-01
9.739722972610453944e-01
9.739703630645205612e-01
9.739701220874578125e-01
9.739735210513003061e-01
9.739734342781761756e-01
9.739643088070607524e-01
9.739643003032126822e-01
9.739645941035467436e-01
9.739689340483320690e-01
9.739678374059106414e-01
9.739652737508893710e-01
9.739641532069897023e-01
9.739642580659880755e-01
9.739631809984597988e-01
9.739664358834281277e-01
9.739670288126752729e-01
9.739668378639654289e-01
9.739608646896759092e-01
9.739613414214134401e-01
9.739609598772051013e-01
9.739608726287702911e-01
9.739609891117229079e-01
9.739567950234037097e-01
9.739571042277149759e-01
9.739610813841719228e-01
9.739592638442005068e-01
9.739579966685724122e-01
9.739567412552948555e-01
9.739552122627809227e-01
9.739554204956327732e-01
9.739554288849319175e-01
9.739553524481576741e-01
9.739536057781881251e-01
9.739609389649113158e-01
9.739609685006079820e-01
9.739612753973400094e-01
9.739605021388340056e-01
9.739582737558192260e-01
9.739614746925761013e-01
9.739615617299566264e-01
9.739612910965232961e-01
9.739603807146910430e-01
9.739616112503904910e-01
9.739620752282798222e-01
9.739532040299094806e-01
9.739583763461402421e-01
9.739584174705450126e-01
9.739614847076900617e-01
9.739626594961466877e-01
9.739637257038604723e-01
9.739646540189231816e-01
9.739646556741676786e-01
9.739646564805288786e-01
9.739640885041078722e-01
9.739640325500688034e-01
9.739644895707050276e-01
9.739625767432545933e-01
9.739609329786459435e-01
9.739619040906972725e-01
9.739630537972754354e-01
9.739631870249179091e-01
9.739631603872428434e-01
9.739635676471638526e-01
9.739622738748330288e-01
9.739610512541271303e-01
9.739602200068346871e-01
9.739602200068346871e-01
9.739609391447062725e-01
9.739609391447062725e-01
9.739616192181547172e-01
9.739608817382291450e-01
9.739632002968698909e-01
9.739619135037932418e-01
9.739666611500659155e-01
9.739666395696645607e-01
9.739666812942258112e-01
9.739668440384621206e-01
9.739677241442555866e-01
9.739646625262066149e-01
9.739633186760682237e-01
9.739634115552131544e-01
9.739607504305781704e-01
9.739601427433365322e-01
9.739589973152038560e-01
9.739605665644752719e-01
9.739588142015416228e-01
9.739588944046431163e-01
9.739591285445917679e-01
9.739594304303484940e-01
9.739583342587412318e-01
9.739582670358691852e-01
9.739583119984950299e-01
9.739569447392671941e-01
9.739575395228813326e-01
9.739615953784281910e-01
9.739617622022807009e-01
9.739611242780428224e-01
9.739613571924460311e-01
9.739609896227207075e-01
9.739579935225605167e-01
9.739577866417910013e-01
9.739578989662228681e-01
9.739572484472731606e-01
9.739571677916970538e-01
9.739570389925126248e-01
9.739590661478159106e-01
9.739607483922592124e-01
9.739605169584260036e-01
9.739563841427456570e-01
9.739513456695932936e-01
9.739527233758353830e-01
9.739529162598338230e-01
9.739530564919196554e-01
9.739531406262875723e-01
9.739511636074126288e-01
9.739498202656404757e-01
9.739499396120253616e-01
9.739468386152463353e-01
9.739507187552888245e-01
9.739507782592313756e-01
9.739500945792669562e-01
9.739500578423826438e-01
9.739500559533298407e-01
9.739496436594348161e-01
9.739476609409878360e-01
9.739476876024484309e-01
9.739490510486871200e-01
9.739490344977602687e-01
9.739490627614942886e-01
9.739486316815452183e-01
9.739486358840510061e-01
9.739486185800407814e-01
9.739498739297962615e-01
9.739510296901878750e-01
9.739512745242637770e-01
9.739512688833236176e-01
9.739507974745560404e-01
9.739482426787509084e-01
9.739465256846154828e-01
9.739465256846154828e-01
9.739465216432638961e-01
9.739471364275997800e-01
9.739511960972009330e-01
9.739511960972009330e-01
9.739480803169071610e-01
9.739483115265253899e-01
9.739495809044703689e-01
9.739504450544818059e-01
9.739514187889868335e-01
9.739496059960008889e-01
9.739492416099835292e-01
9.739494946536986220e-01
9.739494946536986220e-01
9.739515994307438307e-01
9.739500324607660575e-01
9.739513193617772568e-01
9.739521071902969007e-01
9.739518276534001595e-01
9.739517247756463991e-01
9.739540907894000954e-01
9.739540126112190555e-01
9.739532462704475479e-01
9.739528736111311424e-01
9.739553532646765266e-01
9.739554444214636453e-01
9.739551516104331119e-01
9.739552283205076266e-01
9.739554537701669013e-01
9.739556675918690232e-01
9.739553751426854866e-01
9.739552585840147714e-01
9.739544355286419153e-01
9.739546493455305542e-01
9.739552307943353249e-01
9.739552307943353249e-01
9.739555929449846827e-01
9.739561581367558452e-01
9.739567058668180399e-01
9.739577069999197922e-01
9.739577136772218369e-01
9.739593238508177375e-01
9.739587839333979646e-01
9.739583209082672832e-01
9.739583310980248765e-01
9.739580359401568410e-01
9.739581228472732333e-01
9.739580851352251933e-01
9.739573822950070570e-01
9.739575767881124557e-01
9.739575767881124557e-01
9.739576960901684677e-01
9.739577308528705180e-01
9.739577308528705180e-01
9.739577308528705180e-01
9.739584489069781359e-01
9.739587446299956541e-01
9.739587883945615143e-01
9.739587883945615143e-01
9.739588567903380012e-01
9.739590475879286169e-01
9.739593460877398190e-01
9.739589989929891001e-01
9.739598753422803457e-01
9.739599185360138245e-01
9.739595644426517485e-01
9.739597354769131687e-01
9.739608443200949983e-01
9.739603653798148963e-01
9.739604322419899152e-01
9.739603947835077102e-01
9.739609297383268194e-01
9.739612055044326588e-01
9.739606203807816831e-01
9.739607479815449720e-01
9.739608525680358841e-01
9.739608525680358841e-01
9.739608525680358841e-01
9.739604351571579111e-01
9.739604351571579111e-01
9.739605060574629825e-01
9.739602858749354386e-01
9.739602606801295304e-01
9.739602606801295304e-01
9.739602606801295304e-01
9.739601567807321114e-01
9.739600490432499535e-01
9.739600729762585285e-01
9.739592359463977722e-01
9.739591637771106702e-01
9.739591465057459985e-01
9.739588045674884009e-01
9.739587369278503992e-01
9.739577016269489462e-01
9.739577016269489462e-01
9.739578619382519564e-01
9.739579291953814888e-01
9.739578784277161949e-01
9.739578295036752653e-01
9.739577561586575394e-01
9.739577561586575394e-01
9.739573992806529468e-01
9.739583963801449196e-01
9.739583410784432571e-01
9.739582589342572483e-01
9.739588204836242546e-01
9.739583855445728133e-01
9.739586699385407442e-01
9.739588236375339436e-01
9.739591092549890750e-01
9.739591431390608456e-01
9.739597787627228831e-01
9.739596922217014230e-01
9.739591858793028578e-01
9.739591764518935602e-01
9.739590799146233824e-01
9.739590885535341913e-01
9.739590669155343550e-01
9.739590669155343550e-01
9.739590748079260951e-01
9.739590748079260951e-01
9.739591768568635066e-01
9.739592766885826203e-01
9.739590670564107766e-01
9.739598691180069157e-01
9.739616512603171961e-01
9.739617064710947014e-01
9.739624353130900136e-01
9.739621016639636863e-01
9.739619878189905711e-01
9.739631598870769347e-01
9.739632657532855120e-01
9.739637569779405757e-01
9.739640277668302204e-01
9.739638586230541240e-01
9.739640176041753916e-01
9.739635861960603824e-01
9.739629544827973495e-01
9.739628322071107736e-01
9.739630160665029290e-01
9.739630160665029290e-01
9.739632904657452572e-01
9.739639619177626884e-01
9.739645692787952669e-01
9.739641066333216690e-01
9.739641066333216690e-01
9.739641117415106519e-01
9.739641117415106519e-01
9.739661846338766304e-01
9.739662059141532824e-01
9.739659153197242070e-01
9.739655868579829567e-01
9.739647913508567845e-01
9.739647913508567845e-01
9.739647913508567845e-01
9.739647913508567845e-01
9.739649930658604848e-01
9.739647893949329172e-01
9.739647710220759036e-01
9.739648301499109762e-01
9.739657171090601029e-01
9.739657255879085040e-01
9.739657255879085040e-01
9.739660049661311714e-01
9.739664237853941087e-01
9.739665267400353654e-01
9.739665857326536003e-01
9.739657525106740765e-01
9.739653486590961196e-01
9.739654463791950212e-01
9.739654950106292342e-01
9.739654950106292342e-01
9.739651042397980962e-01
9.739651100423211139e-01
9.739659736886416841e-01
9.739661270072009769e-01
9.739661270072009769e-01
9.739656084567747119e-01
9.739656876547744258e-01
9.739658965401297719e-01
9.739656057884121809e-01
9.739658512713429417e-01
9.739659087209202593e-01
9.739659087209202593e-01
9.739659092497205961e-01
9.739661871676965621e-01
9.739662394564312375e-01
9.739668423381886431e-01
9.739667682334746113e-01
9.739667682334746113e-01
9.739660888671827221e-01
9.739660872640920619e-01
9.739661910806437506e-01
9.739658618667447199e-01
9.739665525487476438e-01
9.739665525487476438e-01
9.739669793034184675e-01
9.739669793034184675e-01
9.739669793034184675e-01
9.739679027481166207e-01
9.739679981354933958e-01
9.739681667573871771e-01
9.739681716734754913e-01
9.739681493629734899e-01
9.739676593825359330e-01
9.739676545945773478e-01
9.739685902874121171e-01
9.739684973501526732e-01
9.739684973501526732e-01
9.739683803807370754e-01
9.739683914410955934e-01
9.739680713699785386e-01
9.739680713699785386e-01
9.739679503083564782e-01
9.739678025969596975e-01
9.739678001509641803e-01
9.739678266465539025e-01
9.739680542713581302e-01
9.739680542713581302e-01
9.739680688018260701e-01
9.739679081280931960e-01
9.739681548520368048e-01
9.739678440106780410e-01
9.739678783365469661e-01
9.739678950318524375e-01
9.739678950318524375e-01
9.739678950318524375e-01
9.739680558234800056e-01
9.739686424122218078e-01
9.739686424122218078e-01
9.739686548728884175e-01
9.739686613669554793e-01
9.739686746707766352e-01
9.739689392372442578e-01
9.739689546555011512e-01
9.739689546555011512e-01
9.739689546555011512e-01
9.739689972340955793e-01
9.739686902856304895e-01
9.739686482817175861e-01
9.739687664327528749e-01
9.739687721939672693e-01
9.739687268809009701e-01
9.739684369301959688e-01
9.739684369301959688e-01
9.739684369301959688e-01
9.739684369301959688e-01
9.739685270701539110e-01
9.739681396065078545e-01
9.739680511935319140e-01
9.739680601030320517e-01
9.739640861052558662e-01
9.739640054781016909e-01
9.739630825449253626e-01
9.739622218659365060e-01
9.739619165846723492e-01
9.739618706853612196e-01
9.739617010618599746e-01
9.739615918486523860e-01
9.739615310354964306e-01
9.739614015599767916e-01
9.739612780891332422e-01
9.739612206780935422e-01
9.739598894156936693e-01
9.739596929952174520e-01
9.739610812913715998e-01
9.739602785096563853e-01
9.739594310976256164e-01
9.739593201296068425e-01
9.739589339936302048e-01
9.739589847966000358e-01
9.739589847966000358e-01
9.739590998506844066e-01
9.739590945047499337e-01
9.739588842803887925e-01
9.739591007669783362e-01
9.739591007669783362e-01
9.739589137711798239e-01
9.739586006020662934e-01
9.739584237453769999e-01
9.739584022107161676e-01
9.739584022107161676e-01
9.739584022107161676e-01
9.739584022107161676e-01
9.739581681396405344e-01
9.739563551626877480e-01
9.739563551626877480e-01
9.739567222435732141e-01
9.739563513204666512e-01
9.739563826276396163e-01
9.739561507625904557e-01
9.739560313934385594e-01
9.739564508426727940e-01
9.739564508426727940e-01
9.739562242459516295e-01
9.739562242459516295e-01
9.739562019209638821e-01
9.739561933928433390e-01
9.739561933928433390e-01
9.739556004142586598e-01
9.739555463670848123e-01
9.739560988411823939e-01
9.739560982435774283e-01
9.739556878693347297e-01
9.739556878693347297e-01
9.739556662970697554e-01
9.739557430254204284e-01
9.739557286940375702e-01
9.739557286940375702e-01
9.739557286940375702e-01
9.739557672502374697e-01
9.739557234439693012e-01
9.739544516676653663e-01
9.739544516676653663e-01
9.739544516676653663e-01
9.739546995499833715e-01
9.739547381153953465e-01
9.739547381153953465e-01
9.739547381153953465e-01
9.739547381153953465e-01
9.739540798836011648e-01
9.739540795825281094e-01
9.739540795825281094e-01
9.739539974012663137e-01
9.739539974012663137e-01
9.739539037532395360e-01
9.739539644202874769e-01
9.739539644202874769e-01
9.739539893219328892e-01
9.739562239129392340e-01
9.739564678185452795e-01
9.739561821260929175e-01
9.739566923210527527e-01
9.739567344582429342e-01
9.739567331588331323e-01
9.739575395886866938e-01
9.739575395886866938e-01
9.739573628265579819e-01
9.739573628265579819e-01
9.739573628265579819e-01
9.739573413388872281e-01
9.739569128326985847e-01
9.739570266521382358e-01
9.739571320372832908e-01
9.739571293894822013e-01
9.739571293894822013e-01
9.739571293894822013e-01
9.739571293894822013e-01
9.739571293894822013e-01
9.739571293894822013e-01
9.739569056467598518e-01
9.739569056467598518e-01
9.739569056467598518e-01
9.739569053636681906e-01
9.739569053636681906e-01
9.739571393434856006e-01
9.739571393434856006e-01
9.739571393434856006e-01
9.739571393434856006e-01
9.739566395483775230e-01
9.739566395483775230e-01
9.739566260431873346e-01
9.739566846253445709e-01
9.739566887606492251e-01
9.739561695324385759e-01
9.739561695324385759e-01
9.739562121331915012e-01
9.739562628239297748e-01
9.739561030340372350e-01
9.739581773614561788e-01
9.739581773614561788e-01
9.739583244802821893e-01
9.739579256781670802e-01
9.739576601958597202e-01
9.739578635197376766e-01
9.739575448042019357e-01
9.739592696278064343e-01
9.739591801011694416e-01
9.739591801011694416e-01
9.739588488992556581e-01
9.739588560179831545e-01
9.739588560179831545e-01
9.739593470438164813e-01
9.739594081301208295e-01
9.739600447829750429e-01
9.739599991386407307e-01
9.739600327731184892e-01
9.739600745938136184e-01
9.739599301132394471e-01
9.739599301132394471e-01
9.739600342649366027e-01
9.739591508907912143e-01
9.739590179748919274e-01
9.739590179748919274e-01
9.739591768926934012e-01
9.739593624209249567e-01
9.739593624209249567e-01
9.739593691415816545e-01
9.739594010769735410e-01
9.739594010769735410e-01
9.739592322800362245e-01
9.739595297387442230e-01
9.739594817213530487e-01
9.739598180920521209e-01
9.739598037953074439e-01
9.739600655484100811e-01
9.739601598359756141e-01
9.739601598359756141e-01
9.739601275457502316e-01
9.739602121433181825e-01
9.739600203474849671e-01
9.739600117780394806e-01
9.739599966439581591e-01
9.739599966439581591e-01
9.739599966439581591e-01
9.739599966439581591e-01
9.739599966439581591e-01
9.739600126121115142e-01
9.739600126121115142e-01
9.739599846342773537e-01
9.739600892515983821e-01
9.739599835287368057e-01
9.739596283834410784e-01
9.739596293382306591e-01
9.739596293382306591e-01
9.739596403150481141e-01
9.739597275015139388e-01
9.739597275015139388e-01
9.739597275015139388e-01
9.739599263706334442e-01
9.739598815426222522e-01
9.739597933442971645e-01
9.739598515708467463e-01
9.739598515708467463e-01
9.739598515708467463e-01
9.739598343132281899e-01
9.739598343132281899e-01
9.739596452815165728e-01
9.739596452815165728e-01
9.739596452815165728e-01
9.739596452815165728e-01
9.739592481461406548e-01
9.739591662584274889e-01
9.739590858594538991e-01
9.739590941578897265e-01
9.739590941578897265e-01
9.739590966403490757e-01
9.739590966403490757e-01
9.739591201556420108e-01
9.739591633515058966e-01
9.739591904650309884e-01
9.739594329234445569e-01
9.739602792839958667e-01
9.739604056553516909e-01
9.739604056553516909e-01
9.739607605010385249e-01
9.739607605010385249e-01
9.739607896432084244e-01
9.739610815515514775e-01
9.739610815515514775e-01
9.739610476023984331e-01
9.739609899507799540e-01
9.739609862142656338e-01
9.739609964271234155e-01
9.739610785580112839e-01
9.739607297865362501e-01
9.739607496940224651e-01
9.739607496940224651e-01
9.739607496940224651e-01
9.739607848656790523e-01
9.739606692060706061e-01
9.739606692060706061e-01
9.739604127680211443e-01
9.739604734592541835e-01
9.739604498037357505e-01
9.739603770039971797e-01
9.739600573306799181e-01
9.739600573306799181e-01
9.739599956369897615e-01
9.739601797720799370e-01
9.739602712145056795e-01
9.739602712145056795e-01
9.739604379912883969e-01
9.739600629212445959e-01
9.739595809473585719e-01
9.739595809473585719e-01
9.739595840228695289e-01
9.739595840228695289e-01
9.739591594964924770e-01
9.739591594964924770e-01
9.739591594964924770e-01
9.739591594964924770e-01
9.739590540554632359e-01
9.739590540554632359e-01
9.739590540554632359e-01
9.739590540554632359e-01
9.739590540554632359e-01
9.739590540554632359e-01
9.739590542665474970e-01
9.739590742496851972e-01
9.739592429975352239e-01
9.739593309242383645e-01
9.739593309242383645e-01
9.739592683263267325e-01
9.739592683263267325e-01
9.739592869861944946e-01
9.739592869861944946e-01
9.739592869861944946e-01
9.739592869861944946e-01
9.739593486365070163e-01
9.739593547224747461e-01
9.739593057977613544e-01
9.739593057977613544e-01
9.739593057977613544e-01
9.739592983283453798e-01
9.739592344678272839e-01
9.739592344678272839e-01
9.739591164212565433e-01
9.739591164212565433e-01
9.739591164212565433e-01
9.739595362878614715e-01
9.739595362878614715e-01
9.739595464042217765e-01
9.739595464042217765e-01
9.739595464042217765e-01
9.739595019582401036e-01
9.739595019582401036e-01
9.739596545614861434e-01
9.739592693117804512e-01
9.739590740495529531e-01
9.739589788402084336e-01
9.739589601689236931e-01
9.739589801884523945e-01
9.739592391197826604e-01
9.739592317559548906e-01
9.739592116480930706e-01
9.739592116480930706e-01
9.739591813281696098e-01
9.739591813281696098e-01
9.739589343974828228e-01
9.739589343974828228e-01
9.739589343974828228e-01
9.739591022230358330e-01
9.739590641686132200e-01
9.739590641686132200e-01
9.739590641686132200e-01
9.739589265777700566e-01
9.739589265777700566e-01
9.739588840423893945e-01
9.739589989780897961e-01
9.739590535980221508e-01
9.739591609489909318e-01
9.739591589418494788e-01
9.739591186119002097e-01
9.739591182360093358e-01
9.739591800669562538e-01
