2.055460124777597741e+01
1.907020389357403189e+01
1.731666922412624388e+01
1.546314085031216834e+01
1.355628650487042997e+01
1.216298142195245902e+01
1.120468826584340682e+01
1.071930739418672829e+01
1.046744708909639066e+01
1.029037893186414188e+01
1.017583797804744883e+01
1.009834550707692458e+01
1.005495693003521751e+01
1.001713109064580998e+01
9.999798122954874913e+00
9.990457685023098833e+00
9.982743059359291848e+00
9.972968587036350030e+00
9.960361440149592127e+00
9.948676375501868563e+00
9.936626086063167662e+00
9.922575620367206639e+00
9.909482050270705500e+00
9.896890818279494795e+00
9.883083116031645687e+00
9.869664396341764956e+00
9.855091278808483679e+00
9.840733734540398459e+00
9.822667161917619794e+00
9.808832535800735997e+00
9.792408390248624528e+00
9.779844388876226091e+00
9.758372257230977453e+00
9.743342503498329421e+00
9.724734850045122059e+00
9.709472948163909933e+00
9.691417406323189709e+00
9.673358883364830518e+00
9.654686981249124500e+00
9.638925851678971313e+00
9.619608407011588369e+00
9.603902402718539122e+00
9.585353338918530142e+00
9.575707803127293971e+00
9.552794058376257169e+00
9.532325861275356971e+00
9.516738072956574257e+00
9.496348671969947475e+00
9.483355047423817297e+00
9.471614801298132491e+00
9.451061805153777584e+00
9.436540382304716701e+00
9.418775667167643917e+00
9.398333662854213344e+00
9.377872877006767638e+00
9.361135506782677140e+00
9.349612876818351737e+00
9.331152173507478054e+00
9.318764092208100536e+00
9.304687970486599013e+00
9.287123846626082369e+00
9.270114555565520220e+00
9.255980144837272050e+00
9.238053618509006526e+00
9.222574645900214918e+00
9.208094629393761110e+00
9.196928532167282455e+00
9.178552292142775570e+00
9.166987134747225596e+00
9.157499560349606327e+00
9.140917381220607041e+00
9.120756914488794109e+00
9.106443823198851817e+00
9.098353918824081177e+00
9.089057759865264430e+00
9.072069939610234002e+00
9.054389566252897481e+00
9.041377047328346350e+00
9.029868030798075651e+00
9.020679917379030854e+00
9.007956704620481148e+00
8.996575293980916044e+00
8.984660552622191432e+00
8.971522102155253364e+00
8.963899206806607012e+00
8.950048132360723940e+00
8.936678707608610495e+00
8.927566435113822862e+00
8.919165205016035713e+00
8.907468130048750155e+00
8.902550578810322079e+00
8.892683250485466928e+00
8.884389282448886149e+00
8.872259709369011205e+00
8.865189744831640795e+00
8.857389114498488425e+00
8.851192084222240908e+00
8.845853631763739955e+00
8.840308246057153596e+00
8.832689710852475784e+00
8.824916415309401074e+00
8.818366899615488919e+00
8.812937470417583796e+00
8.807530793947186964e+00
8.800952814111468570e+00
8.797344421146673810e+00
8.791963843310787396e+00
8.787946357593124702e+00
8.782158795814163810e+00
8.776174796295515890e+00
8.771668377605143618e+00
8.768650715152181974e+00
8.765002764137559410e+00
8.763289643463396672e+00
8.760077009759704936e+00
8.754276208167507178e+00
8.752262672307450586e+00
8.747487079331477844e+00
8.744883609846242578e+00
8.742975981860581669e+00
8.739996754863902595e+00
8.737452461079438848e+00
8.736097467429166485e+00
8.733203002001943105e+00
8.731240736573008476e+00
8.729555911842927785e+00
8.727652317193742348e+00
8.726109221283026685e+00
8.724380175251077674e+00
8.723507403913549396e+00
8.721159053872353795e+00
8.719106278864030557e+00
8.717442314628396360e+00
8.716157042780885433e+00
8.715017196354311935e+00
8.713571804447944658e+00
8.712199874090380547e+00
8.711569598178616758e+00
8.710641304988538280e+00
8.709777945745061700e+00
8.708554950893482527e+00
8.707887751757009909e+00
8.706899945356115111e+00
8.706258849249012499e+00
8.705516561757786320e+00
8.704828577006981760e+00
8.704453437058402798e+00
8.703756646596657376e+00
8.703220179541643731e+00
8.702574983921367746e+00
8.701941068477355046e+00
8.701683056358955781e+00
8.701309083668819611e+00
8.700762846305602594e+00
8.700382844055736697e+00
8.700209291589164451e+00
8.699805224020348504e+00
8.699520230528467124e+00
8.699132991814565230e+00
8.698833155756119595e+00
8.698649428671503259e+00
8.698248225649813037e+00
8.698005394540642143e+00
8.697697907272262441e+00
8.697457937378384685e+00
8.697181501040704532e+00
8.696964018606662350e+00
8.696664979272169305e+00
8.696494779473479042e+00
8.696292413954802569e+00
8.696072764302227753e+00
8.695955209259398799e+00
8.695871118654311616e+00
8.695624593659916357e+00
8.695405200627179809e+00
8.695289458275560435e+00
8.695162434025521137e+00
8.694899306633947944e+00
8.694831368727276910e+00
8.694723131710514252e+00
8.694549482067781554e+00
8.694431275687312777e+00
8.694306154411911791e+00
8.694248494094384938e+00
8.694181889170005562e+00
8.694117486130808814e+00
8.694024149836097948e+00
8.693907143139705695e+00
8.693799362753244608e+00
8.693715067788197359e+00
8.693643456920000290e+00
8.693540090295419631e+00
8.693422544493689230e+00
8.693327932441622607e+00
8.693246040355363746e+00
8.693113070437780365e+00
8.693042327813937931e+00
8.692988808521713295e+00
8.692928232518537968e+00
8.692817499068889120e+00
8.692762439410955722e+00
8.692716239848461868e+00
8.692671816619418124e+00
8.692615483705868229e+00
8.692579090082478643e+00
8.692532729290604721e+00
8.692512307278713379e+00
8.692478770325127613e+00
8.692415458663445449e+00
8.692355641824649481e+00
8.692301496942270944e+00
8.692265212573699884e+00
8.692233351308429334e+00
8.692188872847459891e+00
8.692159789332631448e+00
8.692102352021999323e+00
8.692086195938628634e+00
8.692039757201419192e+00
8.692012376926831152e+00
8.691998428177127423e+00
8.691978350484529159e+00
8.691956543408529967e+00
8.691937848148995727e+00
8.691921124033930468e+00
8.691886728661017969e+00
8.691842824987753957e+00
8.691814591177083216e+00
8.691780279819788291e+00
8.691725952514660847e+00
8.691682138100498278e+00
8.691672656670252906e+00
8.691650434591366547e+00
8.691635254534810784e+00
8.691627391530154512e+00
8.691610791794245117e+00
8.691589795709267818e+00
8.691561053551327021e+00
8.691550436036692417e+00
8.691532695314888812e+00
8.691522282263290933e+00
8.691499014778850452e+00
8.691476414050384847e+00
8.691470119263504657e+00
8.691466085985346979e+00
8.691453464013360275e+00
8.691437423932654838e+00
8.691426083694288707e+00
8.691418765272851843e+00
8.691397937896754300e+00
8.691383856496837979e+00
8.691365273988953533e+00
8.691362554777093408e+00
8.691355377837345131e+00
8.691350615611431962e+00
8.691332584583955523e+00
8.691321907076673625e+00
8.691315770405646290e+00
8.691299886521319351e+00
8.691295808135691914e+00
8.691292479042420638e+00
8.691290629178599403e+00
8.691285035865304209e+00
8.691275515940581897e+00
8.691272642764227285e+00
8.691257733575989519e+00
8.691250896572620732e+00
8.691226686542186997e+00
8.691212920963021560e+00
8.691202760299775676e+00
8.691189081230444202e+00
8.691182102150886379e+00
8.691163322950789194e+00
8.691160473449347279e+00
8.691144504200329024e+00
8.691133930556709686e+00
8.691118712757177178e+00
8.691107764504982569e+00
8.691100240348191619e+00
8.691093595712578335e+00
8.691088980218191651e+00
8.691088849794745386e+00
8.691078729533819214e+00
8.691073240015239065e+00
8.691058922998783132e+00
8.691049342174787640e+00
8.691044950990734819e+00
8.691036208777697780e+00
8.691021366625266253e+00
8.691007064444617569e+00
8.690993663761963361e+00
8.690983111762763613e+00
8.690974833273036992e+00
8.690972923077717738e+00
8.690969266324511722e+00
8.690965852360669430e+00
8.690959741646944181e+00
8.690956754048881905e+00
8.690949893104471968e+00
8.690936333001086922e+00
8.690931363632481421e+00
8.690927085687743414e+00
8.690923275749176113e+00
8.690922514386951292e+00
8.690911228413064293e+00
8.690908657295016937e+00
8.690904080327465309e+00
8.690900850295115276e+00
8.690900369348645071e+00
8.690889603784667017e+00
8.690889324502883539e+00
8.690878951617525772e+00
8.690878165858100246e+00
8.690875626827232026e+00
8.690871241721845664e+00
8.690869353392395524e+00
8.690866563482375184e+00
8.690865194441867558e+00
8.690864962110124381e+00
8.690864102783233847e+00
8.690861861931926668e+00
8.690856929618110627e+00
8.690853483729915396e+00
8.690848771111145510e+00
8.690843493074556392e+00
8.690842697563050834e+00
8.690840437004858643e+00
8.690839870919507604e+00
8.690837120735466215e+00
8.690834320059440898e+00
8.690828920186048023e+00
8.690823998963962183e+00
8.690823330639316779e+00
8.690822601154762239e+00
8.690819797231698729e+00
8.690818921755209203e+00
8.690818917621353279e+00
8.690818459842377663e+00
8.690816712928011611e+00
8.690808855149215972e+00
8.690808237325496677e+00
8.690806165180168463e+00
8.690804773430484076e+00
8.690800193565582532e+00
8.690793443672136576e+00
8.690793263885032260e+00
8.690791329907121110e+00
8.690789229461653775e+00
8.690785205003015434e+00
8.690777526484563253e+00
8.690771030714939727e+00
8.690766560251642403e+00
8.690766440369371182e+00
8.690761639769682745e+00
8.690759689066361204e+00
8.690754953534771232e+00
8.690753431414499630e+00
8.690752853641862785e+00
8.690752851792289846e+00
8.690751491621304226e+00
8.690751420162348140e+00
8.690748014396454835e+00
8.690744584749596768e+00
8.690738551287243041e+00
8.690736157872409606e+00
8.690732784388670140e+00
8.690732580105956728e+00
8.690731792572822911e+00
8.690728900903470944e+00
8.690724565671315460e+00
8.690719653694419122e+00
8.690712689790448309e+00
8.690712689790448309e+00
8.690712150460136343e+00
8.690712150460136343e+00
8.690710289686595758e+00
8.690706990473778148e+00
8.690698970427588321e+00
8.690694196039343566e+00
8.690690594706557803e+00
8.690689270715639125e+00
8.690689132950934592e+00
8.690688620468375092e+00
8.690687537921496286e+00
8.690681942594743248e+00
8.690679274169790247e+00
8.690678621841152918e+00
8.690676594803848687e+00
8.690674219848570914e+00
8.690671987967407475e+00
8.690670889074764816e+00
8.690668708901551298e+00
8.690668486139106363e+00
8.690667851964555268e+00
8.690667093197529169e+00
8.690663310283968102e+00
8.690663197781214322e+00
8.690661601321473029e+00
8.690660667366948644e+00
8.690658076047782288e+00
8.690654469354052836e+00
8.690653284865527795e+00
8.690652542640425082e+00
8.690649354904643076e+00
8.690647785610593701e+00
8.690644698431530202e+00
8.690644231289590849e+00
8.690640794724778573e+00
8.690640330671906000e+00
8.690639075442843975e+00
8.690638568583011647e+00
8.690634261722333775e+00
8.690632987586990765e+00
8.690631331242586910e+00
8.690628940494372401e+00
8.690626025722620440e+00
8.690624366957809599e+00
8.690624220869500149e+00
8.690622248005219319e+00
8.690621950273049734e+00
8.690619254934420113e+00
8.690615480776763491e+00
8.690612904429402263e+00
8.690611268876194728e+00
8.690607969423956192e+00
8.690607864322752008e+00
8.690606319953847247e+00
8.690606166677518729e+00
8.690606149331200569e+00
8.690605330938351969e+00
8.690600087438484778e+00
8.690599939661495910e+00
8.690598024742209660e+00
8.690597974833128347e+00
8.690597912199624631e+00
8.690596833948783129e+00
8.690596765900627574e+00
8.690595581780375056e+00
8.690592061153786574e+00
8.690590940498122308e+00
8.690590438019777153e+00
8.690590426253221423e+00
8.690589420279925648e+00
8.690587183559076223e+00
8.690585256980446260e+00
8.690585256980446260e+00
8.690584593695872329e+00
8.690583183720601568e+00
8.690578641792194858e+00
8.690578641792194858e+00
8.690576349327388428e+00
8.690575762369096680e+00
8.690574953425704408e+00
8.690574527625816614e+00
8.690571117771339615e+00
8.690569247268308928e+00
8.690567337968182926e+00
8.690567140789802636e+00
8.690567140789802636e+00
8.690565344276494741e+00
8.690564238683759157e+00
8.690562779658792536e+00
8.690561755367973262e+00
8.690561027405378169e+00
8.690557728804479964e+00
8.690554978180959012e+00
8.690553906018360308e+00
8.690551673333457572e+00
8.690550775074374457e+00
8.690545972417144327e+00
8.690545708261597113e+00
8.690545553825996805e+00
8.690545501012055141e+00
8.690544967156082379e+00
8.690544476756256742e+00
8.690542940365130420e+00
8.690542678321357073e+00
8.690540566350978935e+00
8.690540178993732212e+00
8.690538890289619900e+00
8.690538890289619900e+00
8.690538616008574024e+00
8.690536488669749815e+00
8.690536061854990280e+00
8.690535372590034058e+00
8.690535284547912909e+00
8.690533284679823112e+00
8.690530182883662746e+00
8.690529161757229559e+00
8.690529090174623050e+00
8.690526693537300673e+00
8.690526610709875754e+00
8.690526524811483355e+00
8.690525517038132364e+00
8.690523669518455563e+00
8.690523669518455563e+00
8.690523610736388349e+00
8.690522894622064953e+00
8.690522894622064953e+00
8.690522894622064953e+00
8.690522017051815595e+00
8.690521776308173685e+00
8.690521289573039709e+00
8.690521289573039709e+00
8.690520782641950603e+00
8.690520152809558141e+00
8.690519715943175072e+00
8.690519172975996298e+00
8.690517168959939198e+00
8.690517004033186055e+00
8.690515638392382058e+00
8.690515368860287637e+00
8.690514575959204180e+00
8.690513749663301368e+00
8.690513498163905837e+00
8.690513351715654977e+00
8.690512678594563667e+00
8.690512144067891853e+00
8.690510958926118690e+00
8.690510568689230553e+00
8.690510440435398110e+00
8.690510440435398110e+00
8.690510440435398110e+00
8.690509110096716228e+00
8.690509110096716228e+00
8.690508588227420006e+00
8.690508307041596936e+00
8.690508261348405483e+00
8.690508261348405483e+00
8.690508261348405483e+00
8.690506862263866594e+00
8.690506401850853990e+00
8.690505523679963318e+00
8.690504397011723725e+00
8.690504351640500502e+00
8.690504320317424813e+00
8.690504119308119613e+00
8.690503832801914186e+00
8.690503159944499956e+00
8.690503159944499956e+00
8.690503035020393341e+00
8.690502128589246311e+00
8.690501324778391989e+00
8.690500842528306791e+00
8.690500773061835105e+00
8.690500773061835105e+00
8.690500563270129319e+00
8.690500071981148267e+00
8.690499810041833584e+00
8.690499531462684502e+00
8.690499146694623533e+00
8.690498150633750640e+00
8.690496480234177312e+00
8.690496404504132855e+00
8.690495445714679690e+00
8.690494974103982528e+00
8.690494332876451011e+00
8.690493617379301483e+00
8.690492576406750658e+00
8.690492547979548732e+00
8.690492256879029043e+00
8.690492228361986093e+00
8.690491390981415876e+00
8.690491390981415876e+00
8.690490851952624496e+00
8.690490851952624496e+00
8.690489792415725390e+00
8.690489462877469151e+00
8.690489352313274907e+00
8.690488699490092728e+00
8.690487248725752067e+00
8.690486146114293931e+00
8.690485023832046352e+00
8.690484783946439862e+00
8.690484440653046150e+00
8.690483461648394581e+00
8.690483136316920820e+00
8.690482736443101430e+00
8.690481980316471677e+00
8.690481593631856683e+00
8.690479825345326148e+00
8.690478931500551951e+00
8.690474347914003417e+00
8.690474126166717994e+00
8.690473678322852891e+00
8.690473678322852891e+00
8.690472282276259008e+00
8.690471735125337105e+00
8.690470802454454358e+00
8.690470113025776655e+00
8.690470113025776655e+00
8.690470102415973841e+00
8.690470102415973841e+00
8.690468319206056336e+00
8.690468043161187595e+00
8.690467518948565839e+00
8.690467282793516546e+00
8.690466742731377536e+00
8.690466742731377536e+00
8.690466742731377536e+00
8.690466742731377536e+00
8.690466506988716588e+00
8.690466389155821147e+00
8.690466350834590514e+00
8.690465918012504787e+00
8.690464765484243514e+00
8.690464590929773081e+00
8.690464590929773081e+00
8.690464052579436327e+00
8.690461559387435031e+00
8.690461235127086681e+00
8.690461049331567267e+00
8.690460272540546427e+00
8.690459453237386001e+00
8.690459320554536404e+00
8.690459063608022561e+00
8.690459063608022561e+00
8.690458624607119376e+00
8.690458613604118199e+00
8.690457491212917773e+00
8.690456748077309612e+00
8.690456748077309612e+00
8.690456038014641393e+00
8.690455320871510736e+00
8.690454666478268919e+00
8.690454085553843910e+00
8.690453522612921589e+00
8.690453341687575772e+00
8.690453341687575772e+00
8.690453335810092383e+00
8.690452665050399261e+00
8.690451858428966503e+00
8.690451030027508850e+00
8.690450875703836786e+00
8.690450875703836786e+00
8.690450348667690506e+00
8.690450345324144621e+00
8.690449525254987151e+00
8.690448530663378079e+00
8.690447065854788988e+00
8.690447065854788988e+00
8.690446790476640260e+00
8.690446790476640260e+00
8.690446790476640260e+00
8.690445504301830937e+00
8.690445046651198879e+00
8.690444442694886362e+00
8.690444341500242587e+00
8.690444309123511957e+00
8.690443336119956896e+00
8.690443321682206346e+00
8.690442136825939912e+00
8.690441856577274748e+00
8.690441856577274748e+00
8.690441606397923735e+00
8.690441581886121369e+00
8.690441351765620936e+00
8.690441351765620936e+00
8.690441186805623275e+00
8.690441006174488336e+00
8.690441004736625175e+00
8.690440921296689325e+00
8.690440448502576132e+00
8.690440448502576132e+00
8.690440286989645102e+00
8.690440202246117352e+00
8.690439456625467685e+00
8.690439269168761527e+00
8.690439212439072136e+00
8.690439011667951519e+00
8.690439011667951519e+00
8.690439011667951519e+00
8.690438932440837760e+00
8.690438239451196978e+00
8.690438239451196978e+00
8.690438231410483993e+00
8.690438227219942746e+00
8.690438163413867656e+00
8.690437556722068635e+00
8.690437522552253213e+00
8.690437522552253213e+00
8.690437522552253213e+00
8.690436888272053295e+00
8.690435785983678940e+00
8.690435709811152876e+00
8.690435328080708288e+00
8.690435309937226904e+00
8.690435132347863245e+00
8.690434477816220138e+00
8.690434477816220138e+00
8.690434477816220138e+00
8.690434477816220138e+00
8.690433780127738927e+00
8.690433402286622311e+00
8.690433217880725536e+00
8.690433189822408977e+00
8.690430389612815887e+00
8.690430183653962359e+00
8.690429600876006688e+00
8.690428892048045029e+00
8.690428616029787889e+00
8.690428563877590662e+00
8.690428474414732207e+00
8.690428257532335721e+00
8.690428225458230571e+00
8.690427933178636266e+00
8.690427675649999628e+00
8.690427621277299508e+00
8.690426664141202906e+00
8.690426438147490273e+00
8.690424174187315387e+00
8.690423413885133286e+00
8.690422558040324930e+00
8.690422393503210330e+00
8.690422170096478993e+00
8.690422010102015093e+00
8.690422010102015093e+00
8.690421953411695100e+00
8.690421191289511071e+00
8.690420992187341653e+00
8.690420672594331819e+00
8.690420672594331819e+00
8.690420470439359946e+00
8.690420110251801944e+00
8.690419775901199628e+00
8.690419730985288638e+00
8.690419730985288638e+00
8.690419730985288638e+00
8.690419730985288638e+00
8.690419269926760393e+00
8.690418180401882964e+00
8.690418180401882964e+00
8.690417641424208028e+00
8.690416804070270729e+00
8.690416130691799523e+00
8.690415701538903193e+00
8.690415340506175923e+00
8.690414757262418632e+00
8.690414757262418632e+00
8.690414226010114263e+00
8.690414226010114263e+00
8.690414185525808577e+00
8.690414180512727071e+00
8.690414180512727071e+00
8.690413675441197583e+00
8.690413624253151781e+00
8.690412762182297968e+00
8.690412761098590622e+00
8.690412406729006278e+00
8.690412406729006278e+00
8.690412367612733391e+00
8.690412030666150756e+00
8.690412012365065664e+00
8.690412012365065664e+00
8.690412012365065664e+00
8.690411914247160752e+00
8.690411822877338821e+00
8.690411087058878437e+00
8.690411087058878437e+00
8.690411087058878437e+00
8.690410268744507505e+00
8.690410183275217193e+00
8.690410183275217193e+00
8.690410183275217193e+00
8.690410183275217193e+00
8.690408506955778378e+00
8.690408357242665360e+00
8.690408357242665360e+00
8.690408208215353980e+00
8.690408208215353980e+00
8.690408067401426351e+00
8.690407848698480819e+00
8.690407848698480819e+00
8.690407520948399522e+00
8.690405597008494354e+00
8.690405470154143330e+00
8.690404876046123661e+00
8.690404210606128999e+00
8.690403656075027072e+00
8.690403653494703562e+00
8.690403068460655689e+00
8.690403068460655689e+00
8.690402933095468185e+00
8.690402933095468185e+00
8.690402933095468185e+00
8.690402894129501732e+00
8.690402668123812902e+00
8.690402575466798396e+00
8.690402469719362699e+00
8.690402467211651327e+00
8.690402467211651327e+00
8.690402467211651327e+00
8.690402467211651327e+00
8.690402467211651327e+00
8.690402467211651327e+00
8.690402287000978276e+00
8.690402287000978276e+00
8.690402287000978276e+00
8.690402286508856378e+00
8.690402286508856378e+00
8.690401767958782386e+00
8.690401767958782386e+00
8.690401767958782386e+00
8.690401767958782386e+00
8.690400897569046990e+00
8.690400897569046990e+00
8.690400867610176050e+00
8.690400733279906476e+00
8.690400687297051618e+00
8.690400024230546805e+00
8.690400024230546805e+00
8.690399883598605157e+00
8.690399842332860558e+00
8.690399481596747577e+00
8.690397958334747486e+00
8.690397958334747486e+00
8.690397717192800187e+00
8.690397049492421644e+00
8.690396572487680160e+00
8.690396418500016651e+00
8.690395711635908071e+00
8.690394393282538488e+00
8.690393842137551061e+00
8.690393842137551061e+00
8.690393181620361673e+00
8.690393158119887218e+00
8.690393158119887218e+00
8.690392820069581248e+00
8.690392766197316377e+00
8.690392387437276156e+00
8.690392308090544304e+00
8.690392281879203651e+00
8.690392240277089897e+00
8.690391984558335281e+00
8.690391984558335281e+00
8.690391745735386309e+00
8.690390413985275231e+00
8.690390305743878940e+00
8.690390305743878940e+00
8.690390181899402933e+00
8.690390090484459762e+00
8.690390090484459762e+00
8.690389799373972934e+00
8.690389702918023929e+00
8.690389702918023929e+00
8.690389335662365156e+00
8.690388825439669063e+00
8.690388772333712097e+00
8.690388540757835401e+00
8.690388456972780062e+00
8.690388258733007021e+00
8.690388049770815471e+00
8.690388049770815471e+00
8.690387982422787871e+00
8.690387852688663983e+00
8.690387678331610743e+00
8.690387667388195680e+00
8.690387390489441088e+00
8.690387390489441088e+00
8.690387390489441088e+00
8.690387390489441088e+00
8.690387390489441088e+00
8.690387152227765810e+00
8.690387152227765810e+00
8.690386910638020268e+00
8.690386712266752411e+00
8.690386598522943373e+00
8.690386265869273430e+00
8.690386113169809690e+00
8.690386113169809690e+00
8.690385968719658294e+00
8.690385897743192700e+00
8.690385897743192700e+00
8.690385897743192700e+00
8.690385760831116357e+00
8.690385734894668701e+00
8.690385559757768164e+00
8.690385259016789377e+00
8.690385259016789377e+00
8.690385259016789377e+00
8.690385055985155205e+00
8.690385055985155205e+00
8.690384485982511009e+00
8.690384485982511009e+00
8.690384485982511009e+00
8.690384485982511009e+00
8.690384070195841915e+00
8.690383885314009405e+00
8.690383842909536583e+00
8.690383836442551413e+00
8.690383836442551413e+00
8.690383831286160543e+00
8.690383831286160543e+00
8.690383753657171084e+00
8.690383671751117589e+00
8.690383634287991654e+00
8.690383514821856892e+00
8.690382855078956581e+00
8.690382492406120818e+00
8.690382492406120818e+00
8.690381974770327034e+00
8.690381974770327034e+00
8.690381919512192965e+00
8.690381698435006186e+00
8.690381698435006186e+00
8.690381627626170058e+00
8.690381402163039226e+00
8.690381395387264618e+00
8.690381121539326514e+00
8.690380933210066772e+00
8.690380682456877892e+00
8.690380554470440444e+00
8.690380554470440444e+00
8.690380554470440444e+00
8.690380267184984575e+00
8.690380066125671377e+00
8.690380066125671377e+00
8.690379922919611033e+00
8.690379791105504736e+00
8.690379753199829693e+00
8.690379596312663324e+00
8.690379178250177361e+00
8.690379178250177361e+00
8.690379094859359554e+00
8.690378725306581842e+00
8.690378659029835973e+00
8.690378659029835973e+00
8.690378539765241328e+00
8.690378341942986751e+00
8.690378058627350910e+00
8.690378058627350910e+00
8.690378048474364903e+00
8.690378048474364903e+00
8.690377680140979777e+00
8.690377680140979777e+00
8.690377680140979777e+00
8.690377680140979777e+00
8.690377580278601855e+00
8.690377580278601855e+00
8.690377580278601855e+00
8.690377580278601855e+00
8.690377580278601855e+00
8.690377580278601855e+00
8.690377575930337883e+00
8.690377531643060038e+00
8.690376967577632783e+00
8.690376900986306552e+00
8.690376900986306552e+00
8.690376731009127553e+00
8.690376731009127553e+00
8.690376523503553940e+00
8.690376523503553940e+00
8.690376523503553940e+00
8.690376523503553940e+00
8.690376100719836572e+00
8.690376020649782873e+00
8.690375719359606066e+00
8.690375719359606066e+00
8.690375719359606066e+00
8.690375705814643581e+00
8.690375659901208749e+00
8.690375659901208749e+00
8.690375548099940062e+00
8.690375548099940062e+00
8.690375548099940062e+00
8.690375230114817384e+00
8.690375230114817384e+00
8.690375223586915610e+00
8.690375223586915610e+00
8.690375223586915610e+00
8.690375068798831037e+00
8.690375068798831037e+00
8.690374968975760339e+00
8.690374724984623711e+00
8.690374385545455382e+00
8.690374233708123342e+00
8.690374223860393599e+00
8.690374157770635932e+00
8.690373972292146476e+00
8.690373956933152400e+00
8.690373945299162628e+00
8.690373945299162628e+00
8.690373788616437167e+00
8.690373788616437167e+00
8.690373187563029234e+00
8.690373187563029234e+00
8.690373187563029234e+00
8.690372744550158401e+00
8.690372678396455441e+00
8.690372678396455441e+00
8.690372678396455441e+00
8.690372336657206986e+00
8.690372336657206986e+00
8.690372259524309584e+00
8.690372125371057521e+00
8.690372003320216976e+00
8.690371757451647028e+00
8.690371676142774504e+00
8.690371622219599246e+00
8.690371621537989810e+00
8.690371570266570700e+00
