1.016672549954484062e+01
9.656436586731452110e+00
7.784227331030702857e+00
8.787372017619361486e+00
9.529077910139042373e+00
8.735508327515679738e+00
8.876703593685011384e+00
9.507472062636452392e+00
7.349675545061273851e+00
8.851393150917019170e+00
8.323711866520588032e+00
9.698039391998564795e+00
9.307762468830599545e+00
8.131437107656040553e+00
7.546673838472724327e+00
9.145452666390882612e+00
8.669663593924942901e+00
8.602743061265808677e+00
7.914032237287560889e+00
8.926903864432183866e+00
8.085956110147357379e+00
9.929252863164901299e+00
8.901902997387805883e+00
9.157248993530270553e+00
9.025362045808382305e+00
7.458372230119072910e+00
8.589206691602583987e+00
8.039790691876376627e+00
9.013286504476418770e+00
9.133611232862214990e+00
