2.054885938560973457e+01
1.923391882225575955e+01
1.724589807442373157e+01
1.498671122012242485e+01
1.355963131098442531e+01
1.280784402137212474e+01
1.220829066200054136e+01
1.160287887489314862e+01
1.143926364188446598e+01
1.140086670040778749e+01
1.111983498045997543e+01
1.110452934514999868e+01
1.098309515491101607e+01
1.097697288737501431e+01
1.097404234036048543e+01
1.097404234036048543e+01
1.097404234036048543e+01
1.097404234036048543e+01
1.097404234036048543e+01
1.097404234036048543e+01
1.097404234036048543e+01
1.097404234036048543e+01
1.097404234036048543e+01
1.097404234036048543e+01
1.097404234036048543e+01
1.095824866522054997e+01
1.095824866522054997e+01
1.095824866522054997e+01
1.095824866522054997e+01
1.095824866522054997e+01
1.093964012654822682e+01
1.093628496231091951e+01
1.093579627928842868e+01
1.090582111652185660e+01
1.087013492465543862e+01
1.087013492465543862e+01
1.086236139692508118e+01
1.085979830443183403e+01
1.083650005974613606e+01
1.082208442651768365e+01
1.079869306098461301e+01
1.079869306098461301e+01
1.074528788223527798e+01
1.074528788223527798e+01
1.071184162599453771e+01
1.071184162599453771e+01
1.067753479795695526e+01
1.065500699524305617e+01
1.065500699524305617e+01
1.065500699524305617e+01
1.065500699524305617e+01
1.058901055581829276e+01
1.058901055581829276e+01
1.055429002561984220e+01
1.055387551975901772e+01
1.054754776619125778e+01
1.049709858953672459e+01
1.049319113729896991e+01
1.044265856070865617e+01
1.040718941456491109e+01
1.040718941456491109e+01
1.040718941456491109e+01
1.040718941456491109e+01
1.038756273277332554e+01
1.035250078788114081e+01
1.034739882474938888e+01
1.031640118208551904e+01
1.031157634954546154e+01
1.027395252048954610e+01
1.026378691869616766e+01
1.026378691869616766e+01
1.025769320081677272e+01
1.020295188478978154e+01
1.018195449600887059e+01
1.018195449600887059e+01
1.018195449600887059e+01
1.014061127101347637e+01
1.013970145310550919e+01
1.012804374644901451e+01
1.012457029226771610e+01
1.010618754935921793e+01
1.010158095403236089e+01
1.006088222190151704e+01
1.005483305335126687e+01
1.003748558095229448e+01
1.003748558095229448e+01
1.000530796903578690e+01
9.968407616683824912e+00
9.968407616683824912e+00
9.955856586112018292e+00
9.899852999201300463e+00
9.899592498869173696e+00
9.881888176934523926e+00
9.879145705644718944e+00
9.818256812063598460e+00
9.804047873358221921e+00
9.804047873358221921e+00
9.784771524561946876e+00
9.784771524561946876e+00
9.784093428745483934e+00
9.784093428745483934e+00
9.784093428745483934e+00
9.751858635717745472e+00
9.751858635717745472e+00
9.737943852870587946e+00
9.737943852870587946e+00
9.736948280449992055e+00
9.731559463956516609e+00
9.725446022418021030e+00
9.709282838749109246e+00
9.709282838749109246e+00
9.689118863992852937e+00
9.689118863992852937e+00
9.689118863992852937e+00
9.668299276603672610e+00
9.668299276603672610e+00
9.655909404830758547e+00
9.654706563006486775e+00
9.650174447708469216e+00
9.602402683986143828e+00
9.602402683986143828e+00
9.599328069038442379e+00
9.597343070247239538e+00
9.596453708055207699e+00
9.594271827166410915e+00
9.584599624730820722e+00
9.576152713870973443e+00
9.574399819065746442e+00
9.574399819065746442e+00
9.574399819065746442e+00
9.574226982494703719e+00
9.574226982494703719e+00
9.569493835130936432e+00
9.566147381244084258e+00
9.564415234180636105e+00
9.562416234861192521e+00
9.562088662944274731e+00
9.556065185109417826e+00
9.551684971297680349e+00
9.551425596539061758e+00
9.551024985261820532e+00
9.549088113165113967e+00
9.548922494603516498e+00
9.548922494603516498e+00
9.548216080612792922e+00
9.548216080612792922e+00
9.548216080612792922e+00
9.546203197108587446e+00
9.544697751474956249e+00
9.544697751474956249e+00
9.542778400696629859e+00
9.542406878476731080e+00
9.542406878476731080e+00
9.541510438979717179e+00
9.541510438979717179e+00
9.541302354762205340e+00
9.539961453370084499e+00
9.538681794182899409e+00
9.538681794182899409e+00
9.538681794182899409e+00
9.538681794182899409e+00
9.537500553622692223e+00
9.536106576776234078e+00
9.536106576776234078e+00
9.536106576776234078e+00
9.535904359657294549e+00
9.535871815788887318e+00
9.535871815788887318e+00
9.535202542294795691e+00
9.535202542294795691e+00
9.535053760105107301e+00
9.535053760105107301e+00
9.535004371172453475e+00
9.535004371172453475e+00
9.534937825715147142e+00
9.534573465265804515e+00
9.534573465265804515e+00
9.534573465265804515e+00
9.534573465265804515e+00
9.534055968630024580e+00
9.533837171498500851e+00
9.533450547197400482e+00
9.533450547197400482e+00
9.533329818992312354e+00
9.533329818992312354e+00
9.533190624909780198e+00
9.532608098274302222e+00
9.532608098274302222e+00
9.532608098274302222e+00
9.532608098274302222e+00
9.532364766507747333e+00
9.532050613155925944e+00
9.531931100692528247e+00
9.531931100692528247e+00
9.531931100692528247e+00
9.531931100692528247e+00
9.531931100692528247e+00
9.531834035490597046e+00
9.531489553481225840e+00
9.531489553481225840e+00
9.531429741316520321e+00
9.531413246168082054e+00
9.531413246168082054e+00
9.531379555515073321e+00
9.531379555515073321e+00
9.531277722637454985e+00
9.531277722637454985e+00
9.531271685458337473e+00
9.531271685458337473e+00
9.531210903006620327e+00
9.531210903006620327e+00
9.530920764836984915e+00
9.530913945220806482e+00
9.530778273668783385e+00
9.530656331362703071e+00
9.530656331362703071e+00
9.530656331362703071e+00
9.530619836987870741e+00
9.530619836987870741e+00
9.530619836987870741e+00
9.530559317284470922e+00
9.530559317284470922e+00
9.530559317284470922e+00
9.530559317284470922e+00
9.530559317284470922e+00
9.530559317284470922e+00
9.530559317284470922e+00
9.530559317284470922e+00
9.530559317284470922e+00
9.530559317284470922e+00
9.530559317284470922e+00
9.530559317284470922e+00
9.530559317284470922e+00
9.530559317284470922e+00
9.530559317284470922e+00
9.530559317284470922e+00
9.530559317284470922e+00
9.530559317284470922e+00
9.530559317284470922e+00
9.530559317284470922e+00
9.530559317284470922e+00
9.530559317284470922e+00
9.530559317284470922e+00
9.530559317284470922e+00
9.530559317284470922e+00
9.530559317284470922e+00
9.530559317284470922e+00
9.530555041985337539e+00
9.530555041985337539e+00
9.530555041985337539e+00
9.530555041985337539e+00
9.530555041985337539e+00
9.530555041985337539e+00
9.530527667593894137e+00
9.530510592236542067e+00
9.530510592236542067e+00
9.530510592236542067e+00
9.530510592236542067e+00
9.530510592236542067e+00
9.530430711598897986e+00
9.530430711598897986e+00
9.530430711598897986e+00
9.530430711598897986e+00
9.530430562297128816e+00
9.530372493175994109e+00
9.530372493175994109e+00
9.530372493175994109e+00
9.530372493175994109e+00
9.530372493175994109e+00
9.530372493175994109e+00
9.530372493175994109e+00
9.530372493175994109e+00
9.530372493175994109e+00
9.530372493175994109e+00
9.530372493175994109e+00
9.530372493175994109e+00
9.530372493175994109e+00
9.530372493175994109e+00
9.530372493175994109e+00
9.530372493175994109e+00
9.530372493175994109e+00
9.530372493175994109e+00
9.530372493175994109e+00
9.530372493175994109e+00
9.530372493175994109e+00
9.530372493175994109e+00
9.530367972322732584e+00
9.530367972322732584e+00
9.530367972322732584e+00
9.530367972322732584e+00
9.530367972322732584e+00
9.530367972322732584e+00
9.530367972322732584e+00
9.530367972322732584e+00
9.530367972322732584e+00
9.530338407788672583e+00
9.530338407788672583e+00
9.530284965528691643e+00
9.530235623975499948e+00
9.530228026777644246e+00
9.530169048666110143e+00
9.530169048666110143e+00
9.530169048666110143e+00
9.530169048666110143e+00
9.530169048666110143e+00
9.530169048666110143e+00
9.530169048666110143e+00
9.530169048666110143e+00
9.530169048666110143e+00
9.530160896249649127e+00
9.530160896249649127e+00
9.530160896249649127e+00
9.530160896249649127e+00
9.530160896249649127e+00
9.530137823684391662e+00
9.530137823684391662e+00
9.530137823684391662e+00
9.530137823684391662e+00
9.530137823684391662e+00
9.530137823684391662e+00
9.530137823684391662e+00
9.530137823684391662e+00
9.530137823684391662e+00
9.529982630652519049e+00
9.529982630652519049e+00
9.529982630652519049e+00
9.529982630652519049e+00
9.529949981456613983e+00
9.529942013183738680e+00
9.529942013183738680e+00
9.529942013183738680e+00
9.529942013183738680e+00
9.529942013183738680e+00
9.529942013183738680e+00
9.529942013183738680e+00
9.529942013183738680e+00
9.529923010302482567e+00
9.529871838661936323e+00
9.529871838661936323e+00
9.529871838661936323e+00
9.529871838661936323e+00
9.529871838661936323e+00
9.529853130851778431e+00
9.529853130851778431e+00
9.529853130851778431e+00
9.529853130851778431e+00
9.529783525129927213e+00
9.529783525129927213e+00
9.529783525129927213e+00
9.529783525129927213e+00
9.529783525129927213e+00
9.529783525129927213e+00
9.529783525129927213e+00
9.529783525129927213e+00
9.529780373705960983e+00
9.529780373705960983e+00
9.529780373705960983e+00
9.529780373705960983e+00
9.529780373705960983e+00
9.529780373705960983e+00
9.529780373705960983e+00
9.529780373705960983e+00
9.529780373705960983e+00
9.529780373705960983e+00
9.529780373705960983e+00
9.529780373705960983e+00
9.529780373705960983e+00
9.529780373705960983e+00
9.529780373705960983e+00
9.529712454842753644e+00
9.529712454842753644e+00
9.529712454842753644e+00
9.529712454842753644e+00
9.529712454842753644e+00
9.529702909393112265e+00
9.529702909393112265e+00
9.529702909393112265e+00
9.529664402500641174e+00
9.529664402500641174e+00
9.529664402500641174e+00
9.529664402500641174e+00
9.529660753413283558e+00
9.529660753413283558e+00
9.529660753413283558e+00
9.529660753413283558e+00
9.529660753413283558e+00
9.529660753413283558e+00
9.529660753413283558e+00
9.529660753413283558e+00
9.529660753413283558e+00
9.529660753413283558e+00
9.529660753413283558e+00
9.529660753413283558e+00
9.529641293049895268e+00
9.529641293049895268e+00
9.529623767446693705e+00
9.529623767446693705e+00
9.529623767446693705e+00
9.529623767446693705e+00
9.529623761680216631e+00
9.529623761680216631e+00
9.529623761680216631e+00
9.529623761680216631e+00
9.529623761680216631e+00
9.529623761680216631e+00
9.529623761680216631e+00
9.529621655716448814e+00
9.529615998694795920e+00
9.529549724316485282e+00
9.529549724316485282e+00
9.529549724316485282e+00
9.529549724316485282e+00
9.529549724316485282e+00
9.529549724316485282e+00
9.529528046416018583e+00
9.529528046416018583e+00
9.529528046416018583e+00
9.529528046416018583e+00
9.529528046416018583e+00
9.529528046416018583e+00
9.529528046416018583e+00
9.529528046416018583e+00
9.529528046416018583e+00
9.529484262439913422e+00
9.529484262439913422e+00
9.529484262439913422e+00
9.529484262439913422e+00
9.529484262439913422e+00
9.529448591648787215e+00
9.529448591648787215e+00
9.529448591648787215e+00
9.529448591648787215e+00
9.529448591648787215e+00
9.529448591648787215e+00
9.529448591648787215e+00
9.529448591648787215e+00
9.529448591648787215e+00
9.529448591648787215e+00
9.529440771953884948e+00
9.529440771953884948e+00
9.529389424777040318e+00
9.529389424777040318e+00
9.529389424777040318e+00
9.529389424777040318e+00
9.529389424777040318e+00
9.529389424777040318e+00
9.529389424777040318e+00
9.529389424777040318e+00
9.529389424777040318e+00
9.529389424777040318e+00
9.529389424777040318e+00
9.529389424777040318e+00
9.529389424777040318e+00
9.529389424777040318e+00
9.529389424777040318e+00
9.529389424777040318e+00
9.529389424777040318e+00
9.529389424777040318e+00
9.529389424777040318e+00
9.529389424777040318e+00
9.529389424777040318e+00
9.529389424777040318e+00
9.529373156905990072e+00
9.529373156905990072e+00
9.529373156905990072e+00
9.529373156905990072e+00
9.529373156905990072e+00
9.529373156905990072e+00
9.529373156905990072e+00
9.529373156905990072e+00
9.529373156905990072e+00
9.529373156905990072e+00
9.529373156905990072e+00
9.529373156905990072e+00
9.529373156905990072e+00
9.529373156905990072e+00
9.529369398159051485e+00
9.529369398159051485e+00
9.529369398159051485e+00
9.529369398159051485e+00
9.529369398159051485e+00
9.529369398159051485e+00
9.529369398159051485e+00
9.529369398159051485e+00
9.529369398159051485e+00
9.529369398159051485e+00
9.529369398159051485e+00
9.529369398159051485e+00
9.529369398159051485e+00
9.529369398159051485e+00
9.529369398159051485e+00
9.529369398159051485e+00
9.529369398159051485e+00
9.529369398159051485e+00
9.529369398159051485e+00
9.529369398159051485e+00
9.529369398159051485e+00
9.529369398159051485e+00
9.529369398159051485e+00
9.529369398159051485e+00
9.529369398159051485e+00
9.529369398159051485e+00
9.529369398159051485e+00
9.529369398159051485e+00
9.529369398159051485e+00
9.529369398159051485e+00
9.529369398159051485e+00
9.529369398159051485e+00
9.529369398159051485e+00
9.529369398159051485e+00
9.529369398159051485e+00
9.529369398159051485e+00
9.529369398159051485e+00
9.529369398159051485e+00
9.529369398159051485e+00
9.529369398159051485e+00
9.529369398159051485e+00
9.529369398159051485e+00
9.529369398159051485e+00
9.529348950854949152e+00
9.529348950854949152e+00
9.529348950854949152e+00
9.529348950854949152e+00
9.529348950854949152e+00
9.529348950854949152e+00
9.529348950854949152e+00
9.529348950854949152e+00
9.529348950854949152e+00
9.529348950854949152e+00
9.529348950854949152e+00
9.529348950854949152e+00
9.529348950854949152e+00
9.529348950854949152e+00
9.529348950854949152e+00
9.529348950854949152e+00
9.529311716928408060e+00
9.529311716928408060e+00
9.529311716928408060e+00
9.529311716928408060e+00
9.529311716928408060e+00
9.529311716928408060e+00
9.529311716928408060e+00
9.529311716928408060e+00
9.529295084845264441e+00
9.529295084845264441e+00
9.529295084845264441e+00
9.529295084845264441e+00
9.529295084845264441e+00
9.529295084845264441e+00
9.529295084845264441e+00
9.529295084845264441e+00
9.529295077110083056e+00
9.529295077110083056e+00
9.529295077110083056e+00
9.529295077110083056e+00
9.529295077110083056e+00
9.529295077110083056e+00
9.529295077110083056e+00
9.529295077110083056e+00
9.529295077110083056e+00
9.529295077110083056e+00
9.529295077110083056e+00
9.529295077110083056e+00
9.529295077110083056e+00
9.529295077110083056e+00
9.529295077110083056e+00
9.529295077110083056e+00
9.529295077110083056e+00
9.529295077110083056e+00
9.529295077110083056e+00
9.529295077110083056e+00
9.529295077110083056e+00
9.529295077110083056e+00
9.529295077110083056e+00
9.529295077110083056e+00
9.529295077110083056e+00
9.529295077110083056e+00
9.529295077110083056e+00
9.529295077110083056e+00
9.529295077110083056e+00
9.529295077110083056e+00
9.529295077110083056e+00
9.529295077110083056e+00
9.529295077110083056e+00
9.529295077110083056e+00
9.529295077110083056e+00
9.529295077110083056e+00
9.529295077110083056e+00
9.529295077110083056e+00
9.529295077110083056e+00
9.529295077110083056e+00
9.529295077110083056e+00
9.529294761204983644e+00
9.529291082141348568e+00
9.529281341203915900e+00
9.529281341203915900e+00
9.529281341203915900e+00
9.529281341203915900e+00
9.529279742449441315e+00
9.529279742449441315e+00
9.529278030474465311e+00
9.529278030474465311e+00
9.529278030474465311e+00
9.529278030474465311e+00
9.529278030474465311e+00
9.529278030474465311e+00
9.529278030474465311e+00
9.529278030474465311e+00
9.529278030474465311e+00
9.529278030474465311e+00
9.529278030474465311e+00
9.529278030474465311e+00
9.529278030474465311e+00
9.529278030474465311e+00
9.529278030474465311e+00
9.529278030474465311e+00
9.529278030474465311e+00
9.529278030474465311e+00
9.529278030474465311e+00
9.529278030474465311e+00
9.529278030474465311e+00
9.529278030474465311e+00
9.529278030474465311e+00
9.529278030474465311e+00
9.529278030474465311e+00
9.529278030474465311e+00
9.529278030474465311e+00
9.529278030474465311e+00
9.529278030474465311e+00
9.529278030474465311e+00
9.529278030474465311e+00
9.529278030474465311e+00
9.529278030474465311e+00
9.529278030474465311e+00
9.529278030474465311e+00
9.529278030474465311e+00
9.529278030474465311e+00
9.529278030474465311e+00
9.529278030474465311e+00
9.529278030474465311e+00
9.529278030474465311e+00
9.529278030474465311e+00
9.529278030474465311e+00
9.529278030474465311e+00
9.529278030474465311e+00
9.529278030474465311e+00
9.529278030474465311e+00
9.529278030474465311e+00
9.529278030474465311e+00
9.529278030474465311e+00
9.529278030474465311e+00
9.529278030474465311e+00
9.529278030474465311e+00
9.529278030474465311e+00
9.529278030474465311e+00
9.529278030474465311e+00
9.529278030474465311e+00
9.529278030474465311e+00
9.529278030474465311e+00
9.529278030474465311e+00
9.529278030474465311e+00
9.529278030474465311e+00
9.529278030474465311e+00
9.529278030474465311e+00
9.529278030474465311e+00
9.529278030474465311e+00
9.529278030474465311e+00
9.529278030474465311e+00
9.529278030474465311e+00
9.529278030474465311e+00
9.529278030474465311e+00
9.529278030474465311e+00
9.529278030474465311e+00
9.529278030474465311e+00
9.529278030474465311e+00
9.529278030474465311e+00
9.529278030474465311e+00
9.529278030474465311e+00
9.529278030474465311e+00
9.529278030474465311e+00
9.529278030474465311e+00
9.529278030474465311e+00
9.529278030474465311e+00
9.529278030474465311e+00
9.529278030474465311e+00
9.529278030474465311e+00
9.529278030474465311e+00
9.529278030474465311e+00
9.529278030474465311e+00
9.529278030474465311e+00
9.529278030474465311e+00
9.529278030474465311e+00
9.529278030474465311e+00
9.529278030474465311e+00
9.529278030474465311e+00
9.529278030474465311e+00
9.529278030474465311e+00
9.529278030474465311e+00
9.529278030474465311e+00
9.529278030474465311e+00
9.529278030474465311e+00
9.529278030474465311e+00
9.529278030474465311e+00
9.529278030474465311e+00
9.529278030474465311e+00
9.529278030474465311e+00
9.529278030474465311e+00
9.529278030474465311e+00
9.529278030474465311e+00
9.529270389048933865e+00
9.529270389048933865e+00
9.529270389048933865e+00
9.529270389048933865e+00
9.529270389048933865e+00
9.529270389048933865e+00
9.529270389048933865e+00
9.529270389048933865e+00
9.529270389048933865e+00
9.529270389048933865e+00
9.529270389048933865e+00
9.529270389048933865e+00
9.529270389048933865e+00
9.529270389048933865e+00
9.529253660341801435e+00
9.529253660341801435e+00
9.529253660341801435e+00
9.529253660341801435e+00
9.529253660341801435e+00
9.529253660341801435e+00
9.529253660341801435e+00
9.529253660341801435e+00
9.529253660341801435e+00
9.529253660341801435e+00
9.529253660341801435e+00
9.529253660341801435e+00
9.529253660341801435e+00
9.529253660341801435e+00
9.529253660341801435e+00
9.529253660341801435e+00
9.529253660341801435e+00
9.529253660341801435e+00
9.529253660341801435e+00
9.529253660341801435e+00
9.529253660341801435e+00
9.529253660341801435e+00
9.529253660341801435e+00
9.529253660341801435e+00
9.529253660341801435e+00
9.529253660341801435e+00
9.529253660341801435e+00
9.529253660341801435e+00
9.529253660341801435e+00
9.529253660341801435e+00
9.529253660341801435e+00
9.529253660341801435e+00
9.529253660341801435e+00
9.529249478902102055e+00
9.529249478902102055e+00
9.529249478902102055e+00
9.529249478902102055e+00
9.529249478902102055e+00
9.529249478902102055e+00
9.529249478902102055e+00
9.529249478902102055e+00
9.529249478902102055e+00
9.529249478902102055e+00
9.529249478902102055e+00
9.529249478902102055e+00
9.529249478902102055e+00
9.529249478902102055e+00
9.529249478902102055e+00
9.529249478902102055e+00
9.529249478902102055e+00
9.529249478902102055e+00
9.529249478902102055e+00
9.529249478902102055e+00
9.529249478902102055e+00
9.529249478902102055e+00
9.529249478902102055e+00
9.529249478902102055e+00
9.529249478902102055e+00
9.529249478902102055e+00
9.529249478902102055e+00
9.529249478902102055e+00
9.529249478902102055e+00
9.529249478902102055e+00
9.529249478902102055e+00
9.529249478902102055e+00
9.529249478902102055e+00
9.529249478902102055e+00
9.529249478902102055e+00
9.529249478902102055e+00
9.529249478902102055e+00
9.529249478902102055e+00
9.529249478902102055e+00
9.529249478902102055e+00
9.529249478902102055e+00
9.529249478902102055e+00
9.529249478902102055e+00
9.529245803544084126e+00
9.529245803544084126e+00
9.529245803544084126e+00
9.529245803544084126e+00
9.529245803544084126e+00
9.529245803544084126e+00
9.529245803544084126e+00
9.529245803544084126e+00
9.529245803544084126e+00
9.529245803544084126e+00
9.529245803544084126e+00
9.529245803544084126e+00
9.529245803544084126e+00
9.529245803544084126e+00
9.529245803544084126e+00
9.529245803544084126e+00
9.529245803544084126e+00
9.529245803544084126e+00
9.529245803544084126e+00
9.529245803544084126e+00
9.529245803544084126e+00
9.529245803544084126e+00
9.529245803544084126e+00
9.529245803544084126e+00
9.529245803544084126e+00
9.529245803544084126e+00
9.529245803544084126e+00
9.529245803544084126e+00
9.529245803544084126e+00
9.529245803544084126e+00
9.529245803544084126e+00
9.529245803544084126e+00
9.529245803544084126e+00
9.529245803544084126e+00
9.529245803544084126e+00
9.529245803544084126e+00
9.529245803544084126e+00
9.529245803544084126e+00
9.529244762068522334e+00
9.529244762068522334e+00
9.529244762068522334e+00
9.529243966783649711e+00
9.529243966783649711e+00
9.529243966783649711e+00
9.529243966783649711e+00
9.529243966783649711e+00
9.529243966783649711e+00
9.529243966783649711e+00
9.529243966783649711e+00
9.529243966783649711e+00
9.529243966783649711e+00
9.529243966783649711e+00
9.529243966783649711e+00
9.529237622829597854e+00
9.529237622829597854e+00
9.529237622829597854e+00
9.529237622829597854e+00
9.529237622829597854e+00
9.529237622829597854e+00
9.529237622829597854e+00
9.529237622829597854e+00
9.529237622829597854e+00
9.529237622829597854e+00
9.529237622829597854e+00
9.529237622829597854e+00
9.529237622829597854e+00
9.529237622829597854e+00
9.529237622829597854e+00
9.529237622829597854e+00
9.529237622829597854e+00
9.529237622829597854e+00
9.529237622829597854e+00
9.529237622829597854e+00
9.529237622829597854e+00
9.529237622829597854e+00
9.529237622829597854e+00
9.529237622829597854e+00
9.529225674758748710e+00
9.529225674758748710e+00
9.529225674758748710e+00
9.529225674758748710e+00
9.529217149579700674e+00
9.529217149579700674e+00
9.529217149579700674e+00
9.529217149579700674e+00
9.529217149579700674e+00
9.529217149579700674e+00
9.529217149579700674e+00
9.529217149579700674e+00
9.529217149579700674e+00
9.529217149579700674e+00
9.529217149579700674e+00
9.529217149579700674e+00
9.529217149579700674e+00
9.529217149579700674e+00
9.529217149579700674e+00
9.529217149579700674e+00
9.529217149579700674e+00
9.529217149579700674e+00
9.529217149579700674e+00
9.529217149579700674e+00
9.529217149579700674e+00
9.529217149579700674e+00
9.529217149579700674e+00
9.529217149579700674e+00
9.529217149579700674e+00
9.529217149579700674e+00
9.529217149579700674e+00
9.529217149579700674e+00
9.529217149579700674e+00
9.529217149579700674e+00
9.529217149579700674e+00
9.529217149579700674e+00
9.529217149579700674e+00
9.529217149579700674e+00
9.529217149579700674e+00
9.529217149579700674e+00
9.529217149579700674e+00
9.529217149579700674e+00
9.529217149579700674e+00
9.529217149579700674e+00
9.529217149579700674e+00
9.529217149579700674e+00
9.529217149579700674e+00
9.529217149579700674e+00
9.529217149579700674e+00
9.529217149579700674e+00
9.529217149579700674e+00
9.529217149579700674e+00
9.529217149579700674e+00
9.529217149579700674e+00
9.529217149579700674e+00
9.529217149579700674e+00
9.529217149579700674e+00
9.529217149579700674e+00
9.529217149579700674e+00
9.529217149579700674e+00
9.529217149579700674e+00
9.529217149579700674e+00
9.529217149579700674e+00
9.529217149579700674e+00
9.529217149579700674e+00
9.529217149579700674e+00
9.529217149579700674e+00
9.529217149579700674e+00
9.529217149579700674e+00
9.529217149579700674e+00
9.529217149579700674e+00
9.529217149579700674e+00
9.529217149579700674e+00
9.529217149579700674e+00
9.529217149579700674e+00
9.529217149579700674e+00
9.529217149579700674e+00
9.529217149579700674e+00
9.529217149579700674e+00
9.529217149579700674e+00
9.529217149579700674e+00
9.529217149579700674e+00
9.529217149579700674e+00
9.529217149579700674e+00
9.529217149579700674e+00
9.529217149579700674e+00
9.529217149579700674e+00
9.529217149579700674e+00
9.529217149579700674e+00
9.529217149579700674e+00
9.529217149579700674e+00
9.529217149579700674e+00
9.529217149579700674e+00
9.529217149579700674e+00
9.529217149579700674e+00
9.529217149579700674e+00
9.529217149579700674e+00
9.529217149579700674e+00
9.529217149579700674e+00
9.529217149579700674e+00
9.529217149579700674e+00
9.529217149579700674e+00
9.529217149579700674e+00
9.529200978169622971e+00
9.529200978169622971e+00
9.529200978169622971e+00
9.529200978169622971e+00
9.529200978169622971e+00
9.529200978169622971e+00
9.529200978169622971e+00
9.529200978169622971e+00
9.529200978169622971e+00
9.529199980648657586e+00
9.529199980648657586e+00
9.529199980648657586e+00
9.529199980648657586e+00
9.529199980648657586e+00
9.529199980648657586e+00
9.529199980648657586e+00
9.529199980648657586e+00
9.529199980648657586e+00
9.529199980648657586e+00
9.529199980648657586e+00
9.529197557380921779e+00
