9.926577373080107680e-01
-6.112273740712871779e-04
2.982383818716233037e+00
-1.988548007908111703e+00
1.987959177256932497e+00
5.961881182291393522e+00
-9.908812029755096340e-01
8.815206542787157361e-04
-9.939915472939643282e-01
9.941031813590091026e-01
-4.968989090120055074e+00
2.982351577724619229e+00
-3.975367264091786534e+00
9.956128671040856970e-01
-3.974576901345168611e+00
-3.975852707681129417e+00
7.947990790724883681e+00
2.983942864367090664e+00
-1.987830243242932893e+00
3.974869474330164465e+00
9.959112541545340758e-01
-2.980621500381514632e+00
-3.975449352509039525e+00
9.931958189968050910e-01
-2.983175568527733912e+00
9.942486338523707223e-01
-2.060735434007362771e-03
-9.931605563050354135e-01
5.962850683978539124e+00
-2.981510415589107232e+00
