7.052903984306110069e+05
2.974077179299404379e+05
2.117464177810676920e+05
9.000486062381917145e+04
6.920071705173388182e+04
5.069186595741647034e+04
4.264492156409619929e+04
3.997555545062364399e+04
3.886921604896584904e+04
3.759050725328674162e+04
3.621560478239567601e+04
3.612200409574814694e+04
3.612200409574814694e+04
3.470446320534858387e+04
3.470446320534858387e+04
3.470446320534858387e+04
3.470446320534858387e+04
3.388502059825715696e+04
3.388502059825715696e+04
3.322348204231279669e+04
3.291424517111125897e+04
3.291424517111125897e+04
3.291424517111125897e+04
3.137290266243816222e+04
3.137290266243816222e+04
3.137290266243816222e+04
3.112137928699038093e+04
3.098732337527691561e+04
3.073874361244699321e+04
3.055278924626254957e+04
2.967770337305439170e+04
2.967770337305439170e+04
2.873260618421966501e+04
2.873260618421966501e+04
2.873260618421966501e+04
2.825168962662480772e+04
2.819492186662970198e+04
2.785956505179468513e+04
2.762211438760261808e+04
2.762211438760261808e+04
2.720305128616818911e+04
2.665732902092450240e+04
2.608988439579881742e+04
2.556250716506285607e+04
2.556250716506285607e+04
2.556250716506285607e+04
2.551309149108588826e+04
2.520071637099047075e+04
2.486255667511217689e+04
2.459471393035892106e+04
2.433581237949970819e+04
2.392328616500711723e+04
2.348500125626561567e+04
2.346534401825538589e+04
2.346534401825538589e+04
2.311656443229182332e+04
2.298970258726250904e+04
2.298970258726250904e+04
2.229832833216665313e+04
2.182382817933636761e+04
2.182382817933636761e+04
2.179511992388598082e+04
2.161354331863698826e+04
2.125011756132675509e+04
2.125011756132675509e+04
2.088435464616684112e+04
2.085274835262085981e+04
2.071004631732868438e+04
2.045051661973440787e+04
2.029553282464259610e+04
1.968185037195074983e+04
1.968185037195074983e+04
1.968185037195074983e+04
1.951521102387649444e+04
1.914748610890197961e+04
1.914748610890197961e+04
1.853499022099396825e+04
1.836232419819419738e+04
1.814811369180352995e+04
1.814811369180352995e+04
1.734567309085990564e+04
1.728336753089098056e+04
1.728336753089098056e+04
1.728336753089098056e+04
1.683525116043255912e+04
1.683525116043255912e+04
1.664103214232794562e+04
1.626098299539835898e+04
1.626098299539835898e+04
1.625250054688161981e+04
1.602630668385525678e+04
1.578056849773645808e+04
1.534513578785591562e+04
1.534513578785591562e+04
1.493859677166979054e+04
1.493859677166979054e+04
1.444068579675301407e+04
1.444068579675301407e+04
1.444068579675301407e+04
1.427877465928280981e+04
1.426720397504117864e+04
1.403205725596929369e+04
1.388719235957455385e+04
1.381143586603553740e+04
1.380637911844170048e+04
1.320680584415878911e+04
1.320680584415878911e+04
1.320680584415878911e+04
1.307538456499596759e+04
1.289851072830390876e+04
1.289851072830390876e+04
1.289851072830390876e+04
1.268708326235596905e+04
1.267367207961503300e+04
1.238069546668107978e+04
1.202001851428039481e+04
1.201477833875647775e+04
1.162045800869122832e+04
1.162045800869122832e+04
1.160529629744528029e+04
1.152493305621084073e+04
1.141049015480220078e+04
1.117607070292531171e+04
1.117607070292531171e+04
1.108857007098314716e+04
1.053971761285039429e+04
1.053971761285039429e+04
1.053714227421519536e+04
1.036622915955855751e+04
1.030290402568869649e+04
1.016184379431558591e+04
9.742124725813864643e+03
9.742124725813864643e+03
9.576251879645575173e+03
9.401249116878210771e+03
9.401249116878210771e+03
9.401249116878210771e+03
9.266069294809612984e+03
9.202809060100500574e+03
8.983070047215047452e+03
8.742638560931405664e+03
8.742638560931405664e+03
8.742638560931405664e+03
8.559857122316958339e+03
8.371444018645761389e+03
8.133919348112225634e+03
7.961063425508128603e+03
7.961063425508128603e+03
7.961063425508128603e+03
7.958058685906256869e+03
7.814446309164221020e+03
7.709509250819596673e+03
7.709509250819596673e+03
7.576983758363458946e+03
7.430274954372098364e+03
7.426629691246121183e+03
7.426629691246121183e+03
7.351559228909654848e+03
7.034203584176615550e+03
7.034203584176615550e+03
7.034203584176615550e+03
6.946298849481839170e+03
6.872041155675865411e+03
6.872041155675865411e+03
6.685236652546223013e+03
6.685236652546223013e+03
6.576666277531194282e+03
6.519330426984313817e+03
6.481378664398465844e+03
6.415965243699153689e+03
6.279136906884568816e+03
6.260967522536686374e+03
6.064864051534923419e+03
6.003148403553339449e+03
5.880191530103276818e+03
5.814928724314960164e+03
5.814928724314960164e+03
5.717162626449791787e+03
5.338130172786304684e+03
5.338130172786304684e+03
5.338130172786304684e+03
5.301952726540203003e+03
5.301952726540203003e+03
5.176087289247985609e+03
5.144436288522359064e+03
5.144436288522359064e+03
5.067053616487361978e+03
5.030592651513078636e+03
4.897188504496469250e+03
4.843555676629923255e+03
4.828392742246209309e+03
4.747489344015624738e+03
4.725999599408146423e+03
4.636709267431607259e+03
4.444414680872313511e+03
4.444414680872313511e+03
4.444414680872313511e+03
4.360053973086679434e+03
4.360053973086679434e+03
4.331422338275438051e+03
4.202897445708296800e+03
4.199592374340267270e+03
4.133717918327627558e+03
4.092733507419267880e+03
4.040122864763643975e+03
3.908839277532041251e+03
3.838881798061377140e+03
3.837733821771696512e+03
3.740834074196351594e+03
3.740834074196351594e+03
3.673602819172208001e+03
3.556216470083322292e+03
3.527711108903193690e+03
3.376024146414931693e+03
3.376024146414931693e+03
3.368962547627115782e+03
3.303740855689849013e+03
3.300611064949180218e+03
3.203151357629482845e+03
3.192254521512978499e+03
3.125753013013665623e+03
3.125753013013665623e+03
3.013396119389607065e+03
2.992571682742028315e+03
2.992571682742028315e+03
2.969412366399670191e+03
2.870062216972016813e+03
2.870062216972016813e+03
2.728118577198162711e+03
2.728118577198162711e+03
2.712479446980928969e+03
2.604379230373425344e+03
2.604379230373425344e+03
2.499904673481663849e+03
2.499904673481663849e+03
2.432523950467218128e+03
2.423178556796190605e+03
2.303500223321694193e+03
2.303500223321694193e+03
2.260345807393545329e+03
2.260345807393545329e+03
2.258256986508799855e+03
2.218138695224718958e+03
2.208749687937834096e+03
2.171763962812058708e+03
2.153751962504305993e+03
2.078220495342286995e+03
2.047304896032138231e+03
2.047304896032138231e+03
2.036861952205518037e+03
1.988758565747468083e+03
1.988758565747468083e+03
1.933868052561799914e+03
1.862675177131235614e+03
1.847464325177125147e+03
1.845573685820983428e+03
1.765879836203244395e+03
1.765879836203244395e+03
1.676138518978508273e+03
1.676138518978508273e+03
1.661630772907903292e+03
1.621261850716159415e+03
1.598004965017564245e+03
1.592002983166932381e+03
1.546665827663778600e+03
1.545765750949488620e+03
1.486898466902850714e+03
1.473434816557754175e+03
1.445996728475323607e+03
1.436042435918641331e+03
1.428150320095584902e+03
1.393764007414525395e+03
1.381823541336170592e+03
1.347148843869187203e+03
1.323209860071470303e+03
1.301523570819990482e+03
1.287778062472383453e+03
1.227326532746075827e+03
1.222339163005092587e+03
1.222339163005092587e+03
1.194835588717965948e+03
1.194835588717965948e+03
1.194134530209105151e+03
1.112964421527509330e+03
1.112964421527509330e+03
1.094678952381732870e+03
1.064271088758749556e+03
1.063955791645952331e+03
1.048776098483418991e+03
1.033989195729196354e+03
9.956526796751447819e+02
9.831811311850427728e+02
9.556884353831047747e+02
9.484660018502613639e+02
9.214562833026349153e+02
8.913221388880444920e+02
8.913221388880444920e+02
8.563925676595915775e+02
8.563925676595915775e+02
8.563925676595915775e+02
8.240969077324282352e+02
8.197356635357405139e+02
8.143767563071809263e+02
7.876753738890636214e+02
7.386397284868313591e+02
7.386397284868313591e+02
7.386397284868313591e+02
7.365658277390582498e+02
7.240189635653865707e+02
7.133775929104322131e+02
7.042456236715827345e+02
6.911200735767292826e+02
6.706390651937286975e+02
6.706390651937286975e+02
6.577022146314208157e+02
6.524064649805139879e+02
6.381203874727775656e+02
6.147611263843996312e+02
6.147611263843996312e+02
5.931876132592357180e+02
5.931876132592357180e+02
5.892084179004865518e+02
5.761621649226276531e+02
5.761610056042910628e+02
5.602092366753703345e+02
5.449625183753145166e+02
5.449625183753145166e+02
5.388565802348222178e+02
5.251584257183644695e+02
5.095221430392100501e+02
5.066093190549474343e+02
5.015755034101624688e+02
4.947424621654827774e+02
4.726528548311152349e+02
4.712518989828652707e+02
4.618311689753164728e+02
4.585905057433567436e+02
4.437794799106331425e+02
4.416993711918958638e+02
4.375977004607319145e+02
4.348077696110624970e+02
4.272241539748291075e+02
4.238189960769537379e+02
4.207631675890023075e+02
4.157633198621318797e+02
4.045459306813019680e+02
3.973960674882352464e+02
3.931115452770655452e+02
3.913987056983929165e+02
3.863488054781582264e+02
3.708841475583938632e+02
3.544691725540029097e+02
3.526528231605575456e+02
3.473342712128100516e+02
3.430467328296829805e+02
3.384213815265470657e+02
3.354134760009152387e+02
3.249852974825214460e+02
3.234291783777000546e+02
3.182343356158501706e+02
3.109169321987806711e+02
3.092703733869830671e+02
3.015825428112098052e+02
2.978973303256746590e+02
2.889598281948514114e+02
2.889598281948514114e+02
2.856893442114404706e+02
2.848459002199937231e+02
2.803609283004943222e+02
2.787567554008855382e+02
2.753007985509751165e+02
2.719132881882807737e+02
2.655160233494278827e+02
2.655160233494278827e+02
2.571256782303145769e+02
2.571256782303145769e+02
2.539311531382050191e+02
2.486014613908610897e+02
2.451005145374172685e+02
2.422921812286219847e+02
2.342690758709277929e+02
2.341453837829914448e+02
2.299286089126509580e+02
2.299286089126509580e+02
2.299286089126509580e+02
2.271848702220109715e+02
2.222549180807139351e+02
2.191985150869543872e+02
2.183849984096154628e+02
2.158734638111482127e+02
2.149102742101063086e+02
2.137090596746332665e+02
2.107139622227458062e+02
2.087894207535422595e+02
2.053401491729777888e+02
2.002300203189061563e+02
2.002300203189061563e+02
2.002300203189061563e+02
1.974425299865009720e+02
1.974425299865009720e+02
1.972531401867163083e+02
1.940582791554484174e+02
1.928211869379005634e+02
1.902735296992835856e+02
1.885709586048789390e+02
1.884470152974898554e+02
1.860554009419450381e+02
1.851959758253370580e+02
1.812854085717408736e+02
1.808245926910102241e+02
1.798737557600728110e+02
1.770675541469099414e+02
1.762031365553440594e+02
1.749389911563784210e+02
1.736470080109356502e+02
1.710216155940074998e+02
1.710216155940074998e+02
1.690400914789882449e+02
1.640782793958337606e+02
1.640782793958337606e+02
1.637357072520123893e+02
1.623572343427576925e+02
1.609645939984078211e+02
1.590148781256846462e+02
1.571787317312511050e+02
1.551261759214617086e+02
1.532879129551576227e+02
1.520254956126659067e+02
1.519160533186666555e+02
1.515334709646162139e+02
1.502986442888338274e+02
1.502566559590187012e+02
1.502566559590187012e+02
1.483691538933445031e+02
1.483691538933445031e+02
1.455600484047466523e+02
1.455600484047466523e+02
1.435157740578382004e+02
1.407795089381162938e+02
1.407795089381162938e+02
1.407294177560010837e+02
1.398668461599777402e+02
1.388346327471136590e+02
1.368134527417540198e+02
1.368134527417540198e+02
1.366663274328565763e+02
1.338510577234821426e+02
1.335790754862423171e+02
1.319703570392211702e+02
1.318843511731929254e+02
1.310647352530369574e+02
1.310647352530369574e+02
1.303047540995696352e+02
1.282738500816334124e+02
1.272846472331317926e+02
1.272448101777648901e+02
1.264464102006200648e+02
1.255760595923485567e+02
1.253356627347585857e+02
1.242318925199315203e+02
1.236370029541944007e+02
1.232867498521622167e+02
1.229414902903101137e+02
1.221414221131671951e+02
1.221414221131671951e+02
1.214400298322988050e+02
1.196954743464338833e+02
1.193371500005779069e+02
1.188753865899521145e+02
1.184089279023702517e+02
1.178269526089947874e+02
1.176010296422612953e+02
1.169761148763272018e+02
1.152604958572129732e+02
1.152604958572129732e+02
1.147236013835621122e+02
1.144817939539375686e+02
1.136252136665882233e+02
1.128903801479920190e+02
1.125250882526146086e+02
1.123199454314191996e+02
1.091698160375909197e+02
1.091698160375909197e+02
1.091698160375909197e+02
1.091698160375909197e+02
1.091698160375909197e+02
1.085630325821521325e+02
1.082750009933119202e+02
1.069573577097599468e+02
1.069547384486681807e+02
1.063741199846435279e+02
1.063110487190826774e+02
1.060323963347862417e+02
1.057199949109791390e+02
1.053343324995383341e+02
1.051255059507715970e+02
1.044855519971543742e+02
1.041197491344418182e+02
1.038267646390482781e+02
1.028147063560696211e+02
1.020713549939132179e+02
1.020713549939132179e+02
1.019287639328654791e+02
1.019029282882285372e+02
1.019029282882285372e+02
1.019029282882285372e+02
1.015087545459083600e+02
1.011798969511916226e+02
1.005297897124473252e+02
1.001401855187853585e+02
1.000421558602098742e+02
1.000421558602098742e+02
9.996316723656892123e+01
9.982504597835527704e+01
9.875830049134161470e+01
9.875830049134161470e+01
9.859481714257303508e+01
9.859481714257303508e+01
9.807576806494287780e+01
9.782263962105686517e+01
9.738980669464629614e+01
9.738980669464629614e+01
9.669509622301741558e+01
9.594232971438671598e+01
9.592417484680376560e+01
9.577533830648440016e+01
9.460289893577368048e+01
9.422647718743183987e+01
9.364575348323705839e+01
9.343324278312286424e+01
9.337959514017198615e+01
9.337959514017198615e+01
9.321895463328102949e+01
9.306771753070222530e+01
9.282936878420042603e+01
9.213491666677501257e+01
9.213491666677501257e+01
9.120140994405512913e+01
9.120140994405512913e+01
9.120140994405512913e+01
9.120140994405512913e+01
9.120140994405512913e+01
9.120140994405512913e+01
9.116945353450832101e+01
9.116945353450832101e+01
9.116945353450832101e+01
9.106502707424201049e+01
9.084824494619100221e+01
9.069498232169031837e+01
9.015189768788705749e+01
9.015189768788705749e+01
8.965332457491631146e+01
8.905553156897737210e+01
8.905553156897737210e+01
8.900691084040325052e+01
8.851595532481904627e+01
8.798890815853691549e+01
8.798890815853691549e+01
8.763644328118049032e+01
8.729046637747899240e+01
8.729046637747899240e+01
8.710763349559590552e+01
8.710763349559590552e+01
8.710763349559590552e+01
8.696870077142449418e+01
8.684437458586964453e+01
8.672378937824466050e+01
8.648227862799046761e+01
8.627067852099601453e+01
8.619648559406259380e+01
8.618848138134579528e+01
8.614694409021780075e+01
8.557384225865405369e+01
8.557384225865405369e+01
8.547585967305825250e+01
8.540126552434119844e+01
8.515692535304590649e+01
8.462118037229069500e+01
8.462118037229069500e+01
8.453908360469293370e+01
8.442044389248100345e+01
8.429745178832426689e+01
8.388120730676519088e+01
8.388120730676519088e+01
8.361196871705750766e+01
8.361196871705750766e+01
8.340839384551432545e+01
8.340206683947108957e+01
8.340206683947108957e+01
8.340206683947108957e+01
8.285294020377631341e+01
8.285080862333005314e+01
8.284289448084369667e+01
8.260432626212332252e+01
8.260432626212332252e+01
8.246033841054584457e+01
8.242627593966221866e+01
8.235193313898538747e+01
8.228981472514746542e+01
8.228981472514746542e+01
8.219731795810776021e+01
8.174309186135111815e+01
8.174309186135111815e+01
8.174309186135111815e+01
8.154276819174381785e+01
8.154276819174381785e+01
8.151271203876027016e+01
8.151271203876027016e+01
8.126492352584131140e+01
8.106895173717852288e+01
8.106895173717852288e+01
8.063562659813193534e+01
8.062979422796362883e+01
8.062979422796362883e+01
8.062979422796362883e+01
8.055057556533124341e+01
8.055057556533124341e+01
8.054444023263509678e+01
8.043812449506964413e+01
8.043812449506964413e+01
8.032072406608548931e+01
8.029863205215825417e+01
8.026143409554859431e+01
7.973149173323352557e+01
7.973149173323352557e+01
7.973149173323352557e+01
7.970439453993851942e+01
7.932558033401485886e+01
7.932558033401485886e+01
7.922278874805074622e+01
7.917150484250932152e+01
7.914396633812839355e+01
7.914043075059704790e+01
7.893776610566932561e+01
7.893776610566932561e+01
7.879937353656295329e+01
7.873814636362924091e+01
7.868390030156426462e+01
7.839969439457868816e+01
7.837788834629412804e+01
7.799993258445805111e+01
7.799993258445805111e+01
7.787115510922060935e+01
7.787115510922060935e+01
7.769998615160710642e+01
7.748817802964578050e+01
7.742188000852588914e+01
7.732105994624335210e+01
7.732105994624335210e+01
7.732105994624335210e+01
7.732105994624335210e+01
7.718792290635251163e+01
7.717156543339103791e+01
7.717156543339103791e+01
7.712141597899029932e+01
7.712141597899029932e+01
7.704455711178432864e+01
7.704455711178432864e+01
7.686303967849003982e+01
7.678182897055883416e+01
7.656127228886057878e+01
7.656127228886057878e+01
7.656127228886057878e+01
7.655494597096000575e+01
7.647040105788966002e+01
7.647040105788966002e+01
7.647040105788966002e+01
7.647040105788966002e+01
7.645953840392773770e+01
7.631837119929595303e+01
7.609221755508286833e+01
7.602873256012816228e+01
7.602873256012816228e+01
7.587088859700828891e+01
7.571120774588311519e+01
7.562241713773636320e+01
7.545962253097926009e+01
7.545962253097926009e+01
7.531749541518711055e+01
7.531749541518711055e+01
7.506237149019224830e+01
7.506237149019224830e+01
7.504616563407341800e+01
7.504616563407341800e+01
7.504616563407341800e+01
7.496557511178207278e+01
7.488706817145428829e+01
7.483252950496328992e+01
7.483252950496328992e+01
7.476845054781757938e+01
7.476845054781757938e+01
7.443123477117887887e+01
7.443123477117887887e+01
7.443123477117887887e+01
7.443123477117887887e+01
7.443123477117887887e+01
7.443123477117887887e+01
7.435510359883006970e+01
7.427418030219679679e+01
7.427418030219679679e+01
7.408359330419101241e+01
7.408359330419101241e+01
7.408359330419101241e+01
7.406916563310328172e+01
7.396164534844825766e+01
7.396164534844825766e+01
7.396164534844824345e+01
7.388149387943582269e+01
7.388149387943582269e+01
7.383046041293262363e+01
7.369676134577380822e+01
7.369676134577380822e+01
7.369676134577380822e+01
7.369305706948875923e+01
7.357518182049371092e+01
7.357518182049371092e+01
7.352344510598847194e+01
7.352344510598847194e+01
7.352344510598847194e+01
7.336479334451445311e+01
7.335669375046266794e+01
7.327984554601309242e+01
7.327984554601309242e+01
7.326970967237080856e+01
7.326970967237080856e+01
7.326970967237080856e+01
7.317065271085208167e+01
7.313646417717892234e+01
7.312704957870940348e+01
7.310628083583888781e+01
7.304094746219445256e+01
7.302051551166194088e+01
7.298140000339772371e+01
7.288306497465949008e+01
7.288306497465949008e+01
7.288306497465949008e+01
7.288306497465949008e+01
7.276039855312171767e+01
7.276039855312171767e+01
7.276039855312171767e+01
7.271843486520643296e+01
7.271631641851375605e+01
7.270182255379479841e+01
7.270182255379479841e+01
7.270182255379479841e+01
7.263169134697699292e+01
7.262403025398927525e+01
7.261998907917883628e+01
7.261998907917883628e+01
7.260072219581682873e+01
7.256304110863858625e+01
7.245152878364658022e+01
7.237079275030109216e+01
7.237079275030109216e+01
7.234842682807962433e+01
7.227573991681066445e+01
7.218381328798623997e+01
7.217615334215943790e+01
7.215445974112857641e+01
7.214927626004804040e+01
7.210210200256899782e+01
7.207992685321987381e+01
7.207992685321987381e+01
7.203433597638696995e+01
7.201595195298993701e+01
7.201595195298993701e+01
7.201595195298993701e+01
7.192939532898158461e+01
7.192939532898158461e+01
7.190350202333142704e+01
7.190350202333142704e+01
7.190350202333142704e+01
7.190350202333142704e+01
7.190350202333142704e+01
7.190350202333142704e+01
7.190350202333142704e+01
7.190350202333142704e+01
7.181246400053630907e+01
7.181246400053630907e+01
7.181246400053630907e+01
7.181246400053630907e+01
7.181246400053630907e+01
7.176032656413988775e+01
7.163353821637542751e+01
7.163353821637542751e+01
7.158181209613205453e+01
7.158181209613205453e+01
7.158181209613205453e+01
7.158181209613205453e+01
7.158181209613205453e+01
7.145555115396673784e+01
7.145555115396673784e+01
7.145555115396673784e+01
7.145555115396673784e+01
7.145555115396673784e+01
7.145555115396673784e+01
7.145555115396673784e+01
7.145555115396673784e+01
7.144369506773008993e+01
7.127594703488939842e+01
7.127594703488939842e+01
7.116907167478072438e+01
7.116907167478072438e+01
7.116907167478072438e+01
7.115021876656165034e+01
7.115021876656165034e+01
7.115021876656165034e+01
7.113219464079361387e+01
7.110849555382115739e+01
7.102648676963480057e+01
7.100091127232742849e+01
7.099517233181049392e+01
7.095560498145340489e+01
7.095560498145340489e+01
7.095560498145340489e+01
7.095560498145340489e+01
7.095560498145340489e+01
7.095560498145340489e+01
7.095560498145340489e+01
7.094737282971233583e+01
7.088142019985450304e+01
7.088142019985450304e+01
7.088142019985450304e+01
7.088142019985450304e+01
7.085120266189561278e+01
7.076595597661163595e+01
7.076595597661163595e+01
7.076595597661163595e+01
7.076595597661163595e+01
7.076595597661163595e+01
7.076595597661163595e+01
7.076595597661163595e+01
7.076595597661163595e+01
7.076595597661163595e+01
7.076215720772216855e+01
7.076215720772216855e+01
7.076215720772216855e+01
7.076215720772216855e+01
7.076215720772216855e+01
7.071882795165387847e+01
7.071882795165387847e+01
7.071882795165387847e+01
7.071882795165387847e+01
7.066854858270667705e+01
7.064878996684976187e+01
7.062057634754930291e+01
7.058700203098743486e+01
7.053715792827404130e+01
7.053715792827404130e+01
7.053715792827404130e+01
7.053715792827404130e+01
7.053671469507568759e+01
7.053671469507568759e+01
7.053671469507568759e+01
7.053671469507568759e+01
7.053671469507568759e+01
7.053395582782179929e+01
7.053395582782179929e+01
7.053395582782179929e+01
7.053198718448332727e+01
7.053198718448332727e+01
7.034369969808466294e+01
7.031177790217057577e+01
7.031177790217057577e+01
7.031177790217057577e+01
7.031177790217057577e+01
7.031177790217057577e+01
7.031177790217057577e+01
7.031177790217057577e+01
7.031177790217057577e+01
7.027158351804953895e+01
7.024361914095305792e+01
7.019309868274470432e+01
7.019309868274470432e+01
7.019309868274470432e+01
7.015124651270654965e+01
7.015124651270654965e+01
7.011394681373639060e+01
7.009246819826952901e+01
7.006217050127629875e+01
7.006217050127629875e+01
7.003320620389172291e+01
7.003320620389172291e+01
7.003320620389172291e+01
7.003320620389172291e+01
6.997356833926681929e+01
6.997356833926681929e+01
6.991265163774041014e+01
6.991265163774041014e+01
6.991265163774041014e+01
6.991265163774041014e+01
6.991265163774041014e+01
6.991265163774041014e+01
6.991265163774041014e+01
6.991265163774041014e+01
6.991265163774041014e+01
6.991265163774041014e+01
6.991265163774041014e+01
6.991265163774041014e+01
6.991265163774041014e+01
6.991265163774041014e+01
6.990705564508958503e+01
6.990705564508958503e+01
6.988751906063107810e+01
6.988751906063107810e+01
6.988512619608047771e+01
6.988512619608047771e+01
6.983370315234832049e+01
6.982460007751485875e+01
6.981744190700915453e+01
6.981744190700915453e+01
6.981165803101383460e+01
6.978541034698986323e+01
6.976944136624594250e+01
6.974796055794756455e+01
6.973655450133784939e+01
6.971417657491528530e+01
6.971417657491528530e+01
6.971417657491528530e+01
6.968703149277042996e+01
6.968703149277042996e+01
6.968703149277042996e+01
6.968703149277042996e+01
6.968703149277042996e+01
6.968703149277042996e+01
6.968703149277042996e+01
6.968703149277042996e+01
6.968142554667163324e+01
6.967258462328187818e+01
6.967258462328187818e+01
6.967100034975501899e+01
6.963342946754308116e+01
6.963342946754308116e+01
6.963342946754308116e+01
6.958122976447776864e+01
6.958122976447776864e+01
6.955569860560243001e+01
6.953655699090555231e+01
6.948996623592049104e+01
6.948996623592049104e+01
6.948547980161313831e+01
6.948547980161313831e+01
6.943617472303044735e+01
6.943494282300430598e+01
6.943046158479083374e+01
6.942901985586479441e+01
6.942628459906255500e+01
6.941786953712917807e+01
6.941786953712917807e+01
6.941786953712917807e+01
6.941786953712917807e+01
6.941786953712917807e+01
6.938407250466156029e+01
6.938407250466156029e+01
6.938407250466156029e+01
6.938407250466156029e+01
6.938407250466156029e+01
6.938407250466156029e+01
6.938407250466156029e+01
6.938407250466156029e+01
6.938407250466156029e+01
6.938407250466156029e+01
6.938070819445347581e+01
6.938070819445347581e+01
6.938070819445347581e+01
6.938070819445347581e+01
6.937434435456857784e+01
6.936507044067671757e+01
6.936507044067671757e+01
6.936507044067671757e+01
6.936507044067671757e+01
6.936507044067671757e+01
6.936507044067671757e+01
6.936507044067671757e+01
6.936507044067671757e+01
6.932033398212381314e+01
6.931642099123260436e+01
6.931642099123260436e+01
6.931642099123260436e+01
6.930613358047715167e+01
6.930613358047715167e+01
6.930613358047715167e+01
6.930613358047715167e+01
6.930613358047715167e+01
6.930613358047715167e+01
6.930613358047715167e+01
6.930613358047715167e+01
6.930613358047715167e+01
6.930613358047715167e+01
6.928390156005838207e+01
6.928390156005838207e+01
6.928099553713360592e+01
6.927971061656251095e+01
6.927971061656251095e+01
6.927971061656251095e+01
6.927971061656251095e+01
6.927971061656251095e+01
6.927971061656251095e+01
6.927971061656251095e+01
6.927971061656251095e+01
