1.758698668099275331e+00
4.142970127751351983e-01
8.098213850943565273e-01
1.365548702188188024e+00
9.047354332275392430e-01
3.644031572431925547e-01
1.849728338827639484e-01
5.033908590287279328e-01
1.903433853900723616e+00
1.192450921970732214e+00
3.925427591094952096e-01
7.971009846375072261e-01
1.083311515872158903e+00
1.069440260323838032e+01
1.024140853875656898e+00
9.348801646803091003e-01
9.145135562367997517e-01
1.322816887056891932e+00
9.996526555729754460e-01
1.511893937605318872e+00
1.443054640474215278e+00
1.737574311594802356e+00
1.117992257607151707e+00
1.591300681245552406e-01
5.475032636674497244e-01
7.289961158230232741e+01
4.729172510687534858e-01
4.725262351286568241e-01
6.849845011433468756e+01
4.387289846701657448e-01
