1.293463218784228275e+01
9.949651842575349292e+00
1.293462315618000957e+01
1.094467480913186819e+01
1.790939236819792768e+01
1.293451933516536201e+01
1.293455579061509297e+01
1.989938299478927775e+01
8.954734301020209841e+00
1.492453009899963945e+01
1.492453056995464067e+01
9.949729342022124001e+00
2.288418751720678301e+01
1.691442927455858580e+01
1.293458628974042313e+01
2.089426321917534324e+01
7.959795355291760188e+00
7.959784433229458500e+00
7.959795760467045511e+00
1.094471396866180157e+01
1.691442384631699269e+01
1.492452629310298562e+01
1.591949082992829290e+01
1.591942287628393160e+01
1.094465898687889194e+01
3.084380411684696810e+01
1.691445096199657883e+01
1.989934910288809533e+01
1.293465722986741184e+01
1.193965067373596867e+01
