4.527719380522290749e+02
3.310823074301814017e+02
2.927720325014163905e+02
2.213561487881805192e+02
2.213561487881805192e+02
2.213561487881805192e+02
2.185235046669404824e+02
2.136681688682058962e+02
2.136681688682058962e+02
2.136681688682058962e+02
2.136681688682058962e+02
2.136681688682058962e+02
2.136681688682058962e+02
2.136681688682058962e+02
2.136681688682058962e+02
2.136681688682058962e+02
2.136681688682058962e+02
2.136681688682058962e+02
2.136681688682058962e+02
2.136681688682058962e+02
2.136681688682058962e+02
2.136681688682058962e+02
2.136681688682058962e+02
2.136681688682058962e+02
2.136681688682058962e+02
2.136681688682058962e+02
2.136681688682058962e+02
2.136681688682058962e+02
2.136681688682058962e+02
2.136681688682058962e+02
2.086945561563525189e+02
2.029172691962102135e+02
2.029172691962102135e+02
1.969636015679643037e+02
1.920991608164931108e+02
1.920991608164931108e+02
1.897011148671592764e+02
1.852210500591835682e+02
1.843046787300442304e+02
1.812642657206733929e+02
1.795698989506342969e+02
1.795665299023879413e+02
1.735683214800243945e+02
1.713374248507193442e+02
1.636302428713371455e+02
1.636302428713371455e+02
1.606642246361779485e+02
1.606642246361779485e+02
1.563261483744878717e+02
1.563261483744878717e+02
1.562497785917329907e+02
1.493529453182111695e+02
1.460187475366229251e+02
1.450512910547056435e+02
1.449594053657205848e+02
1.418967140841017454e+02
1.369686714349786598e+02
1.346279331471640432e+02
1.289019968285119546e+02
1.289019968285119546e+02
1.280267673513871500e+02
1.259065368983414714e+02
1.164282404707112164e+02
1.164282404707112164e+02
1.136779657660634939e+02
1.120565881879241203e+02
1.083520377646196096e+02
1.083520377646196096e+02
1.032383910729892023e+02
1.032383910729892023e+02
9.600279639644202234e+01
9.461663066210056172e+01
9.461663066210056172e+01
9.461663066210056172e+01
9.056733971900155211e+01
8.731147310144814355e+01
7.934168651956539975e+01
7.934168651956539975e+01
7.934168651956539975e+01
7.934168651956539975e+01
7.698442520646000276e+01
7.659605169630088994e+01
7.659605169630088994e+01
7.234923512132337464e+01
6.594712682965871409e+01
6.594712682965871409e+01
6.542722399527931998e+01
5.766613419560798093e+01
5.766613419560798093e+01
5.766613419560798093e+01
5.577327233987568889e+01
5.314049363447986707e+01
5.283942787270228791e+01
5.067105859564719594e+01
4.891415211093797666e+01
4.891415211093797666e+01
4.804866717084155425e+01
4.505537604941861218e+01
4.408168793612844638e+01
4.408168793612844638e+01
4.332359789591856725e+01
4.227696990365365082e+01
3.986431013280696334e+01
3.986431013280696334e+01
3.902289953049216820e+01
3.902289953049216820e+01
3.753873138762060080e+01
3.636985404263270993e+01
3.618410932834035521e+01
3.371958164425836912e+01
3.304642814113816485e+01
3.085040808629747744e+01
3.055577654065842808e+01
3.055577654065842808e+01
3.020651837416085073e+01
2.946550315346638627e+01
2.822417166728121174e+01
2.807428519072726658e+01
2.767670055746481239e+01
2.767670055746481239e+01
2.759610433022237430e+01
2.653316427130181410e+01
2.623414263557168624e+01
2.590383464173527273e+01
2.504537249954671552e+01
2.474675338112683676e+01
2.440630721290574456e+01
2.384420311668770864e+01
2.327855915976482493e+01
2.237192124791124570e+01
2.185806250862771094e+01
2.185806250862771094e+01
2.122603463513360111e+01
2.077591413797176756e+01
2.076173174628979723e+01
2.076173174628979723e+01
2.008455521724249593e+01
1.957208870800417344e+01
1.914529500830673214e+01
1.914529500830673214e+01
1.893328984679885707e+01
1.876308290504903198e+01
1.840589199133779630e+01
1.840589199133779630e+01
1.839996312343299678e+01
1.839996312343299678e+01
1.802079268938803125e+01
1.802079268938803125e+01
1.785995947089867286e+01
1.770651350841825433e+01
1.770651350841825433e+01
1.746384062247830116e+01
1.744653286225235433e+01
1.726069138274317538e+01
1.711158956446939783e+01
1.711158956446939783e+01
1.700966408502966942e+01
1.700966408502966942e+01
1.690303113886653819e+01
1.684203451257093320e+01
1.684203451257093320e+01
1.663467971271160195e+01
1.659425305689569541e+01
1.655963541851429000e+01
1.651156349154518921e+01
1.638762944526399679e+01
1.613040871551845612e+01
1.611938255850253654e+01
1.611938255850253654e+01
1.609500286242393940e+01
1.601521422415015650e+01
1.596428503197222426e+01
1.596428503197222426e+01
1.586670910630181197e+01
1.584477608986338737e+01
1.584477608986338737e+01
1.584477608986338737e+01
1.584477608986338737e+01
1.572658918530402161e+01
1.568182331674933039e+01
1.568182331674933039e+01
1.568182331674933039e+01
1.568182331674933039e+01
1.566421406525557813e+01
1.564546386839805336e+01
1.561926369467266795e+01
1.561926369467266795e+01
1.559045675773433004e+01
1.557016128960054857e+01
1.551815363674506898e+01
1.550093283715682446e+01
1.539503818363402843e+01
1.539503818363402843e+01
1.530576461950477096e+01
1.530576461950477096e+01
1.530576461950477096e+01
1.530576461950477096e+01
1.530576461950477096e+01
1.530576461950477096e+01
1.528835749859672433e+01
1.528835749859672433e+01
1.528835749859672433e+01
1.528835749859672433e+01
1.528835749859672433e+01
1.524362824661159266e+01
1.524362824661159266e+01
1.522355872796680387e+01
1.522355872796680387e+01
1.522355872796680387e+01
1.522355872796680387e+01
1.522355872796680387e+01
1.517860670032337111e+01
1.517860670032337111e+01
1.517860670032337111e+01
1.517860670032337111e+01
1.517860670032337111e+01
1.516529532193203522e+01
1.515339093279692406e+01
1.514691710254214740e+01
1.514398208708234961e+01
1.513596623193643609e+01
1.513500986792735148e+01
1.512831194190624728e+01
1.512047513411766886e+01
1.512047513411766886e+01
1.512047513411766886e+01
1.512047513411766886e+01
1.512047513411766886e+01
1.512047513411766886e+01
1.510962812867387584e+01
1.510962812867387584e+01
1.510962812867387584e+01
1.510962812867387584e+01
1.510962812867387584e+01
1.510962812867387584e+01
1.510962812867387584e+01
1.510530091970684907e+01
1.510009730723754728e+01
1.510009730723754728e+01
1.510009730723754728e+01
1.510009730723754728e+01
1.510009730723754728e+01
1.510009730723754728e+01
1.510009730723754728e+01
1.509905760586912038e+01
1.509905760586912038e+01
1.509905760586912038e+01
1.507831604429935624e+01
1.507831604429935624e+01
1.507831604429935624e+01
1.507831604429935624e+01
1.507831604429935624e+01
1.507831604429935624e+01
1.507831604429935624e+01
1.507831604429935624e+01
1.507831604429935624e+01
1.507831604429935624e+01
1.507831604429935624e+01
1.507831604429935624e+01
1.507831604429935624e+01
1.507831604429935624e+01
1.507831604429935624e+01
1.507831604429935624e+01
1.507831604429935624e+01
1.507831604429935624e+01
1.507831604429935624e+01
1.507831604429935624e+01
1.507831604429935624e+01
1.507831604429935624e+01
1.504950193742172360e+01
1.504950193742172360e+01
1.504950193742172360e+01
1.504950193742172360e+01
1.504950193742172360e+01
1.504950193742172360e+01
1.504950193742172360e+01
1.504950193742172360e+01
1.504950193742172360e+01
1.504950193742172360e+01
1.504950193742172360e+01
1.504950193742172360e+01
1.504950193742172360e+01
1.504013242997223188e+01
1.504013242997223188e+01
1.504013242997223188e+01
1.504010855986200568e+01
1.504010855986200568e+01
1.504010855986200568e+01
1.504010855986200568e+01
1.504010855986200568e+01
1.504010855986200568e+01
1.504010855986200568e+01
1.504010855986200568e+01
1.504010855986200568e+01
1.504010855986200568e+01
1.504010855986200568e+01
1.504010855986200568e+01
1.504010855986200568e+01
1.504010855986200568e+01
1.504010855986200568e+01
1.504010855986200568e+01
1.504010855986200568e+01
1.504010855986200568e+01
1.504010855986200568e+01
1.504010855986200568e+01
1.504010855986200568e+01
1.504010855986200568e+01
1.504010855986200568e+01
1.504010855986200568e+01
1.504010855986200568e+01
1.504010855986200568e+01
1.504010855986200568e+01
1.504010855986200568e+01
1.504010855986200568e+01
1.504010855986200568e+01
1.504010855986200568e+01
1.504010855986200568e+01
1.504010855986200568e+01
1.504010855986200568e+01
1.504010855986200568e+01
1.504010855986200568e+01
1.504010855986200568e+01
1.504010855986200568e+01
1.504010855986200568e+01
1.504010855986200568e+01
1.504010855986200568e+01
1.504010855986200568e+01
1.504010855986200568e+01
1.504010855986200568e+01
1.504010855986200568e+01
1.504010855986200568e+01
1.504010855986200568e+01
1.504010855986200568e+01
1.504010855986200568e+01
1.504010855986200568e+01
1.504010855986200568e+01
1.504010855986200568e+01
1.504010855986200568e+01
1.504010855986200568e+01
1.504010855986200568e+01
1.504010855986200568e+01
1.504010855986200568e+01
1.504010855986200568e+01
1.500793278366830918e+01
1.500708079158238206e+01
1.500708079158238206e+01
1.500708079158238206e+01
1.500708079158238206e+01
1.500708079158238206e+01
1.500708079158238206e+01
1.500708079158238206e+01
1.500273232637164256e+01
1.500273232637164256e+01
1.500273232637164256e+01
1.500250482746673697e+01
1.500250482746673697e+01
1.500093933099930155e+01
1.500093933099930155e+01
1.499675785575459486e+01
1.499325578309986895e+01
1.499325578309986895e+01
1.499325578309986895e+01
1.499325578309986895e+01
1.499325578309986895e+01
1.499263089370703028e+01
1.499263089370703028e+01
1.499263089370703028e+01
1.499263089370703028e+01
1.499263089370703028e+01
1.499263089370703028e+01
1.499263089370703028e+01
1.499263089370703028e+01
1.499263089370703028e+01
1.499261854236590352e+01
1.499261854236590352e+01
1.499261854236590352e+01
1.499261854236590352e+01
1.499261854236590352e+01
1.499261854236590352e+01
1.499261854236590352e+01
1.499261854236590352e+01
1.499256878990138375e+01
1.498815794586022321e+01
1.498815794586022321e+01
1.498815794586022321e+01
1.498815794586022321e+01
1.498815794586022321e+01
1.498815794586022321e+01
1.498815794586022321e+01
1.498815794586022321e+01
1.498156215444845429e+01
1.498156215444845429e+01
1.498156215444845429e+01
1.498156215444845429e+01
1.498156215444845429e+01
1.498156215444845429e+01
1.498156215444845429e+01
1.498156215444845429e+01
1.498156215444845429e+01
1.497616045213845837e+01
1.497616045213845837e+01
1.497616045213845837e+01
1.497616045213845837e+01
1.497258663066810414e+01
1.497258663066810414e+01
1.497258663066810414e+01
1.497258663066810414e+01
1.497258663066810414e+01
1.497258663066810414e+01
1.497258663066810414e+01
1.497258663066810414e+01
1.497258663066810414e+01
1.497258663066810414e+01
1.497258663066810414e+01
1.497258663066810414e+01
1.497258663066810414e+01
1.497258663066810414e+01
1.497258663066810414e+01
1.497258663066810414e+01
1.497258663066810414e+01
1.497258663066810414e+01
1.497258663066810414e+01
1.497258663066810414e+01
1.497258663066810414e+01
1.497258663066810414e+01
1.497258663066810414e+01
1.497258663066810414e+01
1.497258663066810414e+01
1.497258663066810414e+01
1.497258663066810414e+01
1.497237801561448123e+01
1.497237801561448123e+01
1.497237801561448123e+01
1.497237801561448123e+01
1.497237801561448123e+01
1.497237801561448123e+01
1.497237801561448123e+01
1.497237801561448123e+01
1.497237801561448123e+01
1.497237801561448123e+01
1.497237801561448123e+01
1.497237801561448123e+01
1.497237801561448123e+01
1.497237801561448123e+01
1.497237801561448123e+01
1.497237801561448123e+01
1.497237801561448123e+01
1.497237801561448123e+01
1.497237801561448123e+01
1.497237801561448123e+01
1.497237801561448123e+01
1.497237801561448123e+01
1.497237801561448123e+01
1.497237801561448123e+01
1.497237801561448123e+01
1.497237801561448123e+01
1.497237801561448123e+01
1.497237801561448123e+01
1.497237801561448123e+01
1.497237801561448123e+01
1.497237801561448123e+01
1.497237801561448123e+01
1.497237801561448123e+01
1.497237801561448123e+01
1.497237801561448123e+01
1.497237801561448123e+01
1.497237801561448123e+01
1.497237801561448123e+01
1.497237801561448123e+01
1.497237801561448123e+01
1.497237801561448123e+01
1.497106484207017729e+01
1.497106484207017729e+01
1.497106484207017729e+01
1.497106484207017729e+01
1.497106484207017729e+01
1.497106484207017729e+01
1.497106484207017729e+01
1.497106484207017729e+01
1.497106484207017729e+01
1.497106484207017729e+01
1.497106484207017729e+01
1.497106484207017729e+01
1.497106484207017729e+01
1.497106484207017729e+01
1.497106484207017729e+01
1.497106484207017729e+01
1.497106484207017729e+01
1.497106484207017729e+01
1.497106484207017729e+01
1.497106484207017729e+01
1.497102361953147920e+01
1.497102361953147920e+01
1.497102361953147920e+01
1.497102361953147920e+01
1.497102361953147920e+01
1.497102361953147920e+01
1.497102361953147920e+01
1.497102361953147920e+01
1.497102361953147920e+01
1.497102361953147920e+01
1.496746619234033915e+01
1.496746619234033915e+01
1.496746619234033915e+01
1.496746619234033915e+01
1.496436898882103606e+01
1.496436898882103606e+01
1.496436898882103606e+01
1.496436898882103606e+01
1.496436898882103606e+01
1.496436898882103606e+01
1.496436898882103606e+01
1.496432998696479899e+01
1.496326756153041515e+01
1.496326756153041515e+01
1.496326756153041515e+01
1.496326756153041515e+01
1.496326756153041515e+01
1.496326756153041515e+01
1.496326756153041515e+01
1.496326756153041515e+01
1.496326756153041515e+01
1.496326756153041515e+01
1.496326756153041515e+01
1.496326756153041515e+01
1.496326756153041515e+01
1.495728410427034305e+01
1.495728410427034305e+01
1.495728410427034305e+01
1.495728410427034305e+01
1.495728410427034305e+01
1.495728410427034305e+01
1.495728410427034305e+01
1.495728410427034305e+01
1.495728410427034305e+01
1.495472750730920097e+01
1.495472750730920097e+01
1.494939568026825327e+01
1.494939568026825327e+01
1.494939568026825327e+01
1.494939568026825327e+01
1.494939568026825327e+01
1.494939568026825327e+01
1.494939568026825327e+01
1.494939568026825327e+01
1.494939568026825327e+01
1.494939568026825327e+01
1.494939568026825327e+01
1.494939568026825327e+01
1.494939568026825327e+01
1.494939568026825327e+01
1.494939568026825327e+01
1.494881698987268237e+01
1.494881698987268237e+01
1.494881698987268237e+01
1.494881698987268237e+01
1.494881698987268237e+01
1.494881698987268237e+01
1.494881698987268237e+01
1.494881698987268237e+01
1.494881698987268237e+01
1.494881698987268237e+01
1.494881698987268237e+01
1.494881698987268237e+01
1.494881698987268237e+01
1.494881698987268237e+01
1.494881698987268237e+01
1.494881698987268237e+01
1.494881698987268237e+01
1.494881698987268237e+01
1.494881698987268237e+01
1.494881698987268237e+01
1.494881698987268237e+01
1.494881698987268237e+01
1.494603423987814494e+01
1.494603423987814494e+01
1.494603423987814494e+01
1.494603423987814494e+01
1.494603423987814494e+01
1.494603423987814494e+01
1.494603423987814494e+01
1.494603423987814494e+01
1.494603423987814494e+01
1.494603423987814494e+01
1.494603423987814494e+01
1.494603423987814494e+01
1.494603423987814494e+01
1.494603423987814494e+01
1.494603423987814494e+01
1.494603423987814494e+01
1.494603423987814494e+01
1.494603423987814494e+01
1.494603423987814494e+01
1.494603423987814494e+01
1.494571274896048863e+01
1.494571274896048863e+01
1.494566575806743458e+01
1.494566575806743458e+01
1.494566575806743458e+01
1.494566575806743458e+01
1.494566575806743458e+01
1.494566575806743458e+01
1.494566575806743458e+01
1.494566575806743458e+01
1.494566575806743458e+01
1.494566575806743458e+01
1.494566575806743458e+01
1.494566575806743458e+01
1.494566575806743458e+01
1.494566575806743458e+01
1.494566575806743458e+01
1.494566575806743458e+01
1.494566575806743458e+01
1.494566575806743458e+01
1.494566575806743458e+01
1.494566575806743458e+01
1.494566575806743458e+01
1.494566575806743458e+01
1.494566575806743458e+01
1.494566575806743458e+01
1.494566575806743458e+01
1.494451055731991573e+01
1.494434214199441158e+01
1.494434214199441158e+01
1.494434214199441158e+01
1.494434214199441158e+01
1.494434214199441158e+01
1.494434214199441158e+01
1.494434214199441158e+01
1.494434214199441158e+01
1.494434214199441158e+01
1.494434214199441158e+01
1.494434214199441158e+01
1.494434214199441158e+01
1.494402344244639380e+01
1.494402344244639380e+01
1.494402344244639380e+01
1.494402344244639380e+01
1.494402344244639380e+01
1.494402344244639380e+01
1.494402344244639380e+01
1.494402344244639380e+01
1.494402344244639380e+01
1.494402344244639380e+01
1.494402344244639380e+01
1.494402344244639380e+01
1.494402344244639380e+01
1.494402344244639380e+01
1.494240788573051759e+01
1.494240788573051759e+01
1.494230598562677415e+01
1.494230598562677415e+01
1.494215304016188384e+01
1.494215304016188384e+01
1.494215304016188384e+01
1.494215304016188384e+01
1.494215304016188384e+01
1.494215304016188384e+01
1.494215304016188384e+01
1.494215304016188384e+01
1.494215304016188384e+01
1.494215304016188384e+01
1.494215304016188384e+01
1.494215304016188384e+01
1.494215304016188384e+01
1.494215304016188384e+01
1.494068823632113663e+01
1.494068823632113663e+01
1.494068823632113663e+01
1.494068823632113663e+01
1.494068823632113663e+01
1.494068823632113663e+01
1.494027761548403532e+01
1.494027761548403532e+01
1.494027761548403532e+01
1.494027761548403532e+01
1.494027761548403532e+01
1.494027761548403532e+01
1.494027761548403532e+01
1.494027761548403532e+01
1.494027761548403532e+01
1.494027761548403532e+01
1.494027761548403532e+01
1.494027761548403532e+01
1.494027761548403532e+01
1.494027761548403532e+01
1.494027761548403532e+01
1.494027761548403532e+01
1.494027761548403532e+01
1.494027761548403532e+01
1.494027761548403532e+01
1.494027761548403532e+01
1.494027761548403532e+01
1.494006930007520850e+01
1.494006930007520850e+01
1.494006930007520850e+01
1.494006930007520850e+01
1.494006930007520850e+01
1.494006930007520850e+01
1.494006930007520850e+01
1.494006930007520850e+01
1.494006930007520850e+01
1.494006930007520850e+01
1.494006930007520850e+01
1.494006930007520850e+01
1.494006930007520850e+01
1.494006930007520850e+01
1.494006930007520850e+01
1.494006930007520850e+01
1.494006930007520850e+01
1.494006930007520850e+01
1.494006930007520850e+01
1.494006930007520850e+01
1.493969713756479223e+01
1.493969713756479223e+01
1.493969713756479223e+01
1.493969713756479223e+01
1.493969713756479223e+01
1.493969713756479223e+01
1.493969713756479223e+01
1.493969713756479223e+01
1.493969713756479223e+01
1.493969713756479223e+01
1.493969713756479223e+01
1.493969713756479223e+01
1.493969713756479223e+01
1.493969713756479223e+01
1.493817313533855895e+01
1.493817313533855895e+01
1.493737548357580636e+01
1.493737548357580636e+01
1.493737548357580636e+01
1.493737548357580636e+01
1.493737548357580636e+01
1.493737548357580636e+01
1.493737548357580636e+01
1.493737548357580636e+01
1.493737548357580636e+01
1.493737548357580636e+01
1.493737548357580636e+01
1.493737548357580636e+01
1.493737548357580636e+01
1.493737548357580636e+01
1.493737548357580636e+01
1.493737548357580636e+01
1.493737548357580636e+01
1.493737548357580636e+01
1.493737548357580636e+01
1.493737548357580636e+01
1.493737548357580636e+01
1.493737548357580636e+01
1.493737548357580636e+01
1.493737548357580636e+01
1.493737548357580636e+01
1.493737548357580636e+01
1.493737548357580636e+01
1.493737548357580636e+01
1.493737548357580636e+01
1.493737548357580636e+01
1.493737548357580636e+01
1.493737548357580636e+01
1.493737548357580636e+01
1.493737548357580636e+01
1.493737548357580636e+01
1.493737548357580636e+01
1.493737548357580636e+01
1.493737548357580636e+01
1.493737548357580636e+01
1.493737548357580636e+01
1.493737548357580636e+01
1.493737548357580636e+01
1.493737548357580636e+01
1.493737548357580636e+01
1.493737548357580636e+01
1.493737548357580636e+01
1.493737548357580636e+01
1.493737548357580636e+01
1.493737548357580636e+01
1.493737548357580636e+01
1.493737548357580636e+01
1.493737548357580636e+01
1.493737548357580636e+01
1.493737548357580636e+01
1.493737548357580636e+01
1.493737548357580636e+01
1.493737548357580636e+01
1.493737548357580636e+01
1.493737548357580636e+01
1.493737548357580636e+01
1.493737548357580636e+01
1.493737548357580636e+01
1.493737548357580636e+01
1.493737548357580636e+01
1.493737548357580636e+01
1.493737548357580636e+01
1.493737548357580636e+01
1.493737548357580636e+01
1.493737548357580636e+01
1.493737548357580636e+01
1.493737548357580636e+01
1.493737548357580636e+01
1.493737548357580636e+01
1.493737548357580636e+01
1.493737548357580636e+01
1.493737548357580636e+01
1.493737548357580636e+01
1.493737548357580636e+01
1.493737548357580636e+01
1.493737548357580636e+01
1.493737548357580636e+01
1.493737548357580636e+01
1.493737548357580636e+01
1.493737548357580636e+01
1.493737548357580636e+01
1.493737548357580636e+01
1.493733578623817948e+01
1.493733578623817948e+01
1.493733578623817948e+01
1.493733578623817948e+01
1.493733578623817948e+01
1.493733578623817948e+01
1.493733578623817948e+01
1.493733578623817948e+01
1.493733578623817948e+01
1.493733578623817948e+01
1.493733578623817948e+01
1.493733578623817948e+01
1.493733578623817948e+01
1.493733578623817948e+01
1.493733578623817948e+01
1.493733578623817948e+01
1.493733578623817948e+01
1.493733578623817948e+01
1.493733578623817948e+01
1.493733578623817948e+01
1.493733578623817948e+01
1.493733578623817948e+01
1.493733578623817948e+01
1.493733578623817948e+01
1.493733578623817948e+01
1.493733578623817948e+01
1.493733578623817948e+01
1.493483258331696106e+01
1.493483258331696106e+01
1.493483258331696106e+01
1.493483258331696106e+01
1.493483258331696106e+01
1.493483258331696106e+01
1.493483258331696106e+01
1.493483258331696106e+01
1.493483258331696106e+01
1.493483258331696106e+01
1.493483258331696106e+01
1.493483258331696106e+01
1.493483258331696106e+01
1.493483258331696106e+01
1.493483258331696106e+01
1.493481433702726235e+01
1.493481433702726235e+01
1.493481433702726235e+01
1.493481433702726235e+01
1.493481433702726235e+01
1.493481433702726235e+01
1.493481433702726235e+01
1.493407692781181595e+01
1.493407692781181595e+01
1.493407273516044143e+01
1.493407273516044143e+01
1.493407273516044143e+01
1.493407273516044143e+01
1.493407273516044143e+01
1.493407273516044143e+01
1.493407273516044143e+01
1.493407273516044143e+01
1.493407273516044143e+01
1.493407273516044143e+01
1.493407273516044143e+01
1.493407273516044143e+01
1.493407273516044143e+01
1.493407273516044143e+01
1.493407273516044143e+01
1.493407273516044143e+01
1.493407273516044143e+01
1.493407273516044143e+01
1.493407273516044143e+01
1.493407273516044143e+01
1.493407273516044143e+01
1.493407273516044143e+01
1.493407273516044143e+01
1.493407273516044143e+01
1.493407273516044143e+01
1.493407273516044143e+01
1.493407273516044143e+01
1.493407273516044143e+01
1.493396873100471112e+01
1.493396873100471112e+01
1.493396873100471112e+01
1.493396873100471112e+01
1.493065575640923726e+01
1.493065575640923726e+01
1.493065575640923726e+01
1.493065575640923726e+01
1.493065575640923726e+01
1.493065575640923726e+01
1.493065575640923726e+01
1.493065575640923726e+01
1.493065575640923726e+01
1.493065575640923726e+01
1.493065575640923726e+01
1.493065575640923726e+01
1.493065575640923726e+01
1.493065575640923726e+01
1.493065575640923726e+01
1.493065575640923726e+01
1.493065575640923726e+01
1.493065575640923726e+01
1.493065575640923726e+01
1.493065575640923726e+01
1.493065575640923726e+01
1.493065575640923726e+01
1.493065575640923726e+01
1.493065575640923726e+01
1.493065575640923726e+01
1.493065575640923726e+01
1.493065575640923726e+01
1.493065575640923726e+01
1.493065575640923726e+01
1.493065575640923726e+01
1.493065575640923726e+01
1.493065575640923726e+01
1.493065575640923726e+01
1.493065575640923726e+01
1.493065575640923726e+01
1.493065575640923726e+01
1.493065575640923726e+01
1.493065575640923726e+01
1.493055384136357588e+01
1.493055384136357588e+01
1.493055384136357588e+01
1.493055384136357588e+01
1.493055384136357588e+01
1.493055384136357588e+01
1.493055384136357588e+01
1.493055384136357588e+01
1.493055384136357588e+01
1.493055384136357588e+01
1.493055384136357588e+01
1.493055384136357588e+01
1.493055384136357588e+01
1.493055384136357588e+01
1.493055384136357588e+01
1.493055384136357588e+01
1.493055384136357588e+01
1.493049828335921347e+01
1.493049828335921347e+01
1.493049828335921347e+01
1.493049828335921347e+01
1.493049828335921347e+01
1.493049828335921347e+01
1.493049828335921347e+01
1.493049828335921347e+01
1.493049828335921347e+01
1.493049828335921347e+01
1.493049828335921347e+01
1.493049828335921347e+01
1.493049828335921347e+01
1.493049828335921347e+01
1.493049828335921347e+01
1.493049828335921347e+01
1.493049828335921347e+01
1.493049828335921347e+01
1.493049828335921347e+01
1.493049828335921347e+01
1.493049828335921347e+01
1.493049828335921347e+01
1.493049828335921347e+01
1.493049828335921347e+01
1.493049828335921347e+01
1.493049828335921347e+01
1.493049828335921347e+01
1.493049828335921347e+01
1.493049828335921347e+01
1.493049828335921347e+01
1.493049828335921347e+01
1.493046472720743623e+01
1.492975276213303459e+01
1.492975276213303459e+01
1.492975276213303459e+01
1.492975276213303459e+01
1.492975276213303459e+01
1.492975276213303459e+01
1.492975276213303459e+01
1.492975276213303459e+01
1.492975276213303459e+01
1.492975276213303459e+01
1.492975276213303459e+01
1.492975276213303459e+01
1.492975276213303459e+01
1.492975276213303459e+01
1.492975276213303459e+01
