-9.950009714202096012e-01
-6.818344538011732658e-04
-1.309999447627789061e-03
1.741955643764450060e-03
9.953359570986335392e-01
9.947041172739286008e-01
5.350377740004339834e-04
-7.120800522561849470e-05
-1.346210739072446066e-04
9.812147940587300117e-04
-9.957503887388930996e-01
-1.008544357059019394e-03
1.003365326081821036e-03
-1.043125921283880996e-03
-1.990235478509339462e+00
-9.956685235493328845e-01
9.957186433160216676e-01
6.924967886801586345e-04
9.955676437006253376e-01
9.395452472803384218e-04
3.809419572762984697e-04
5.152593301166369421e-04
2.749396023568693309e-05
9.939201864210572834e-01
9.940439086030066207e-01
6.627453677782194031e-04
-9.966757990589497629e-01
9.949840769968669729e-01
-1.645047348453554598e-03
-2.303304282255106816e-03
