9.819435343470208633e-01
9.624584128460624832e-01
9.124726453573726026e-01
8.191037038992864394e-01
6.480924849770054452e-01
3.929065293073095710e-01
9.025883309689827771e-02
-3.960784567607526507e-01
6.867614633015658443e-01
8.513352575016749357e-01
9.299086786040141606e-01
9.695618152835673298e-01
9.840546599312460785e-01
9.924311193033701350e-01
9.965460831096212280e-01
1.003856199243317038e+00
1.008571257783240638e+00
1.014606054774448873e+00
1.012999908112094172e+00
1.012058688483130631e+00
1.009962494887565176e+00
1.007539674629026383e+00
1.012864278188744915e+00
1.016155636319085342e+00
1.037905921223508887e+00
1.073145522383343708e+00
1.153838454003295322e+00
1.332974306266525133e+00
1.773824810688467979e+00
3.137215956596822064e+00
