1.271904482876360416e+06
4.781154262906995136e+05
2.231310520321120566e+05
1.114873083514861355e+05
6.353119338102984329e+04
4.783457825611736916e+04
4.050109795480138564e+04
3.650799242997785768e+04
3.497896970123742358e+04
3.383261503811712464e+04
3.334607730857923161e+04
3.280434639250181499e+04
3.229124898856315485e+04
3.194375626937163543e+04
3.164055600106577185e+04
3.141870494019054240e+04
3.116464020616927883e+04
3.090801927579199764e+04
3.050585727534579200e+04
3.016091305648861089e+04
2.986030220022260619e+04
2.950493986555143056e+04
2.918482792777589566e+04
2.892806069228206616e+04
2.859382339689046785e+04
2.828415596455708874e+04
2.803235421476660122e+04
2.769659953756581308e+04
2.745755862857258398e+04
2.710789062331389505e+04
2.683637573134705963e+04
2.662474041024483813e+04
2.625780132410240185e+04
2.604665444218675839e+04
2.588330397090348561e+04
2.559447509751910547e+04
2.536934240110984683e+04
2.515792799763461881e+04
2.493559483674908915e+04
2.467380201036399376e+04
2.446593320862820474e+04
2.420710188483259844e+04
2.392688378982940776e+04
2.363707330686777277e+04
2.353491192217524440e+04
2.335425835362723956e+04
2.315370101627298573e+04
2.292525643193709766e+04
2.266330416392918414e+04
2.248380835648654102e+04
2.222186465682968992e+04
2.201027179047226309e+04
2.175522135442110084e+04
2.160816234276511386e+04
2.151027937302447754e+04
2.127280000180228672e+04
2.108855821201538492e+04
2.086592905861393228e+04
2.071056419087273389e+04
2.045492792574919440e+04
2.026327248243101712e+04
2.003948048266729893e+04
1.987636691598941979e+04
1.970319260225825201e+04
1.952963675762649291e+04
1.925425811939882624e+04
1.906783725127599246e+04
1.892359953868793309e+04
1.872259625260103712e+04
1.858913133357086554e+04
1.837561866883792027e+04
1.817070748764738892e+04
1.798690576443927057e+04
1.778993038065929068e+04
1.753110810199248226e+04
1.737985022467012095e+04
1.721842232704751223e+04
1.706805103043846248e+04
1.693100465872849236e+04
1.672530738362086049e+04
1.656804796598468965e+04
1.642050693899697580e+04
1.633741670845725639e+04
1.615177982449996671e+04
1.594388545871602037e+04
1.582838352775677413e+04
1.562971263965170147e+04
1.550375293424389201e+04
1.535718173792529524e+04
1.514175584967260147e+04
1.490748413315849939e+04
1.479656925072447848e+04
1.460629977334718933e+04
1.449138193801049420e+04
1.432175702327707404e+04
1.418376700306824750e+04
1.403523906601686940e+04
1.391806014492976465e+04
1.376380169077386927e+04
1.359380299780806672e+04
1.349489303885607660e+04
1.334675433560793499e+04
1.321398154474052717e+04
1.304092684469179403e+04
1.295186524501900385e+04
1.279944840628516249e+04
1.264968992142056231e+04
1.253763095026928386e+04
1.241972228469429501e+04
1.228539913270636316e+04
1.213893713071473576e+04
1.203734471034946182e+04
1.189376844291423367e+04
1.179980377468647930e+04
1.165553793778844192e+04
1.154974034780171496e+04
1.137945096168373311e+04
1.124130463626568599e+04
1.111147634300392747e+04
1.104701600742768824e+04
1.091208535021125499e+04
1.080256681050857151e+04
1.067774514556108079e+04
1.056022598136891793e+04
1.045080540247966564e+04
1.036643040383312291e+04
1.026162063432416289e+04
1.013880086258092160e+04
1.002776721841907965e+04
9.891934372758498284e+03
9.831468155463684525e+03
9.753448054539099758e+03
9.629236446105318464e+03
9.520987293715648775e+03
9.400289561948386108e+03
9.328347244363458231e+03
9.216638733199335547e+03
9.123643084317260218e+03
9.010258539387745259e+03
8.847356249348367783e+03
8.810017419316865926e+03
8.727697855021160649e+03
8.619528831144152718e+03
8.517598806699485067e+03
8.421340364320549270e+03
8.315603567158268561e+03
8.222997786790521786e+03
8.149352964407337822e+03
8.074288741713366107e+03
8.000770755794792422e+03
7.909945706700893425e+03
7.831464108099567966e+03
7.726051652955794452e+03
7.666650874711375764e+03
7.568576203735167837e+03
7.449404466240420334e+03
7.361258263718934359e+03
7.297086125107869520e+03
7.210339374550439970e+03
7.112067284201230905e+03
7.037608435456409097e+03
6.966503267325303568e+03
6.891269525143274223e+03
6.814265292214779038e+03
6.763249816347987689e+03
6.681610957478171258e+03
6.590030446303239842e+03
6.519395529614525003e+03
6.440331200879413700e+03
6.354636003529518348e+03
6.287411382642458193e+03
6.203606985509720289e+03
6.123832831904046543e+03
6.051551478731043971e+03
6.009820431491951240e+03
5.919626137347785516e+03
5.834003065755385251e+03
5.772439086425943970e+03
5.700459772681162576e+03
5.635651766202866384e+03
5.564200962731740219e+03
5.496082273511303356e+03
5.439366372389757998e+03
5.354654367108230872e+03
5.284100663429324413e+03
5.224804918348635510e+03
5.164789428132674402e+03
5.097502622983040055e+03
5.028798154381659515e+03
4.975402839046607369e+03
4.922748388628557223e+03
4.872027034808545068e+03
4.837478854090970344e+03
4.775816358376774588e+03
4.713664942825373146e+03
4.652398340887708400e+03
4.564852011241569926e+03
4.525195661603082044e+03
4.474108624856273309e+03
4.426175952503243934e+03
4.369846989131819100e+03
4.328957229479402486e+03
4.269898489945326219e+03
4.210393626835344548e+03
4.160967577069274739e+03
4.100599436598553439e+03
4.035342969091012037e+03
3.982441096283194838e+03
3.941346090825618376e+03
3.898972913471030097e+03
3.841269391173312670e+03
3.794393825969121281e+03
3.745840666918852094e+03
3.692537856885757265e+03
3.647466341082154031e+03
3.608333489303613987e+03
3.553248784698749660e+03
3.516657329020083125e+03
3.466531405168881975e+03
3.426097748600984687e+03
3.377850221430758666e+03
3.321657720282839819e+03
3.282035304062586874e+03
3.231957795579336562e+03
3.180828877932246996e+03
3.148527423578610978e+03
3.112860035030642393e+03
3.080382158982834881e+03
3.035824275771534758e+03
3.002130327211726126e+03
2.958720600809289408e+03
2.913984157789211622e+03
2.875784795923193542e+03
2.837964079846361528e+03
2.794396852883478914e+03
2.754213086667992684e+03
2.711299509583174768e+03
2.667549942262841796e+03
2.639184088274407259e+03
2.606060640924163181e+03
2.569297879008179279e+03
2.533430932851850230e+03
2.501002976545249112e+03
2.464752759217532457e+03
2.416654782239699216e+03
2.381308707165089345e+03
2.350242213987635751e+03
2.314653801075619413e+03
2.287944242952407876e+03
2.259130528622251404e+03
2.232585884853099742e+03
2.197602032789312943e+03
2.164090031865631317e+03
2.130499434060074236e+03
2.096837103661383480e+03
2.071297050937640051e+03
2.042927515910285138e+03
2.011874192982559862e+03
1.985378593189939465e+03
1.955505135191251384e+03
1.938980298810649401e+03
1.897704414611842594e+03
1.868523758069269434e+03
1.843744056277112577e+03
1.808909301778642202e+03
1.781204525049694666e+03
1.758083460849687071e+03
1.737279930536157281e+03
1.711639165883178748e+03
1.690703692936353264e+03
1.660746170938918340e+03
1.640327490036302152e+03
1.611403751415563420e+03
1.582423869174455604e+03
1.567071835560964246e+03
1.542763933359203065e+03
1.517928633747936146e+03
1.497709042703522755e+03
1.478680866568594638e+03
1.455468601170642387e+03
1.426422475553797540e+03
1.405661607967090504e+03
1.385269752194061311e+03
1.370906449295350740e+03
1.344431022140489631e+03
1.319867388446861696e+03
1.306862370954587959e+03
1.283992381591899857e+03
1.261450713551163062e+03
1.245153130466054108e+03
1.224794870309806583e+03
1.201519244689659672e+03
1.185216764333411447e+03
1.169437414853584869e+03
1.153366348090591146e+03
1.130057201520805847e+03
1.115301560466049295e+03
1.101106702106089415e+03
1.077287028904885801e+03
1.062394833794081705e+03
1.044729285393442069e+03
1.030516290649881739e+03
1.011553138016827347e+03
9.964333624412666950e+02
9.791222461886172823e+02
9.639302922467951475e+02
9.511569640524418219e+02
9.396522823077522162e+02
9.247055802680177976e+02
9.110668149486344873e+02
8.888161070320996942e+02
8.768102996219366787e+02
8.587580990545924351e+02
8.480326552994852136e+02
8.332947153571916488e+02
8.154293654748139488e+02
8.067342907139534418e+02
7.935584080862159908e+02
7.766116983014848074e+02
7.640146946346628738e+02
7.515321446964200049e+02
7.398264392724947811e+02
7.288001905683372570e+02
7.169937319517729293e+02
7.048340105852132638e+02
6.920104347350509215e+02
6.811654740748890617e+02
6.664893507511402504e+02
6.578099552335158933e+02
6.473135976545820540e+02
6.351047672099762167e+02
6.199251119231483926e+02
6.114000771482216123e+02
6.015714518140914606e+02
5.916616898429873572e+02
5.796764136024629579e+02
5.740684645326307418e+02
5.633716922001709690e+02
5.539319990029937344e+02
5.468889831979915925e+02
5.377221822827691540e+02
5.265891048852067797e+02
5.166019152905615783e+02
5.050648653853972405e+02
4.971021735357257398e+02
4.886875164910635476e+02
4.797148614541282541e+02
4.693887244724045331e+02
4.607201910825530149e+02
4.532471029402495333e+02
4.469098830723684728e+02
4.397902061468648753e+02
4.300754381521795153e+02
4.251085637639965285e+02
4.181541697702307374e+02
4.103089988156983736e+02
4.038803996678877297e+02
3.973049856788519492e+02
3.907450119544999438e+02
3.817827660972856165e+02
3.734317910437284809e+02
3.675396670020709280e+02
3.610105681105882240e+02
3.554423086760865544e+02
3.511654037739240835e+02
3.434815494760799766e+02
3.373830389620999881e+02
3.305779516710215944e+02
3.240290310966868219e+02
3.180407286805328226e+02
3.134004288160952569e+02
3.076959858272882684e+02
3.020502457395659235e+02
2.972224480003660005e+02
2.934572179312897333e+02
2.840489922705284016e+02
2.798554979449839948e+02
2.740545004823926547e+02
2.688332034969640176e+02
2.652085821295974029e+02
2.606253634242114572e+02
2.563664057419324536e+02
2.519677973806899729e+02
2.473512759034644546e+02
2.436917916193930296e+02
2.396801101964986742e+02
2.351004791981576432e+02
2.307091705315277181e+02
2.283640800319815014e+02
2.240712943530654400e+02
2.189341549089381544e+02
2.153755810031003932e+02
2.117668583296661495e+02
2.092457006440984344e+02
2.056416197909561845e+02
2.015372926971856771e+02
1.980799362412425353e+02
1.955128591321048361e+02
1.921065444448240953e+02
1.893480989788893964e+02
1.858392499459769454e+02
1.833934696215383440e+02
1.800536694694328617e+02
1.757016359103535308e+02
1.730718681746569985e+02
1.691495091444534751e+02
1.656769565655246765e+02
1.627955993450401309e+02
1.603326128063119427e+02
1.576423035159035919e+02
1.553200270691361027e+02
1.527896326097693702e+02
1.499055527071285780e+02
1.470762026737921815e+02
1.440410155587266559e+02
1.421174659275145302e+02
1.404758176073220000e+02
1.388171144911034673e+02
1.364622801543642936e+02
1.344535184529774483e+02
1.321965812242470690e+02
1.299234278015992743e+02
1.272273068936487164e+02
1.251694967931196771e+02
1.227541037622713276e+02
1.209453833799672964e+02
1.186728613004585071e+02
1.171372927223316935e+02
1.149761785008190884e+02
1.134230904251195540e+02
1.117271577001520910e+02
1.103222403709457780e+02
1.084698219139481381e+02
1.072485681805964362e+02
1.052422002031509152e+02
1.035773659149795094e+02
1.018508559661615891e+02
1.002768155389950522e+02
9.865870602136024559e+01
9.698514573008689865e+01
9.587464557532300091e+01
9.402201149796243840e+01
9.302281515735030837e+01
9.171900523691068940e+01
9.061327024886448100e+01
8.896600179003033304e+01
8.798878827892401944e+01
8.646682838824325756e+01
8.528281942986178876e+01
8.411697361103260562e+01
8.301681924916509558e+01
8.240202473124240612e+01
8.127526657375503305e+01
8.012080796304161368e+01
7.918164322843520608e+01
7.828685019183804172e+01
7.717365210943776788e+01
7.621676255849629911e+01
7.503276157275858793e+01
7.404835406746315130e+01
7.328526796831110346e+01
7.192915603459076124e+01
7.114112429653187064e+01
7.040782559098573756e+01
6.982931347838726310e+01
6.915681753948844346e+01
6.822548429798260372e+01
6.747925272997539992e+01
6.670391251803992816e+01
6.613466640944939456e+01
6.520598785042108148e+01
6.426589967499316458e+01
6.309902809670094115e+01
6.246297904317883365e+01
6.174258049050224173e+01
6.087254687310100820e+01
6.040066515184962981e+01
5.973302315837599963e+01
5.912648846075456532e+01
5.825017538801532169e+01
5.741710685407779380e+01
5.696320969077961394e+01
5.647071318170470988e+01
5.588721764482880161e+01
5.520975684859438815e+01
5.444020524190804622e+01
5.368900374578986856e+01
5.328502911914922890e+01
5.262393161871908376e+01
5.198676088916800353e+01
5.144699465627494561e+01
5.109638525119205354e+01
5.045106026410205402e+01
4.983020514355645503e+01
4.915709315219166342e+01
4.869605456585589565e+01
4.827663084514153979e+01
4.787725674377066554e+01
4.715446173375904237e+01
4.676733603158161401e+01
4.636934680938902176e+01
4.588057992296110399e+01
4.528138972724319444e+01
4.462162301348173798e+01
4.433591373432201266e+01
4.387905123140919983e+01
4.286598282012219840e+01
4.254028653478696498e+01
4.208154870208743858e+01
4.181091815016937119e+01
4.150191581362314963e+01
4.105338390455672481e+01
4.036034699086685862e+01
4.014410344697900968e+01
3.981606569130878626e+01
3.923776032611310427e+01
3.895294908408614987e+01
3.864207135646225311e+01
3.817163321202433224e+01
3.768467366455486456e+01
3.744912557788553897e+01
3.713615370150635187e+01
3.681603638331137773e+01
3.640388666302071385e+01
3.602910399025718391e+01
3.576209515838148434e+01
3.555610747310640107e+01
3.529128458899739940e+01
3.493535170206353513e+01
3.467328946562300018e+01
3.431284020737180640e+01
3.398111807397276607e+01
3.361990318758425644e+01
3.333653842641844278e+01
3.302203394714697282e+01
3.265157881165004738e+01
3.233911889063183764e+01
3.208495729187669099e+01
3.183353062175349635e+01
3.161419651771653605e+01
3.138444292148379233e+01
3.115954891761434098e+01
3.097524446621708449e+01
3.075661978127351048e+01
3.058046558764731415e+01
3.039079209729795394e+01
3.015303835381187980e+01
2.961611240095603392e+01
2.937634782428471780e+01
2.923853054073158120e+01
2.906657180389540684e+01
2.887380498107568272e+01
2.857611866306445236e+01
2.841596229325626410e+01
2.817155671143701667e+01
2.800519071330444376e+01
2.778717019438537150e+01
2.763042501668748585e+01
2.735479616372330369e+01
2.710337662497210331e+01
2.692528606580420458e+01
2.666080236879739829e+01
2.647669774648334240e+01
2.630004380744975379e+01
2.603491557443434701e+01
2.588822339427624897e+01
2.577314931004150722e+01
2.566469371889217399e+01
2.546096919139702308e+01
2.517648476452790263e+01
2.502033632051504952e+01
2.477517835217525999e+01
2.462438979363530933e+01
2.446367375213834805e+01
2.422434261365317809e+01
2.397296825903737272e+01
2.384919501899940286e+01
2.351347993983269902e+01
2.339316865318023630e+01
2.324674628574439694e+01
2.299037359227360611e+01
2.280170941233730986e+01
2.270448880161000105e+01
2.246799487618674007e+01
2.235057878920586916e+01
2.227389113533768850e+01
2.211015632287075050e+01
2.190960151842307013e+01
2.175048668855547263e+01
2.159276256255816762e+01
2.147678935455487803e+01
2.132458052948384264e+01
2.122379763892529070e+01
2.099419741415724872e+01
2.090528775763498004e+01
2.079974249157292476e+01
2.071680129150108485e+01
2.043800158640848252e+01
2.029470848656557891e+01
2.017655559285406142e+01
1.999917124786562184e+01
1.991879014975349804e+01
1.983807340732418467e+01
1.972547874307911897e+01
1.955302126373673488e+01
1.937652355340621213e+01
1.929366070024859425e+01
1.913972468803198979e+01
1.904170615605687900e+01
1.897281118285283341e+01
1.886778321399525993e+01
1.878530870315750079e+01
1.857661644822366753e+01
1.840452199857609017e+01
1.833596702989608218e+01
1.824873074549134344e+01
1.817549406326070738e+01
1.807392071049811832e+01
1.800679175455567460e+01
1.791321709873238177e+01
1.785848745856361575e+01
1.775259498914071443e+01
1.758047830960304481e+01
1.730329924427735833e+01
1.718740325027326676e+01
1.714015958695566511e+01
1.709338599284694027e+01
1.702104351262591919e+01
1.697564710587219494e+01
1.681299550244505880e+01
1.676879455954771814e+01
1.668340534903881434e+01
1.649888216407562425e+01
1.638601471804654253e+01
1.633135463365447748e+01
1.624133538593171266e+01
1.618980846999391687e+01
1.613642876735533704e+01
1.584749039245724767e+01
1.578637435968044223e+01
1.562485708352341263e+01
1.547981787965277256e+01
1.540644600411939891e+01
1.533053753176332812e+01
1.523126810016964150e+01
1.519810035463705766e+01
1.510987368257312013e+01
1.507422625897178747e+01
1.504432079826316127e+01
1.497617728566226347e+01
1.492669719915045334e+01
1.482121487562241491e+01
1.476763927048408043e+01
1.472129486586578828e+01
1.461376101661325677e+01
1.455114576237335910e+01
1.447906364368472332e+01
1.440547023324493736e+01
1.429998361082851588e+01
1.418265108110316675e+01
1.413977052061142636e+01
1.409804190667989587e+01
1.404859858133381678e+01
1.400092733700912184e+01
1.388552524752340211e+01
1.386007076916190606e+01
1.377209398753531566e+01
1.372981066072903644e+01
1.370168555704962010e+01
1.366309986798819587e+01
1.362737421515091540e+01
1.353285459629195309e+01
1.350050303960590092e+01
1.340849012049449307e+01
1.337330781382057587e+01
1.332960340532804011e+01
1.327995316282803273e+01
1.325240761697599901e+01
1.323147432337140295e+01
1.319035906565230221e+01
1.313346955144427142e+01
1.308564945495744958e+01
1.306075471775324637e+01
1.299108420969734290e+01
1.281185154058512765e+01
1.272695678928150365e+01
1.269123770533516549e+01
1.246969417940200664e+01
1.243028377744285962e+01
1.236626163409233747e+01
1.233277659946240234e+01
1.230281662628058648e+01
1.227586866627508222e+01
1.225324824419029390e+01
1.222369762292221118e+01
1.220024106503547046e+01
1.209714218381302864e+01
1.208093766210209097e+01
1.203003111807328906e+01
1.198003385744122973e+01
1.194381310151016784e+01
1.189846151028893040e+01
1.186228270890878989e+01
1.180145293834289966e+01
1.176825319769398703e+01
1.175527238564587051e+01
1.172831727785717426e+01
1.169215733414476155e+01
1.165833732858272498e+01
1.164723815674148000e+01
1.154113500085865063e+01
1.152199820247503759e+01
1.151114268358788806e+01
1.148392768208098325e+01
1.144648615910445777e+01
1.138533336631823722e+01
1.131281305608894883e+01
1.127803819220970105e+01
1.120805946252715302e+01
1.119090570309389143e+01
1.116983348861813496e+01
1.114707490925344402e+01
1.110853565412754662e+01
1.107397610158328050e+01
1.105019367407951236e+01
1.097541229682651576e+01
1.096480341599154507e+01
1.095790395320606869e+01
1.089010994532943855e+01
1.085144427819179569e+01
1.081859710602772218e+01
1.079890420778149185e+01
1.076479349083794546e+01
1.074765908400302550e+01
1.069600793124512350e+01
1.066004073585050271e+01
1.063865949568460678e+01
1.060675276855479510e+01
1.059042542080880445e+01
1.056979178598082214e+01
1.051261920355853441e+01
1.050244283650526178e+01
1.046986001412000000e+01
1.043362254098290265e+01
1.041883644545137777e+01
1.039216292912367479e+01
1.038263419277760669e+01
1.031811193686756134e+01
1.029475069042775104e+01
1.028113672449841687e+01
1.026659834738104138e+01
1.024558408160165079e+01
1.023799570258282898e+01
1.022347196964341975e+01
1.019926267365877948e+01
1.018515564728887313e+01
1.018083708727365710e+01
1.012860831655154747e+01
1.007373169623587117e+01
1.005528180565549512e+01
1.002713055547403620e+01
1.001536523276806179e+01
9.970104227715181011e+00
9.951073230002579706e+00
9.946277531179315901e+00
9.930184741983742569e+00
9.909785980643848191e+00
9.896487208931798563e+00
9.887255828257158541e+00
9.856473788185732943e+00
9.840302611888716910e+00
9.821720087573998725e+00
9.802658973049993563e+00
9.720804598152636089e+00
9.711209326098172667e+00
9.702186745676460333e+00
9.686629461170793931e+00
9.676036091234070824e+00
9.650130219684287525e+00
9.645144300378879265e+00
9.638974798504600372e+00
9.609441901773481121e+00
9.587231871914843495e+00
9.576360804852066977e+00
9.560892590320378304e+00
9.536533489276832753e+00
9.520251507540770319e+00
9.505385901791283842e+00
9.446734490901071979e+00
9.429172020304124047e+00
9.420982388719576051e+00
9.407641142880040164e+00
9.405008581881572738e+00
9.397839830015302098e+00
9.387172052961343383e+00
9.384326176378237960e+00
9.370848894801859785e+00
9.347567630813639283e+00
9.339185084338401666e+00
9.323351038045688099e+00
9.308791377919135357e+00
9.300555496184321314e+00
9.288462774771284458e+00
9.280965208733233496e+00
9.262146129354359658e+00
9.238805281851766082e+00
9.225797301909880233e+00
9.214583827625439483e+00
9.200568906500551591e+00
9.186356856366403534e+00
9.178976201934972323e+00
9.170596373624624320e+00
9.158256368478914666e+00
9.102163512544352741e+00
9.099789701009408205e+00
9.089924916049559656e+00
9.085827043201595288e+00
9.077647675714777264e+00
9.057630620188870552e+00
8.993708301036880570e+00
8.984977067264653172e+00
8.973219349558172908e+00
8.970280458468721463e+00
8.965340846127276109e+00
8.959527003939962597e+00
8.957417016440775370e+00
8.953001876458909436e+00
8.936835933840788115e+00
8.919741516001732151e+00
8.877110552023037116e+00
8.872416622606573711e+00
8.865176088023057233e+00
8.838672267648819414e+00
8.775439288795210402e+00
8.758426903172855660e+00
8.746088699753444828e+00
8.724546740849413951e+00
8.706931291694449015e+00
8.696049335515681378e+00
8.689760709451407550e+00
8.686352381699839142e+00
8.676018056822432101e+00
8.672251827806679358e+00
8.660275335666309360e+00
8.586512975374978041e+00
8.575246576525261233e+00
8.568143604264280455e+00
8.557117922619250194e+00
8.507476023364041851e+00
8.494818604251495486e+00
8.483179300591441319e+00
8.430527592967267836e+00
8.392769812481683189e+00
8.380582874065716226e+00
8.376694234938403483e+00
8.354230042777279763e+00
8.326625509333201336e+00
8.320151134276509097e+00
8.312442196662154004e+00
8.307067744828451339e+00
8.305249204451548906e+00
8.297198597349646931e+00
8.288922134119822260e+00
8.242055776655407229e+00
8.230706066793585407e+00
8.226025198503945646e+00
8.194901622975528710e+00
8.124385406590649339e+00
8.122035526438798669e+00
8.110298869207184680e+00
8.108662270857678322e+00
8.106552703493834500e+00
8.100219288255676275e+00
8.092663793140745909e+00
8.086781157881613780e+00
8.082700885597468243e+00
8.078662771130208142e+00
8.048054349768026583e+00
8.045439709984199439e+00
8.042948832650427704e+00
8.027705629019802558e+00
8.017276676880573660e+00
8.009062522324869704e+00
7.995129972575415245e+00
7.884705967812010385e+00
7.883456477370673454e+00
7.881892073867612147e+00
7.868964399478298510e+00
7.863167261018031873e+00
7.861425512540083815e+00
7.858384023751470160e+00
7.854453230096921423e+00
7.849728487758533824e+00
7.834883341361267739e+00
7.832404767724026051e+00
7.828413765358968490e+00
7.818842652274494931e+00
7.814203382721211177e+00
7.803469441328143574e+00
7.789237773322625458e+00
7.781934208150792287e+00
7.764611528886641523e+00
7.728478034804584951e+00
7.723682181389021295e+00
7.720637457416750671e+00
7.716722664670991882e+00
7.544134206981715884e+00
7.540459308262754234e+00
7.540119925710097704e+00
7.539083993199096945e+00
7.536738514812186374e+00
7.532286715838471203e+00
7.524659511795310785e+00
7.521424955540956248e+00
7.516256323582357624e+00
7.513196901516405291e+00
7.509912229970824527e+00
7.507744742067121280e+00
7.457942951337291682e+00
7.456310753041251793e+00
7.340932432604598823e+00
7.338151953643858860e+00
7.325476340659609065e+00
7.324054441374307167e+00
7.317971419478301875e+00
7.312984876823546365e+00
7.312118384817494210e+00
7.288633698784781956e+00
7.210067115123663939e+00
7.133113491073900470e+00
7.132601250082738709e+00
7.130396599226615173e+00
7.125594172873677579e+00
7.120576405534925435e+00
7.117743510959144260e+00
7.109580871799178858e+00
7.078903863886512937e+00
7.077653042145186646e+00
7.075001443228412512e+00
7.026437032627153023e+00
7.022757974225984690e+00
6.996588198504053224e+00
6.994582950191320592e+00
6.878287960980423499e+00
6.876306796373672370e+00
6.873435103582237637e+00
6.858336412527582304e+00
6.813566271157291077e+00
6.811247914796115133e+00
6.780008123174300572e+00
6.776443796765383887e+00
6.720697292268909884e+00
6.718461923223819632e+00
6.686762121018042571e+00
6.685274443147614321e+00
6.684156879603436074e+00
6.682494537945816049e+00
6.668675371220381898e+00
6.622233439882895922e+00
6.619804143144825126e+00
6.591887433164354881e+00
6.590177154035408158e+00
6.571468364951104313e+00
6.571058532867835034e+00
6.569096104005672565e+00
6.564871489832296625e+00
6.540697706197605932e+00
6.505374152525754461e+00
6.497029219623448704e+00
6.441959528023587289e+00
6.410213433531095184e+00
6.409204004411927613e+00
6.308328241330344532e+00
6.306171813085486910e+00
6.303468393202092734e+00
6.301729952973420090e+00
6.227314005653400208e+00
6.225816999238023008e+00
6.222494322654497978e+00
6.222059797945876269e+00
6.215716458793691501e+00
6.187222610820565905e+00
6.185866156093156931e+00
6.137671242810003314e+00
6.137262553967374856e+00
6.122747215286848288e+00
6.080083294368587410e+00
6.074525244333499607e+00
6.046357901544725522e+00
6.045731491833908677e+00
6.039625292797044409e+00
6.029025646462821797e+00
6.016184628653378219e+00
6.003000412562385257e+00
6.000580830962834789e+00
5.952993282248261409e+00
5.920869409428200392e+00
5.919905945750125298e+00
5.917380060087412019e+00
5.895876006726201268e+00
