2.165097095467700683e+01
1.808915189052327221e+01
1.612351118557102225e+01
1.561989067242866369e+01
1.512378022865794058e+01
1.652680704145027946e+01
1.406921593160934414e+01
1.613357658266387062e+01
1.835241795376050788e+01
1.804669428658695551e+01
1.851339396628378609e+01
1.904033073917672425e+01
1.984736410679769492e+01
1.970800526289744781e+01
2.035377119695831638e+01
2.073285993402361171e+01
2.092074982188475474e+01
2.115585521829007476e+01
2.196507143732558021e+01
2.187619465417435194e+01
2.276718698898672955e+01
2.376628751408292928e+01
2.453355757215092225e+01
2.511410626508754973e+01
2.637722206333680219e+01
2.671823122708295983e+01
2.763421638172010830e+01
2.961960875645633351e+01
3.045903183609055276e+01
3.130268112101878941e+01
3.225074458861578108e+01
3.252592546546694763e+01
3.292415183293047676e+01
3.218872865321775123e+01
3.246707192117851548e+01
3.281327915603350220e+01
3.264343952806765259e+01
3.253896037066041913e+01
3.211653685779868539e+01
3.285455468364109066e+01
3.195270978865398703e+01
3.154435860097022370e+01
3.183474454892649064e+01
3.156575020493339068e+01
3.183814140259029557e+01
3.147437428559552686e+01
3.124703448528477878e+01
3.092510569957965672e+01
3.092632694618296085e+01
3.081702001907806832e+01
3.006385581803379026e+01
3.012781992863363811e+01
2.955171330683064213e+01
2.896166962282723389e+01
2.880339882306642707e+01
2.898573934468371149e+01
2.898027208025058243e+01
2.817846661426062838e+01
2.868657734227145184e+01
2.851924417388450905e+01
2.804828838990976791e+01
2.686342185937271765e+01
2.677627098390587079e+01
2.623359150608917290e+01
2.645950141390265742e+01
2.635057220913779830e+01
2.583617100036489944e+01
2.570188406939018222e+01
2.511320667418747732e+01
2.477009826878391507e+01
2.503232444987346739e+01
2.473625274065089030e+01
2.427273691336452188e+01
2.323576023391760259e+01
2.284017963863376366e+01
2.285311258380851740e+01
2.224993010842591445e+01
2.209732011076257407e+01
2.129232952296153059e+01
2.026673792441311051e+01
1.975996052021393368e+01
1.959919560981028752e+01
1.879846196111958889e+01
1.772787139908634657e+01
1.782419605514685657e+01
1.723217406873930102e+01
1.665229030440439573e+01
1.647560741716915089e+01
1.582684221838738559e+01
1.465844038822374173e+01
1.445302030407456861e+01
1.426993861313849621e+01
1.379889736810369705e+01
1.400310368021868079e+01
1.400658985643733700e+01
1.316601923113075046e+01
1.241517396768347403e+01
1.226104258265192470e+01
1.175238302524614653e+01
1.126948316825929197e+01
1.085917048062362156e+01
1.018540839165181211e+01
1.021002950980186874e+01
9.663816956866160268e+00
9.553052356436429804e+00
9.058040185490538576e+00
8.796825757093159837e+00
8.619736848842769916e+00
8.251636416600215185e+00
7.546919413179118408e+00
7.502714139560572093e+00
6.998230035997913490e+00
6.550398389765534013e+00
6.267016021725765107e+00
6.135377412865295810e+00
6.055770469838057224e+00
5.926142267088786220e+00
5.760949516272701132e+00
5.620558085428797312e+00
5.455309065287832659e+00
5.377141478522471374e+00
5.223320447481894391e+00
5.137041504053991403e+00
5.087512914274112674e+00
5.001688063270082196e+00
5.013449604785554570e+00
4.962073631494250847e+00
4.849963993460308487e+00
4.705758691297190488e+00
4.658243838487149624e+00
4.637258950645528621e+00
4.575087824911395984e+00
4.551195213686550112e+00
4.509438165792395203e+00
4.389749692129085723e+00
4.379968631729625805e+00
4.360971030420895289e+00
4.360354791381335637e+00
4.318908152818271340e+00
4.329551448392983559e+00
4.335634439780894134e+00
4.334146620469625510e+00
4.285744891416130464e+00
4.263538481732280339e+00
4.264898611037096998e+00
4.248040702103136113e+00
4.229535972366185170e+00
4.232024267135013673e+00
4.195111065492483249e+00
4.194445413171973946e+00
4.191677398021534273e+00
4.190486093239417009e+00
4.165364972190971571e+00
4.152828857165329346e+00
4.130408222723639611e+00
4.125832674402152733e+00
4.122035235788461982e+00
4.129091939229858177e+00
4.126260210339316004e+00
4.128405236522097788e+00
4.123239254951558408e+00
4.111490193663508208e+00
4.116929137833587049e+00
4.121168565863059463e+00
4.115828905738085020e+00
4.111807203440007719e+00
4.109550581725032181e+00
4.106129376842640788e+00
4.095813406208592689e+00
4.091465451588418567e+00
4.089674993246291912e+00
4.082123132869839743e+00
4.078458070675158531e+00
4.078533018217625816e+00
4.072427455389813211e+00
4.077727642504936689e+00
4.078405059834573798e+00
4.080018626070214260e+00
4.073123861129117174e+00
4.064187765589295509e+00
4.062524486221194664e+00
4.055867158662163519e+00
4.055668786723425789e+00
4.052781065339202016e+00
4.052510849779770830e+00
4.048957396922119756e+00
4.047454707929567519e+00
4.045827015863761034e+00
4.049787480439266396e+00
4.052577628058542381e+00
4.053003640472200075e+00
4.049331187550240685e+00
4.049587239342403500e+00
4.052144321920585490e+00
4.053367199497984075e+00
4.046174094802970522e+00
4.046765114032876198e+00
4.044807499349729163e+00
4.044471544789207229e+00
4.044932654479070244e+00
4.042590178543245649e+00
4.042970389709407364e+00
4.040302373446232664e+00
4.040714588449513478e+00
4.041296022447227188e+00
4.040329872283509260e+00
4.035902777857887536e+00
4.035298502524722331e+00
4.034913168167006958e+00
4.033553243592689519e+00
4.033778822578001133e+00
4.037474636976228659e+00
4.036690951768201252e+00
4.036024084481212526e+00
4.036215715782851987e+00
4.032412589214234622e+00
4.033342182934467779e+00
4.036510792391699631e+00
4.039013304393447079e+00
4.038831566315348454e+00
4.041114669558252714e+00
4.040589162735106932e+00
4.038485829435094487e+00
4.038075098150136988e+00
4.037188051301142444e+00
4.037377796943006913e+00
4.037050907206745087e+00
4.036352656993931198e+00
4.036243778851418718e+00
4.035476136231534561e+00
4.035440074397118160e+00
4.032938923640323914e+00
4.032788746390304269e+00
4.031821265008358246e+00
4.029446666370854579e+00
4.029134760538290116e+00
4.029069920832737850e+00
4.028931799128120161e+00
4.029721465476035824e+00
4.029581054322557421e+00
4.027280076260469244e+00
4.026939906536961544e+00
4.026406352901075181e+00
4.026657229712261810e+00
4.026296201418968046e+00
4.026151760517629796e+00
4.025840793159727760e+00
4.025530681865036264e+00
4.025415293426146235e+00
4.025020279995191075e+00
4.025116423715753733e+00
4.025098289664921225e+00
4.023574704825210624e+00
4.023279590134180239e+00
4.022405364405208239e+00
4.022293157545468567e+00
4.022234623055499725e+00
4.021662295009445387e+00
4.021547496769348307e+00
4.020367038983113872e+00
4.019378570535685036e+00
4.018806635993692922e+00
4.019616791984959470e+00
4.021124040898209628e+00
4.021616123622935746e+00
4.021132389798093953e+00
4.020868787020258850e+00
4.020638662694119070e+00
4.019875995257644163e+00
4.020472553985199760e+00
4.020343229062104839e+00
4.019846065291506676e+00
4.019558356443186931e+00
4.019640050827671729e+00
4.019781297531227260e+00
4.020101485757463067e+00
4.019891192158498328e+00
4.020105758008460484e+00
4.019990211450335416e+00
4.017897802278745267e+00
4.017897826934529348e+00
4.017892553424355029e+00
4.017867437774166106e+00
4.018495729505551672e+00
4.018004920454157691e+00
4.018367618187044243e+00
4.017010798990986231e+00
4.017213590143184021e+00
4.017230168836354309e+00
4.017246939815700912e+00
4.018280614859905953e+00
4.018023935603641128e+00
4.018273032106709053e+00
4.018334015595791620e+00
4.017757658046113178e+00
4.017534242314025228e+00
4.017529859569304307e+00
4.017529859569304307e+00
4.017685136660597678e+00
4.017940043247406834e+00
4.017889262562869490e+00
4.017880878786497689e+00
4.017915102588517584e+00
4.017906069489170839e+00
4.018131126313126522e+00
4.019008404388002553e+00
4.019189276108643405e+00
4.019182460894540121e+00
4.018857048825550393e+00
4.018475413200413904e+00
4.018533633080831002e+00
4.019155490694950039e+00
4.019215194122661039e+00
4.019089094129075335e+00
4.019452239153615380e+00
4.019549088927723446e+00
4.019547330837402122e+00
4.019618215018912366e+00
4.019621566548378766e+00
4.019621566548378766e+00
4.019567852995746371e+00
4.019563614925384165e+00
4.019611379476488722e+00
4.019585389134844533e+00
4.019247734614887158e+00
4.019250276982831771e+00
4.019606845681211738e+00
4.019599720726567682e+00
4.019852375441268499e+00
4.019945748163769927e+00
4.019975360381837781e+00
4.019958497422530641e+00
4.019956875720291478e+00
4.019606160479773038e+00
4.019516098367692081e+00
4.019694283329423357e+00
4.019679242137958575e+00
4.020150996934802379e+00
4.020055612705836445e+00
4.020026317787380954e+00
4.018868241116472007e+00
4.018682166713124282e+00
4.018665519644726736e+00
4.018301932967180079e+00
4.018426638713799015e+00
4.018552148198532237e+00
4.018751361505858988e+00
4.018751892841387452e+00
4.018564496623850069e+00
4.018367648887268828e+00
4.018289033184034409e+00
4.018503655280632358e+00
4.018493862394112881e+00
4.018907197929496355e+00
4.018907197929496355e+00
4.018923968337940522e+00
4.019708123592129922e+00
4.020139642002945379e+00
4.020190711652293025e+00
4.020253984220267363e+00
4.019409526820259870e+00
4.019424523209867317e+00
4.019553732933379031e+00
4.019589677965986318e+00
4.019590834202210416e+00
4.019584564061006837e+00
4.019614058057237926e+00
4.019134814308001680e+00
4.019281464834890905e+00
4.019163754007412770e+00
4.019162996724882753e+00
4.019159322424118663e+00
4.019415421905676133e+00
4.019430254931624980e+00
4.019430254931624980e+00
4.019384765188563691e+00
4.019384765188563691e+00
4.019380869606218099e+00
4.019301669522013398e+00
4.019301069046745667e+00
4.019298139084558130e+00
4.019286522231776182e+00
4.019160594457666491e+00
4.018958567833295525e+00
4.018875585000284190e+00
4.018841369822416354e+00
4.018709848873911028e+00
4.018957140020516405e+00
4.018957745770809886e+00
4.019169105651165808e+00
4.019674269041026093e+00
4.019653554016919372e+00
4.019232933620922488e+00
4.019367788686054155e+00
4.019370101532392603e+00
4.019412645235511228e+00
4.019368112245107483e+00
4.019242888025623905e+00
4.018934578715309236e+00
4.018679672515270695e+00
4.018692587797242588e+00
4.018866262916557019e+00
4.019157901611739803e+00
4.018900664647385490e+00
4.018740784384785769e+00
4.018966340503043355e+00
4.019279309289697011e+00
4.019523062202870811e+00
4.019452051937856041e+00
4.019423703460380359e+00
4.019433827032564466e+00
4.019528449854071539e+00
4.019532335842143311e+00
4.019401984014261409e+00
4.019535418777155478e+00
4.019054192014287707e+00
4.019007889651273757e+00
4.019135544854773201e+00
4.019143325478070849e+00
4.019146164422890521e+00
4.019284387526511182e+00
4.019227001494600771e+00
4.019224775378146042e+00
4.019257301040807917e+00
4.019267314025897875e+00
4.019202902810436129e+00
4.019277443821090756e+00
4.019154971581304636e+00
4.019154971581304636e+00
4.019032721848647682e+00
4.019187397126168904e+00
4.019127203615787458e+00
4.019076209013781487e+00
4.019001545404827347e+00
4.018979200119399131e+00
4.018996386199564341e+00
4.018755453680955547e+00
4.018771248506085136e+00
4.019011320262019460e+00
4.018811012946817307e+00
4.018849604885080140e+00
4.018821019764989622e+00
4.018893868775042399e+00
4.018885021506494404e+00
4.018654947199138405e+00
4.018655088174789114e+00
4.018807983041110532e+00
4.018821162044330819e+00
4.018819267321580568e+00
4.018759805114380690e+00
4.018759805114380690e+00
4.018710263672677030e+00
4.018710263672677030e+00
4.018708309787652588e+00
4.018544955300410670e+00
4.018510011428448436e+00
4.018399804719995139e+00
4.018400437940910841e+00
4.018339418873694058e+00
4.018313711321249038e+00
4.018313711321249038e+00
4.018290027921921137e+00
4.018123136549143659e+00
4.018111602848806641e+00
4.018014652300576195e+00
4.018014652300576195e+00
4.018096603024798874e+00
4.018144028512107724e+00
4.017870022978333289e+00
4.017838909554490634e+00
4.017854365065545608e+00
4.017720104462281228e+00
4.017773354797770757e+00
4.017695760663287707e+00
4.017777496021341044e+00
4.017987300092244141e+00
4.017994254649757124e+00
4.018146019551392278e+00
4.017840756610510766e+00
4.017833522506523813e+00
4.017865171011431258e+00
4.017814754447294412e+00
4.017807678432878227e+00
4.017803131030145636e+00
4.017796496633085468e+00
4.017823239358295773e+00
4.017818062272469959e+00
4.017793551306769295e+00
4.017964757487249905e+00
4.017964757487249905e+00
4.017969971643741367e+00
4.017837191230985816e+00
4.017512644277660527e+00
4.017505948313309538e+00
4.017507238081114096e+00
4.017517856666175113e+00
4.017517856666175113e+00
4.017385587355234655e+00
4.017378900646877860e+00
4.017368482767329496e+00
4.017377899150211817e+00
4.017384140577354934e+00
4.017362572823437006e+00
4.017362572823437006e+00
4.017339564353073378e+00
4.017323643839628922e+00
4.017290650488826387e+00
4.017242361179706123e+00
4.017627651077937401e+00
4.017648769410913090e+00
4.017814366508820179e+00
4.017773848234705625e+00
4.017791121966483026e+00
4.017790715290776582e+00
4.017966599021799645e+00
4.017993827709245735e+00
4.017996850321000402e+00
4.017996850321000402e+00
4.017989263689589308e+00
4.018270497052567336e+00
4.018271070581164395e+00
4.018286929834803622e+00
4.018261093818210838e+00
4.018266655902217543e+00
4.018282639971928916e+00
4.018318937551896397e+00
4.018318937551896397e+00
4.018322071706371013e+00
4.018352029410267257e+00
4.018377082534555278e+00
4.018377082534555278e+00
4.018376371707995887e+00
4.018377773962640731e+00
4.018348202010524339e+00
4.018360970851488467e+00
4.018277473024664204e+00
4.018264366941711074e+00
4.018298236130684487e+00
4.018298144167089525e+00
4.018287955203899919e+00
4.018268398899314420e+00
4.018268398899314420e+00
4.018268482583995826e+00
4.018132224394492802e+00
4.018207939389202288e+00
4.018151703050904189e+00
4.018090551204726246e+00
4.018065642127159443e+00
4.018065642127159443e+00
4.018060285111179297e+00
4.018019005265333732e+00
4.018080598894058220e+00
4.018091850259531306e+00
4.018091850259531306e+00
4.018091850259531306e+00
4.018095667840221097e+00
4.018084573343528199e+00
4.018072938344629641e+00
4.018163778938715680e+00
4.018238746854006394e+00
4.018237847242112082e+00
4.018233482517270083e+00
4.018233482517270083e+00
4.018232458611429969e+00
4.018167428161286914e+00
4.018197343389283915e+00
4.018197343389283915e+00
4.018197343389283915e+00
4.018199008981286013e+00
4.018203375859458859e+00
4.018167974412464538e+00
4.018167974412464538e+00
4.018162612954289337e+00
4.018205039010654289e+00
4.018205092265359824e+00
4.018205092265359824e+00
4.018202147191542117e+00
4.018204196768018654e+00
4.018194991290940266e+00
4.018195332774425310e+00
4.018174407098754841e+00
4.018174407098754841e+00
4.018259523501731323e+00
4.018277867071280873e+00
4.018277867071280873e+00
4.018335355586131641e+00
4.018355901274452968e+00
4.018421309589439439e+00
4.018354114652930242e+00
4.018316831396298028e+00
4.018318010283373987e+00
4.018483749860795484e+00
4.018508107934757767e+00
4.018508107934757767e+00
4.018490323437418077e+00
4.018487148980004697e+00
4.018505686016380807e+00
4.018511937411083146e+00
4.018429242868576168e+00
4.018429279368530338e+00
4.018416069999970475e+00
4.018390671379608925e+00
4.018390671379608925e+00
4.018445512031899369e+00
4.018445512031899369e+00
4.018429155303304690e+00
4.018418107831938535e+00
4.018418927771191029e+00
4.018418927771191029e+00
4.018418927771191029e+00
4.018491019329068159e+00
4.018491019329068159e+00
4.018551737677102942e+00
4.018557702692340250e+00
4.018557702692340250e+00
4.018541784054304955e+00
4.018541784054304955e+00
4.018503344559987589e+00
4.018473588342235558e+00
4.018619493836051326e+00
4.018619493836051326e+00
4.018619493836051326e+00
4.018544570359271262e+00
4.018610446868156494e+00
4.018580642593308383e+00
4.018576836854020229e+00
4.018574506791382284e+00
4.018576677564153599e+00
4.018576677564153599e+00
4.018576677564153599e+00
4.018532656259730551e+00
4.018574718125611511e+00
4.018580123815017835e+00
4.018659242108160612e+00
4.018694788279962182e+00
4.018721294243328579e+00
4.018726335019735529e+00
4.018720227401257894e+00
4.018724531128956556e+00
4.018727523571516969e+00
4.018912523555490779e+00
4.018914758346014970e+00
4.018914758346014970e+00
4.018914758346014970e+00
4.018935135431830119e+00
4.018927938202247141e+00
4.018954237447512234e+00
4.018953830667882698e+00
4.018948259485915386e+00
4.018948259485915386e+00
4.018936505487561206e+00
4.018912818039211743e+00
4.018912818039211743e+00
4.019030026988340332e+00
4.019010326200472605e+00
4.019062595467082666e+00
4.019062595467082666e+00
4.019115751007142912e+00
4.019118444192766759e+00
4.019064357480488958e+00
4.019047129811686325e+00
4.019047129811686325e+00
4.019043013011120102e+00
4.019063463466062913e+00
4.019011635927936865e+00
4.019053438848209758e+00
4.018953336390954867e+00
4.018949121530730473e+00
4.018996596616007722e+00
4.018996596616007722e+00
4.018996715676981246e+00
4.019012789285146603e+00
4.019012789285146603e+00
4.019012789285146603e+00
4.018987771175308588e+00
4.018987771175308588e+00
4.018987771175308588e+00
4.018983193035147394e+00
4.019031043620383770e+00
4.019023529304961428e+00
4.019027145623698338e+00
4.019027145623698338e+00
4.019017568349382508e+00
4.018972799751884040e+00
4.018972799751884040e+00
4.018952619405520288e+00
4.018957144333731080e+00
4.018955787601124818e+00
4.018952982283182429e+00
4.019047333438066971e+00
4.019057988027681105e+00
4.018864997172140185e+00
4.018864716108844881e+00
4.018864716108844881e+00
4.018926933983130390e+00
4.018972693777270067e+00
4.018972693777270067e+00
4.018966153229453830e+00
4.018953828442974441e+00
4.018952701272139549e+00
4.018955987133225882e+00
4.018954725588296917e+00
4.018877094136308337e+00
4.018877094136308337e+00
4.018877584952564419e+00
4.018894738310494930e+00
4.018877694020663860e+00
4.018877694020663860e+00
4.018877694020663860e+00
4.018875365837537572e+00
4.018889689500436901e+00
4.018889689500436901e+00
4.018951702814655746e+00
4.018871104311888764e+00
4.018603685283706817e+00
4.018603685283706817e+00
4.018603172699915405e+00
4.018374201012662184e+00
4.018374221190863516e+00
4.018373113398118868e+00
4.018362523288656618e+00
4.018379084630627318e+00
4.018383544972097710e+00
4.018383544972097710e+00
4.018389931206167276e+00
4.018442101312107440e+00
4.018437124757006984e+00
4.018430029722498631e+00
4.018430029722498631e+00
4.018428587806291752e+00
4.018441687112273009e+00
4.018436352207142903e+00
4.018376177600988974e+00
4.018376177600988974e+00
4.018329324642658129e+00
4.018321852517612314e+00
4.018380245667211526e+00
4.018369039700107059e+00
4.018365336159091861e+00
4.018365336159091861e+00
4.018366743979182587e+00
4.018340878161537510e+00
4.018340272609117747e+00
4.018318625245308695e+00
4.018318625245308695e+00
4.018318625245308695e+00
4.018304202637851930e+00
4.018335871442716645e+00
4.018335871442716645e+00
4.018348712322199923e+00
4.018348712322199923e+00
4.018351733747043575e+00
4.018342825852916356e+00
4.018341382635259862e+00
4.018364581801070479e+00
4.018368036206790173e+00
4.018368036206790173e+00
4.018381306731048319e+00
4.018381306731048319e+00
4.018381928848742568e+00
4.018381928848742568e+00
4.018381928848742568e+00
4.018378672259989237e+00
4.018375986924358934e+00
4.018375986924358934e+00
4.018374196230309892e+00
4.018378763313425139e+00
4.018381905428601186e+00
4.018296493684513138e+00
4.018295129501525231e+00
4.018471602456059166e+00
4.018474861908494233e+00
4.018473365142991582e+00
4.018482610237748887e+00
4.018441565244953217e+00
4.018328898529266446e+00
4.018362385832952910e+00
4.018328377195058643e+00
4.018328377195058643e+00
4.018359440657980564e+00
4.018359440657980564e+00
4.018364517347868592e+00
4.018364517347868592e+00
4.018364517347868592e+00
4.018364848841822656e+00
4.018339163667584479e+00
4.018330056493176983e+00
4.018329252168815202e+00
4.018329772840428582e+00
4.018334310968746159e+00
4.018340197513661671e+00
4.018321754864029316e+00
4.018321806457603174e+00
4.018305020145719553e+00
4.018306141506277740e+00
4.018304465327142694e+00
4.018301467050512166e+00
4.018323784601206761e+00
4.018323784601206761e+00
4.018320278600707951e+00
4.018335559711852412e+00
4.018335559711852412e+00
4.018317765953889342e+00
4.018311808738375568e+00
4.018308889745218160e+00
4.018268035146172146e+00
4.018268035146172146e+00
4.018268035146172146e+00
4.018265000857750735e+00
4.018264514500849316e+00
4.018268287198327293e+00
4.018179832056900658e+00
4.018179832056900658e+00
4.018179832056900658e+00
4.018188326264923838e+00
4.018188326264923838e+00
4.018175558324438512e+00
4.018125698649222421e+00
4.018198312253650428e+00
4.018213303593018537e+00
4.018213303593018537e+00
4.018213303593018537e+00
4.018131593002928881e+00
4.018139817484788878e+00
4.018136314799136244e+00
4.018136300271278216e+00
4.018140068731929304e+00
4.018147061464233616e+00
4.018143267810876829e+00
4.018131817821855911e+00
4.018149726579184566e+00
4.018143655168934458e+00
4.018148420162408030e+00
4.018146417164258466e+00
4.018159637694991737e+00
4.018163287166339970e+00
4.018083228743051905e+00
4.018080242425559057e+00
4.018144132649131173e+00
4.018118640342206227e+00
4.018118640342206227e+00
4.018113434101507231e+00
4.018113542721176046e+00
4.018113542721176046e+00
4.018128161319490133e+00
4.018128161319490133e+00
4.018126460346365114e+00
4.018126460346365114e+00
4.018143839521098215e+00
4.018174747764826193e+00
4.018196911867135235e+00
4.018186580611051717e+00
4.018179328620712809e+00
4.018313998202171611e+00
4.018292386497368085e+00
4.018292386497368085e+00
4.018292386497368085e+00
4.018199227635256499e+00
4.018175672412399813e+00
4.018173804009639305e+00
4.018173804009639305e+00
4.018158172589226140e+00
4.018177683428424629e+00
4.018177683428424629e+00
4.018177683428424629e+00
4.018177683428424629e+00
4.018191506047900319e+00
4.018191836357054569e+00
4.018190995134741428e+00
4.018198164939587258e+00
4.018171716160105156e+00
4.018171716160105156e+00
4.018171716160105156e+00
4.018169003882142931e+00
4.018169003882142931e+00
4.018178770363648233e+00
4.018177814771472178e+00
4.018142309817518409e+00
4.018089684964830433e+00
4.018087974650356387e+00
4.018086798262832993e+00
4.018086798262832993e+00
4.018091883137378417e+00
4.018091883137378417e+00
4.018097257201093342e+00
4.018086511272690231e+00
4.018094226099300670e+00
4.018094226099300670e+00
4.018094226099300670e+00
4.018091358696705306e+00
4.018088967383119048e+00
4.018088967383119048e+00
4.018088967383119048e+00
4.018100287079159116e+00
4.018101784171062896e+00
4.018121090143079499e+00
4.018110028746289863e+00
4.018111571328001119e+00
4.018170318231330640e+00
4.018204322958244035e+00
4.018211283673273293e+00
4.018211283673273293e+00
4.018204738584384650e+00
4.018204738584384650e+00
4.018204619787680620e+00
4.018206952010189070e+00
4.018200367449699328e+00
4.018199938267053462e+00
4.018192642427442784e+00
4.018192642427442784e+00
4.018231941182016875e+00
4.018236436449283744e+00
4.018224210739236746e+00
4.018232113763179569e+00
4.018232113763179569e+00
4.018259424730003637e+00
4.018259424730003637e+00
4.018257008976196865e+00
4.018351752271286159e+00
4.018352543208036920e+00
4.018354064295883710e+00
4.018357980584871036e+00
4.018375712784344245e+00
4.018382176152698548e+00
4.018382176152698548e+00
4.018382176152698548e+00
4.018377597106868926e+00
4.018373698492020196e+00
4.018373698492020196e+00
4.018365819241911829e+00
4.018378013804638549e+00
4.018372025892144705e+00
4.018370726121385239e+00
4.018370726121385239e+00
4.018354304694920387e+00
4.018376991072912574e+00
4.018376892115339771e+00
4.018376892115339771e+00
4.018376892115339771e+00
4.018354670276459650e+00
4.018354167977601143e+00
4.018153966388995357e+00
4.018153966388995357e+00
4.018164205246308462e+00
4.018172015250078388e+00
4.018235853947582648e+00
4.018238488615830661e+00
4.018268810145659842e+00
4.018268324477399567e+00
4.018248000002499154e+00
4.018246480416271638e+00
4.018219996827903095e+00
4.018219996827903095e+00
4.018220839878162920e+00
4.018220301216269164e+00
4.018219176518362801e+00
4.018219176518362801e+00
4.018235253833763565e+00
4.018235819330801206e+00
4.018231353160096830e+00
4.018231353160096830e+00
4.018231353160096830e+00
4.018235334642700884e+00
4.018232542256666484e+00
4.018265125997385390e+00
4.018272880891412768e+00
4.018270543189846222e+00
4.018272316708257463e+00
4.018225873806222204e+00
4.018225873806222204e+00
4.018225873806222204e+00
4.018228426450408897e+00
4.018237164479224077e+00
4.018390002148279017e+00
4.018390002148279017e+00
4.018390168464814671e+00
4.018405890215882792e+00
4.018478441155033387e+00
4.018478441155033387e+00
4.018478702532339852e+00
4.018479468730456361e+00
4.018479468730456361e+00
4.018475543267585159e+00
4.018475543267585159e+00
4.018475543267585159e+00
4.018475856201158436e+00
4.018475856201158436e+00
4.018474594865714344e+00
4.018495535759059933e+00
4.018478361543077249e+00
4.018478361543077249e+00
4.018478935116582385e+00
4.018479335131379671e+00
4.018479335131379671e+00
4.018449604693246080e+00
4.018449604693246080e+00
4.018422459184186835e+00
4.018448739293469352e+00
4.018448739293469352e+00
4.018430713416691447e+00
