3.183810778302873950e+05
1.345161934528896236e+05
5.092324865419610433e+04
3.755120040164754755e+04
1.907589291958497415e+04
1.334540029191983558e+04
1.087867861748938776e+04
1.014962697726800798e+04
9.912010683877246265e+03
9.829202231615343408e+03
9.829884255482322260e+03
9.751151940064142764e+03
9.584915978584762343e+03
9.471006010101014908e+03
9.483996617496926774e+03
9.407552275364194429e+03
9.427526764876016387e+03
9.359151111161936569e+03
9.156775043604950042e+03
9.103714651835312907e+03
9.015305004458250551e+03
8.867779147573573937e+03
8.814704453656713667e+03
8.879793871180949282e+03
8.839940098068776933e+03
8.668808710647519547e+03
8.613295843133115341e+03
8.524703268804607433e+03
8.546527844611533510e+03
8.527849407158133545e+03
8.437372711741025341e+03
8.475860561949806652e+03
8.300916315850341562e+03
8.238870589567975912e+03
8.196426803190544888e+03
8.014006113246602581e+03
7.903046270725350041e+03
7.863145860418583652e+03
7.920978120126709655e+03
7.902837320359592923e+03
7.888634513987354694e+03
7.842311512774921539e+03
7.711376926785257638e+03
7.641143394193148197e+03
7.631005790865679046e+03
7.584468005695349348e+03
7.513178782825993039e+03
7.458358484237266566e+03
7.377455603523148056e+03
7.420494118496706506e+03
7.360209452885087558e+03
7.279413689413697284e+03
7.212922670590088273e+03
7.178600661516826221e+03
7.149728137182533828e+03
7.130587716576600542e+03
7.071521159832373087e+03
6.972761019003693036e+03
6.898691611372290026e+03
6.855416461282678938e+03
6.786651713332839790e+03
6.678771501773370801e+03
6.670447202549327812e+03
6.618771450621565236e+03
6.569904546114787081e+03
6.517478278074677291e+03
6.538641487844294716e+03
6.507674179372990693e+03
6.442388972741959151e+03
6.445261502877996463e+03
6.375372066495697254e+03
6.336771582745423984e+03
6.249521992619796947e+03
6.118871577537400299e+03
6.062306975315876116e+03
5.979294559985526575e+03
5.992544610932110118e+03
5.974004467943017517e+03
5.992473832459275400e+03
5.885508777432439274e+03
5.849845757925120779e+03
5.837901299521460714e+03
5.810900826850554040e+03
5.748257233216771056e+03
5.691178071830837325e+03
5.662203222339533568e+03
5.568392473039261859e+03
5.526069710747469799e+03
5.505280079486131399e+03
5.383888836312446074e+03
5.301433888781260066e+03
5.264387734454969177e+03
5.257017234271800589e+03
5.249524068977721072e+03
5.180653231448330189e+03
5.073148078468787389e+03
5.012882118042963157e+03
5.011135660384386938e+03
5.004169277905050876e+03
4.951044915978787685e+03
4.927405532598384525e+03
4.883209652285752782e+03
4.865323429553975984e+03
4.804818623797269538e+03
4.782240722023003400e+03
4.711011354711251442e+03
4.668710560917117618e+03
4.659715987594055150e+03
4.589211758307567834e+03
4.534110999035660825e+03
4.507506598956088965e+03
4.512281293154820560e+03
4.445489110168513434e+03
4.406438992251866694e+03
4.359301707200788769e+03
4.356721058732922756e+03
4.328446665864960778e+03
4.254638752918144746e+03
4.206640908010022031e+03
4.194467762826101534e+03
4.100086849340671506e+03
4.057709277244697660e+03
4.013458245131927015e+03
3.993007239083522563e+03
3.998195349255235215e+03
3.969020712840571832e+03
3.965199571673053470e+03
3.905012270354712200e+03
3.865466700436906649e+03
3.826347759482529909e+03
3.808119668269202521e+03
3.776484357663049650e+03
3.747056558286780728e+03
3.702841224484628128e+03
3.661460234841193596e+03
3.646437208286678469e+03
3.586489666488328112e+03
3.602128196760088031e+03
3.530199106038658556e+03
3.472690044839942402e+03
3.471960535167612306e+03
3.465188723978837515e+03
3.433654524664716973e+03
3.421246922593455565e+03
3.360897341899272760e+03
3.340945647852880484e+03
3.319048549130480751e+03
3.305835488630277268e+03
3.260776259920892244e+03
3.259603232360033417e+03
3.231832860279218949e+03
3.197091351227255927e+03
3.167271678608945422e+03
3.153812187801462187e+03
3.122852208012105621e+03
3.057551062234998881e+03
3.049275913181076703e+03
3.031946631962666288e+03
2.979303107443657154e+03
2.930280830295430405e+03
2.911867046265105273e+03
2.912674855362871313e+03
2.883335822558750351e+03
2.867916205970972896e+03
2.874422815965897826e+03
2.823917732568962492e+03
2.773557463453733817e+03
2.757541580586809687e+03
2.722806030808141259e+03
2.701010253839874167e+03
2.663361420420067589e+03
2.637355074238120324e+03
2.610695250004552690e+03
2.602871601319201091e+03
2.584805868192428989e+03
2.554410445779855763e+03
2.538668907539792144e+03
2.507759207681927364e+03
2.473391539730122531e+03
2.447642671764574516e+03
2.425187608588770672e+03
2.387604775009798686e+03
2.380492378413548522e+03
2.353515914464500838e+03
2.352692814054229530e+03
2.324881898392507082e+03
2.299749333357678552e+03
2.286196263899342284e+03
2.259990652134523316e+03
2.229014357630297127e+03
2.216485789205391939e+03
2.202489566569135150e+03
2.190417346247671958e+03
2.183513182729027449e+03
2.151015583877004246e+03
2.126646692024259210e+03
2.053777430158585958e+03
2.040157898277002232e+03
2.030306295913557051e+03
2.010287180267348958e+03
1.998101036734129138e+03
1.985646374032053473e+03
1.960283220055974880e+03
1.942171968035342843e+03
1.925693751334018316e+03
1.904233124092098706e+03
1.860346720850431211e+03
1.838492430616008733e+03
1.823206616657315635e+03
1.813120292102476697e+03
1.780293619899113992e+03
1.769811064951903518e+03
1.741827858619932840e+03
1.725733330360422087e+03
1.710959072274414893e+03
1.696695914527074137e+03
1.671937573278650007e+03
1.664431646043396768e+03
1.633250631806705542e+03
1.633786104047321260e+03
1.605425459112188264e+03
1.580845391365793148e+03
1.572998468124788360e+03
1.544765332691607455e+03
1.524749923716737385e+03
1.507578446200376675e+03
1.507071835484611256e+03
1.489198398880341301e+03
1.466982018022053126e+03
1.459210647971429353e+03
1.431410331846353529e+03
1.408308404121020203e+03
1.388327264171743764e+03
1.388033901302300819e+03
1.364227041894337617e+03
1.357639807322034812e+03
1.330195773798965320e+03
1.296883329450627571e+03
1.290571764144390727e+03
1.285736539892524434e+03
1.261384937841603232e+03
1.249216855133103991e+03
1.231359554933935669e+03
1.216627980407914720e+03
1.189417590669089350e+03
1.167471680768965143e+03
1.151690200604359006e+03
1.141134242957891502e+03
1.138516841165023379e+03
1.125030872939176334e+03
1.112961397409221263e+03
1.090055126876236955e+03
1.081000750298985622e+03
1.064717584296007544e+03
1.051226550931391330e+03
1.040372196720997408e+03
1.022759065825020684e+03
1.019484672693663470e+03
1.002723220450100939e+03
9.959980773784936900e+02
9.904990959269377981e+02
9.672464123249584418e+02
9.535834261233392226e+02
9.478015116221652079e+02
9.263629780695454201e+02
9.138169661039094080e+02
9.058903625025066049e+02
8.964292317891440689e+02
8.810528755988433431e+02
8.692416192736612857e+02
8.628254221577317367e+02
8.534413370985824940e+02
8.426546890086817712e+02
8.305464853157296830e+02
8.251096968998205057e+02
8.183238779467128552e+02
8.119755984947663592e+02
7.975397364194481042e+02
7.893465813317171751e+02
7.804337931844366949e+02
7.587032951114472326e+02
7.471353419641035316e+02
7.386793836510822757e+02
7.331538320123282801e+02
7.168791103769415258e+02
7.105497293378683707e+02
7.100845238159384962e+02
6.913525348221711511e+02
6.808930222026076535e+02
6.768340099215732835e+02
6.682184039945497034e+02
6.517942252815854545e+02
6.471579359974714407e+02
6.426954006082359001e+02
6.353334303888583463e+02
6.179171749686789781e+02
6.100447486595155624e+02
6.043023107709610713e+02
5.922793175714656400e+02
5.916383492873208070e+02
5.852142285409747728e+02
5.785421480556351526e+02
5.649984819544158654e+02
5.556774290776995713e+02
5.424046028396109023e+02
5.348006800794233868e+02
5.266528784915973347e+02
5.283653919459735562e+02
5.187327315608097251e+02
5.122788570088790721e+02
5.021185729582669524e+02
4.971124266028555780e+02
4.888850205358180574e+02
4.854592921166320139e+02
4.809938519070976781e+02
4.718332187015001296e+02
4.669715578459448579e+02
4.572838564212546544e+02
4.495239355216788795e+02
4.405417649729540130e+02
4.334539875547370116e+02
4.303187075763385678e+02
4.228434388795716927e+02
4.200055394085598550e+02
4.147806853905733533e+02
4.082524286404604368e+02
4.033322050092095310e+02
3.925161613279879589e+02
3.889926272363632052e+02
3.811520655074455135e+02
3.770942840158106719e+02
3.733426593470082935e+02
3.710332671716373625e+02
3.643655680745923746e+02
3.588902593835440484e+02
3.496349264064164117e+02
3.493134592579809805e+02
3.417866901497666845e+02
3.376937273303200868e+02
3.358194650780873189e+02
3.281950738611363363e+02
3.231650779712534245e+02
3.134989066756336342e+02
3.067933556466471714e+02
3.028226190022716082e+02
3.016485397446383558e+02
2.944735872939377259e+02
2.877035449504788858e+02
2.824805254259476328e+02
2.793717128347721541e+02
2.735156917424104108e+02
2.686821044206494093e+02
2.621948604333258004e+02
2.593397039989901032e+02
2.568582592622074685e+02
2.518142700268942349e+02
2.464537096205584987e+02
2.440080990820459874e+02
2.397862848063474814e+02
2.309738606370328569e+02
2.258114148610876555e+02
2.241356903632031958e+02
2.209924853714618678e+02
2.170263492618385328e+02
2.159942431487234842e+02
2.096177368107872496e+02
2.070824610465682269e+02
2.057816731636901579e+02
2.012683047911695269e+02
1.982581795391800199e+02
1.954573735342948453e+02
1.938532231133566768e+02
1.889336452856387325e+02
1.859907458539624088e+02
1.838253206194615075e+02
1.760101216642688655e+02
1.747090498018677067e+02
1.711536531985748013e+02
1.687774445219458528e+02
1.662839759836845701e+02
1.642424524880661068e+02
1.614469931042496569e+02
1.594510283755932960e+02
1.559970952854163215e+02
1.541236542130433804e+02
1.531781050754716205e+02
1.508845952685211103e+02
1.470794577706904818e+02
1.462207822879866796e+02
1.426466637429673767e+02
1.391951937072763883e+02
1.381521269828906782e+02
1.346179484377366862e+02
1.330501335069620268e+02
1.312379545217956149e+02
1.291856519633643359e+02
1.272161916635850929e+02
1.255467666859009483e+02
1.238378121100861193e+02
1.235100463954370724e+02
1.207567723499782630e+02
1.196502458896593311e+02
1.178230881315703300e+02
1.155695054669748174e+02
1.135124558768604146e+02
1.113996464202834460e+02
1.093937509676931796e+02
1.086280156077158807e+02
1.073709902959217715e+02
1.063413546971772234e+02
1.046961045930992071e+02
1.023848135038065124e+02
1.001182927108169594e+02
9.827118744317563426e+01
9.483001055131876456e+01
9.416400788873697536e+01
9.407501948305055350e+01
9.319913629159275104e+01
9.221770953965727813e+01
9.067981789572789353e+01
8.879048096275698754e+01
8.813684928873892943e+01
8.512819619665820881e+01
8.399553926271090631e+01
8.233786201122828174e+01
8.150975833230654644e+01
8.041727316303402517e+01
7.988047226360350805e+01
7.868196404442358016e+01
7.760406007061183686e+01
7.718375280832204055e+01
7.662317033191941107e+01
7.548017189787388759e+01
7.454429132797937996e+01
7.395828669371415742e+01
7.276136266331948832e+01
7.167607545969688942e+01
7.100462277555968171e+01
6.966083981261002123e+01
6.867628371076061455e+01
6.841193490438210745e+01
6.746532315031959115e+01
6.701163928550525384e+01
6.604904150764210158e+01
6.574872885675689815e+01
6.437937257520981404e+01
6.400351521664025256e+01
6.280570167927363912e+01
6.250835638156900131e+01
6.210061082301039903e+01
6.190551551148373477e+01
6.166152666962016582e+01
6.131383568645430415e+01
6.043472397785116357e+01
6.012365451297898744e+01
5.997220079419287231e+01
5.891089523018071361e+01
5.845323811404882264e+01
5.819836299473401198e+01
5.793785228901365514e+01
5.721540650699612485e+01
5.607693490190163033e+01
5.573968040821360148e+01
5.571874059909089283e+01
5.572959961892537706e+01
5.571117615309755422e+01
5.539960586089999595e+01
5.501910661993102281e+01
5.475771677368747703e+01
5.448974211958936564e+01
5.422594517047723173e+01
5.362277389812141593e+01
5.219864061754333306e+01
5.207565699432552009e+01
5.180153079590743914e+01
5.156623895671739888e+01
5.156729239278313059e+01
5.141389988207745176e+01
5.117996268732360221e+01
4.977718884294785084e+01
4.945277226396908077e+01
4.917427568882438749e+01
4.924739782708187619e+01
4.916491938787930849e+01
4.898160506792654445e+01
4.837854503614685342e+01
4.723357512763799093e+01
4.729438387754345285e+01
4.693817689482825273e+01
4.653820402723977878e+01
4.637266493388133171e+01
4.631522132000559822e+01
4.607991995529295792e+01
4.572955046280288371e+01
4.512065364708541182e+01
4.511167450339724638e+01
4.494437100992344369e+01
4.461755324956183699e+01
4.343170570936523944e+01
4.338633648956666633e+01
4.328447187215511605e+01
4.301810540985233899e+01
4.279909730070450991e+01
4.184222811430285560e+01
4.191565687557859121e+01
4.199413217494919337e+01
4.024523923024224104e+01
4.027490811752066691e+01
4.024785411686168146e+01
4.024915705047484238e+01
4.014051512687826317e+01
4.004479997876813258e+01
3.959964307199514622e+01
3.962191733377797220e+01
3.965356039502627539e+01
3.882236929286705873e+01
3.868103814760391401e+01
3.858059701501947814e+01
3.824288228673196244e+01
3.773567689967610050e+01
3.777516102646411866e+01
3.767878411714860931e+01
3.756007844494337888e+01
3.730480516363354582e+01
3.733789816355397306e+01
3.729890493704604637e+01
3.731850937443780225e+01
3.732449292968602350e+01
3.719498041292995083e+01
3.697049355521049563e+01
3.664844709959848501e+01
3.649856390112402238e+01
3.625622365459093288e+01
3.609292529285666262e+01
3.572814049722666141e+01
3.550650480161027644e+01
3.535787371307294791e+01
3.526024418126074522e+01
3.509979540697658962e+01
3.516364422206061846e+01
3.499902946078389476e+01
3.492394414633744049e+01
3.475830167323867670e+01
3.473324619219241782e+01
3.469688837002845361e+01
3.468518953402033134e+01
3.471117274158974908e+01
3.439730134534509887e+01
3.422781800240680639e+01
3.419497014535052415e+01
3.420879651530828625e+01
3.402104157675092466e+01
3.391640600680861439e+01
3.396351789114197572e+01
3.374310105539954208e+01
3.365604987763578748e+01
3.347677449151569107e+01
3.344413889530778050e+01
3.317176776862027054e+01
3.301380926606828581e+01
3.301059132821639963e+01
3.276448781274991973e+01
3.262131040594709930e+01
3.253103528182005277e+01
3.245686589024039392e+01
3.246969710461613090e+01
3.245244446246919523e+01
3.244730172448741001e+01
3.239461722262009857e+01
3.213736937710567787e+01
3.207347052442833046e+01
3.187636075655584023e+01
3.187561306017006757e+01
3.176125561935036146e+01
3.147513300202081510e+01
3.125704258099569444e+01
3.126799160078778073e+01
3.104232432527793506e+01
3.107830015716613659e+01
3.105388606846574007e+01
3.075192751957165882e+01
3.053024249478619367e+01
3.051005100425095051e+01
3.052170314487609559e+01
3.055235269701617540e+01
3.057406073665910640e+01
3.058159206356969761e+01
3.037266768334885469e+01
3.036079472329263140e+01
3.034756787471111394e+01
3.032298198896631192e+01
3.032529104249991647e+01
3.029871326912661900e+01
3.015682059787267377e+01
3.012983748551090812e+01
3.010783222343780707e+01
3.010792326327686652e+01
2.991167147815984251e+01
2.983759871280829756e+01
2.987019111111581182e+01
2.983741668630576527e+01
2.980142519481743335e+01
2.982677235609524402e+01
2.977544596871560856e+01
2.964936789478335299e+01
2.961365820587560549e+01
2.959810652735973946e+01
2.946755790841541156e+01
2.937054258664302964e+01
2.934154671531064906e+01
2.934366766333407028e+01
2.932846403792142809e+01
2.916876929265516694e+01
2.908135043418165111e+01
2.904492651268328984e+01
2.904455962568025384e+01
2.904273496140607591e+01
2.897445127102693974e+01
2.896439214032716691e+01
2.896341784390504870e+01
2.891227206110165682e+01
2.886471668986972716e+01
2.878062940461546404e+01
2.858137705867888201e+01
2.845268002409486741e+01
2.845446252779321483e+01
2.841216479608609902e+01
2.840572093233009454e+01
2.838331292028205866e+01
2.825957565660184656e+01
2.826370270526888717e+01
2.820647818446784427e+01
2.811555128998501374e+01
2.797594215875740531e+01
2.798703665912980654e+01
2.797860186681191053e+01
2.796212941341591929e+01
2.796126268884422217e+01
2.779900128945291726e+01
2.779480414284028100e+01
2.766879316579643344e+01
2.736242179902850680e+01
2.736053837599021321e+01
2.730675827575035441e+01
2.729863097795429994e+01
2.730929318966416730e+01
2.733045204916168913e+01
2.733391189333104876e+01
2.733893930009858053e+01
2.734619230872010220e+01
2.732668453214823856e+01
2.728159075452517968e+01
2.728623929964163608e+01
2.728057248499512610e+01
2.723770797851921088e+01
2.724722778214604801e+01
2.724189473505506243e+01
2.717542341346085166e+01
2.712550937016952801e+01
2.712162516195425965e+01
2.712018584980710045e+01
2.712685661368103140e+01
2.713658381936282993e+01
2.714385687331106567e+01
2.709890554382834083e+01
2.710083009828591116e+01
2.706786735476349648e+01
2.706320028497777130e+01
2.706088229422443447e+01
2.703001864955524525e+01
2.703721114463423802e+01
2.701341295945164589e+01
2.702426359488806895e+01
2.699017838635007394e+01
2.699414798441721075e+01
2.699685309368370412e+01
2.698776205808322004e+01
2.698804510811552149e+01
2.699003401022629234e+01
2.699065715071719040e+01
2.699458542575354159e+01
2.689336687605701925e+01
2.688592795836588323e+01
2.680097115396195662e+01
2.636573276408472566e+01
2.635084080721355093e+01
2.634552410281226997e+01
2.557308972781202172e+01
2.557259003457226498e+01
2.557400133368800255e+01
2.558136358463907811e+01
2.558534488558279918e+01
2.558553996891654592e+01
2.558193132304715434e+01
2.559187321497868339e+01
2.559223536281377775e+01
2.559797286946044892e+01
2.560215521326745858e+01
2.558768620926869986e+01
2.559268013882824278e+01
2.558494962885994894e+01
2.557982768341666002e+01
2.556079835189064298e+01
2.543236322440565544e+01
2.544276638143209013e+01
2.544466451782827932e+01
2.541197198341161112e+01
2.532778633660083401e+01
2.533426019982783828e+01
2.533777336359164778e+01
2.514355121428258144e+01
2.514952965117154093e+01
2.515175205933616098e+01
2.514815563027132583e+01
2.514773936038256608e+01
2.509384963677014113e+01
2.490408626732181574e+01
2.490376428682987253e+01
2.489238190796615413e+01
2.487792068510890076e+01
2.488519468812195257e+01
2.488732943114882090e+01
2.489583322816856992e+01
2.486626626983332855e+01
2.486072012821745858e+01
2.460075581098865882e+01
2.460411569886508332e+01
2.460644908763883620e+01
2.444553405349662256e+01
2.445369781899554340e+01
2.444482581007615352e+01
2.443526088892461345e+01
2.441865641090733874e+01
2.442316942203674657e+01
2.442096375359469462e+01
2.435173605308150258e+01
2.435820021173998384e+01
2.430866766379963906e+01
2.431405971480706896e+01
2.432086970301321927e+01
2.417914557400652242e+01
2.417792990650383800e+01
2.418575844369733119e+01
2.411439273596507959e+01
2.411372729839856888e+01
2.411049799434994156e+01
2.411355144104465253e+01
2.393020490359950614e+01
2.393631155182339398e+01
2.393075191621491626e+01
2.391442163241892516e+01
2.386856690479968890e+01
2.387016161990089813e+01
2.387454875227117412e+01
2.383563852389531235e+01
2.383824023765306777e+01
2.383970120151848704e+01
2.378079729728989022e+01
2.363934027736160459e+01
2.364410877703400971e+01
2.358745941370675681e+01
2.358955294053938090e+01
2.353033249383825520e+01
2.351870061323432282e+01
2.351743815738949195e+01
2.350225823752491294e+01
2.350768086949762292e+01
2.350332678400077668e+01
2.350146054761129477e+01
2.346100538638774324e+01
2.346107187706389041e+01
2.344246323282423816e+01
2.343384368058279676e+01
2.318345655026828567e+01
2.318666887814644184e+01
2.318724789175325185e+01
2.318825926543907201e+01
2.318129627756551159e+01
2.313410626290207972e+01
2.313523052902506194e+01
2.313168978149610311e+01
2.308899118184632471e+01
2.308442202702665469e+01
2.308319760190756043e+01
2.308356505741630116e+01
2.306504116758099343e+01
2.304617982751292260e+01
2.302923936416041428e+01
2.286570548372858980e+01
2.285156506204325311e+01
2.285346959651465681e+01
2.285273458148402526e+01
2.285368109369230183e+01
2.285065521013797252e+01
2.284661957656687647e+01
2.284674815449552554e+01
2.284798348775426646e+01
2.279966432282704503e+01
2.278723189186068865e+01
2.273961257268513592e+01
2.271681134693444193e+01
2.271952605810941250e+01
2.272078278420931596e+01
2.271676892526933145e+01
2.268798497081178311e+01
2.266049773463348416e+01
2.265562513661687660e+01
2.262807637856930754e+01
2.262925351794892492e+01
2.261618198571821026e+01
2.261858588971812978e+01
2.260877421819285615e+01
2.261208153276032107e+01
2.247794917954395544e+01
2.247870917609064989e+01
2.248136794560559437e+01
2.248273280707216060e+01
2.247150925050922154e+01
2.243212895215243563e+01
2.223689688165172029e+01
2.223512552299762746e+01
2.223586084003283858e+01
2.223384745592112566e+01
2.222004204567790708e+01
2.221398786600765618e+01
2.221465999917148793e+01
2.221604867760473567e+01
2.222032100381422381e+01
2.219213585883353090e+01
2.206011416392657765e+01
2.206024036977259328e+01
2.206261909216051365e+01
2.201092735786932053e+01
2.182570241756121376e+01
2.181515899379764889e+01
2.181487631040632280e+01
2.176410282480178537e+01
2.173718662588692396e+01
2.174039774034149630e+01
2.173964848450290788e+01
2.174073760651466714e+01
2.172868303340523255e+01
2.172995307498734618e+01
2.171708231772321795e+01
2.151483425028131791e+01
2.151647166308679715e+01
2.150835135176765078e+01
2.150783858582201802e+01
2.139040026277712059e+01
2.139296384597380651e+01
2.139091049444330039e+01
2.123606512020168680e+01
2.113553729217759880e+01
2.111565658623390718e+01
2.111697207424117195e+01
2.107131479631162563e+01
2.099506283175294996e+01
2.099701679784035591e+01
2.099912371639049269e+01
2.099374350429868841e+01
2.099152649881152044e+01
2.098718461872649144e+01
2.098013834124827071e+01
2.085681545684728277e+01
2.083566265053892153e+01
2.082193605416002313e+01
2.074069451924573926e+01
2.056347935494916968e+01
2.056426027701046522e+01
2.056749984843706258e+01
2.056803088645164124e+01
2.056877620968948861e+01
2.057075333111530924e+01
2.056603992153399574e+01
2.056791445087342751e+01
2.056827494222005370e+01
2.056963357688819016e+01
2.050042412378838463e+01
2.050120966859951821e+01
2.050206590904416259e+01
2.050497922559533848e+01
2.048977530767670530e+01
2.047461326621595390e+01
2.044189632767854192e+01
2.014462774743239137e+01
2.014505165864721903e+01
2.014221611239660703e+01
2.011202005118402170e+01
2.011189671974186055e+01
2.011239919428111023e+01
2.010962923689168846e+01
2.011087675395708274e+01
2.010822571202967879e+01
2.006979196732812198e+01
2.007064839431283687e+01
2.007170023022386829e+01
2.005238170654644136e+01
2.005356062320473498e+01
2.003492561850477216e+01
2.001416278438540530e+01
1.999981698567652799e+01
1.995606940086696923e+01
1.987065140678470598e+01
1.987128498768964135e+01
1.986968731600386207e+01
1.986699029467903799e+01
1.945138108504519536e+01
1.945250164085189581e+01
1.945260710835149354e+01
1.945295401305913430e+01
1.945157585764605201e+01
1.944580396406136558e+01
1.943464765266230287e+01
1.942906820094111708e+01
1.942663364038085305e+01
1.941978855628772038e+01
1.942060108327093815e+01
1.942039547246286446e+01
1.930823466624071116e+01
1.930882434241021883e+01
1.905304108321151091e+01
1.905389488884981475e+01
1.903202101154010961e+01
1.902875017978218963e+01
1.903064413760213824e+01
1.902262772617003606e+01
1.902291032824453509e+01
1.898048492188161873e+01
1.884132642689385406e+01
1.868995456743485661e+01
1.869014314863747828e+01
1.869086685406841752e+01
1.868978724630219546e+01
1.868364157871543796e+01
1.868455164332286245e+01
1.867207920958308165e+01
1.862184666713130099e+01
1.862222809122080847e+01
1.862106507195121807e+01
1.852989783790470923e+01
1.852932584185034415e+01
1.848246598571236632e+01
1.847930642930963430e+01
1.828566767851286201e+01
1.828625557687220038e+01
1.827741685099952917e+01
1.826207164543111361e+01
1.819338062322189487e+01
1.818861778057046408e+01
1.814215872934616414e+01
1.814330993557961591e+01
1.806362173551824313e+01
1.806331281958742707e+01
1.802048411773692038e+01
1.802092088919723878e+01
1.802125617924668077e+01
1.802134562866488920e+01
1.800372842282390096e+01
1.794604148701719382e+01
1.794640908273361291e+01
1.791036799452369621e+01
1.791089217302745595e+01
1.788975322532708390e+01
1.788989035108609826e+01
1.788874378009550981e+01
1.788768969825591526e+01
1.785830774358420570e+01
1.782070532072900093e+01
1.781262704613705949e+01
1.775298851973905911e+01
1.772070742252758890e+01
1.772097853861008687e+01
1.762805970042847648e+01
1.762870256192699969e+01
1.762950124928873308e+01
1.762922808844488998e+01
1.757335942978278709e+01
1.757376029609680756e+01
1.757482412816358064e+01
1.757495923368827562e+01
1.757150064514360821e+01
1.755341811431866361e+01
1.755377389170984515e+01
1.752640090103657400e+01
1.752651522574659992e+01
1.751554690590255348e+01
1.749299125819116796e+01
1.749039545779851323e+01
1.747509149784746185e+01
1.747527514445082630e+01
1.747509208409631043e+01
1.747263721577412454e+01
1.746531916643173687e+01
1.746083867234056797e+01
1.746155303523863722e+01
1.744257470678999766e+01
1.743138142778465394e+01
1.743168171786172493e+01
1.742869241443829154e+01
1.742323993787066883e+01
