4.156966176125237098e+02
3.350492467359483157e+02
2.858037243285102136e+02
2.491981958250829905e+02
2.354696434570367387e+02
2.237248412894713567e+02
2.148089874913486881e+02
2.073765878989735256e+02
1.968062944460893391e+02
1.948571770899970090e+02
1.918849152332033725e+02
1.894013401515807971e+02
1.875374611924304986e+02
1.854939399300848493e+02
1.837884463290475878e+02
1.822349703811156871e+02
1.806378028038457728e+02
1.797128273837160464e+02
1.778216517357899420e+02
1.755807849300138628e+02
1.730897281790324200e+02
1.716202349065210910e+02
1.693095345516284169e+02
1.670396566024781464e+02
1.646416352552530213e+02
1.629139960871622463e+02
1.599271065931419571e+02
1.573790164368042213e+02
1.559955674571975521e+02
1.527492293028507220e+02
1.500658644490976315e+02
1.471174884268469043e+02
1.452034863869401420e+02
1.425256974417102924e+02
1.392147945334383508e+02
1.361304063552657340e+02
1.343425251960936748e+02
1.315283459887366462e+02
1.290621409933433483e+02
1.258501404720890946e+02
1.234902183140316225e+02
1.208114435123539181e+02
1.186604524392313209e+02
1.158341159805481624e+02
1.134700950272779920e+02
1.103298126309077958e+02
1.078271204725661647e+02
1.059319206050413413e+02
1.034408086721353186e+02
1.005331337378552234e+02
9.778779203875025416e+01
9.612183464082202988e+01
9.368843454503526402e+01
9.089178110315829429e+01
8.830315030795878783e+01
8.561773939781259912e+01
8.387414190876920372e+01
8.106388949249777909e+01
7.968316688910226731e+01
7.840461438000447458e+01
7.685298349117138628e+01
7.419399679342919285e+01
7.239191499368432403e+01
7.117886705781360490e+01
6.957221088596472214e+01
6.710013806671435077e+01
6.504857746986243683e+01
6.385202019226794334e+01
6.247694285774717571e+01
6.075351166882340692e+01
5.904142376419256522e+01
5.778875021660552846e+01
5.619642877967527994e+01
5.441588689979341353e+01
5.252338958916917733e+01
5.104523689411891496e+01
4.946418008200343053e+01
4.782868214663642448e+01
4.664463878117373952e+01
4.497123373270321167e+01
4.370695437585788312e+01
4.265861198329881177e+01
4.124822584852784502e+01
3.941655454755058230e+01
3.888034587778066964e+01
3.788012527352453418e+01
3.690608526257031485e+01
3.608766525471317266e+01
3.470623384380728282e+01
3.332483139057573851e+01
3.277824159755006406e+01
3.227096863189769493e+01
3.127982943641019986e+01
3.080009037833238850e+01
3.002494088833038788e+01
2.916046716806210171e+01
2.833224763980051719e+01
2.747842232768613613e+01
2.683160089890179734e+01
2.605756558477510865e+01
2.547930238964026728e+01
2.491654899913818610e+01
2.466479110307443179e+01
2.376654369808157341e+01
2.344035288858941612e+01
2.289415311101642203e+01
2.231570408476312650e+01
2.189565560484710005e+01
2.145887685870555472e+01
2.091747798665699776e+01
2.064386870131330198e+01
2.003796839553268683e+01
1.966610726947779497e+01
1.918377819284929231e+01
1.890387300004669413e+01
1.872435100875909342e+01
1.839461783179278598e+01
1.815192460797147689e+01
1.789522820126625646e+01
1.769641725978029712e+01
1.754924687529175387e+01
1.725960654286276608e+01
1.706505427416454879e+01
1.692056559166916685e+01
1.677065390135942735e+01
1.662126448597227935e+01
1.644271892522616341e+01
1.629267271335465495e+01
1.610898211169694605e+01
1.594516490152516930e+01
1.584974013052431729e+01
1.576734311454418602e+01
1.567495457544846005e+01
1.559388941978604493e+01
1.546895018291482415e+01
1.541816000522879904e+01
1.528994658714348098e+01
1.520707118276046366e+01
1.512310143917192384e+01
1.507062011938009682e+01
1.502552757183455512e+01
1.498678101349615233e+01
1.491850193380754597e+01
1.481070822386561048e+01
1.477328135565189449e+01
1.474124311415635979e+01
1.469641332523280752e+01
1.464290385048012055e+01
1.458669612394692017e+01
1.453695786857672623e+01
1.449032939622387417e+01
1.445563411771400020e+01
1.440950197977539382e+01
1.435825650880382831e+01
1.431944765902551886e+01
1.429032512391794185e+01
1.424548592327450791e+01
1.421950823302629274e+01
1.418098188574053431e+01
1.416266794394134543e+01
1.413027711754501325e+01
1.410231945378963125e+01
1.407018938387552254e+01
1.404473938224292873e+01
1.402349865240006999e+01
1.400208986662063992e+01
1.397722986445658044e+01
1.397090585552236597e+01
1.394959433306638985e+01
1.393546925533663128e+01
1.391521423944069724e+01
1.389885002019159010e+01
1.388728544887353422e+01
1.386700625930881436e+01
1.384503415674685378e+01
1.383666890773726976e+01
1.382480609179095410e+01
1.381302057617305046e+01
1.380472922220202037e+01
1.378724288075248516e+01
1.377669870856702694e+01
1.376628296087540804e+01
1.375843609976468862e+01
1.374620571717682083e+01
1.373738754499700754e+01
1.372498566986806345e+01
1.371710676380712357e+01
1.370377882316806151e+01
1.368505437898672916e+01
1.368020949048395352e+01
1.367465299192212846e+01
1.366843371865787837e+01
1.366627168979058737e+01
1.365870311399603310e+01
1.365380629827163794e+01
1.364026504503121728e+01
1.363516122433137312e+01
1.363052913363422292e+01
1.362400842193016004e+01
1.361621484765924706e+01
1.360937460060078585e+01
1.360715887773494437e+01
1.360324716764808350e+01
1.360107407381301847e+01
1.359784316784964986e+01
1.359410760578041355e+01
1.358700319667692646e+01
1.358223497081874953e+01
1.358027031569572962e+01
1.357544109956804412e+01
1.357251261796743869e+01
1.356790023520929367e+01
1.356546985665872107e+01
1.355971965951393443e+01
1.355631040011291510e+01
1.355311875702270186e+01
1.355040632350875640e+01
1.354640637672818038e+01
1.354422830405114908e+01
1.354124020432052511e+01
1.353474904924075517e+01
1.353231169567243697e+01
1.352921772388435251e+01
1.352682879153203999e+01
1.352330884284180357e+01
1.351921316873426449e+01
1.351705496982736499e+01
1.351518234843629784e+01
1.351446894295451351e+01
1.351032679631017608e+01
1.350935554901749036e+01
1.350422645448699122e+01
1.350330134961618356e+01
1.350213974310039333e+01
1.349774566552151356e+01
1.349618888399279193e+01
1.349408555865108106e+01
1.349370463076277815e+01
1.349253805154564212e+01
1.349070706440730838e+01
1.348977493586263776e+01
1.348875145454995028e+01
1.348676297759123877e+01
1.348553057380515519e+01
1.348386328961052705e+01
1.348305853376510655e+01
1.348172725391014914e+01
1.348077870432698688e+01
1.347962607530995882e+01
1.347762799106144804e+01
1.347532876751381359e+01
1.347455065674247443e+01
1.347230138316811043e+01
1.347155330609106905e+01
1.346956293925731885e+01
1.346881662088436116e+01
1.346826308738095257e+01
1.346700761965828441e+01
1.346630541636847944e+01
1.346459404751158395e+01
1.346325248131813090e+01
1.346201860429491148e+01
1.346102901249018302e+01
1.345940211471338266e+01
1.345866728748424457e+01
1.345774634529452740e+01
1.345718330951729591e+01
1.345642324959612601e+01
1.345502518865015240e+01
1.345430405725942258e+01
1.345402626974907179e+01
1.345297684672303262e+01
1.345245846785854127e+01
1.345208750048923996e+01
1.345099541789720199e+01
1.345024755109649384e+01
1.344972868685002787e+01
1.344932061620784580e+01
1.344882144805797886e+01
1.344694793947596700e+01
1.344694769778231525e+01
1.344693928331315114e+01
1.344608091180829135e+01
1.344462617981608155e+01
1.344398879137908764e+01
1.344353479663226381e+01
1.344198322526725420e+01
1.344070709440742029e+01
1.344059281624038604e+01
1.344032628459691026e+01
1.343956379556367331e+01
1.343827937210646262e+01
1.343761222984588599e+01
1.343699533890813846e+01
1.343671729026571704e+01
1.343634189551187852e+01
1.343616859505542926e+01
1.343616859505542926e+01
1.343598304210294536e+01
1.343569282452727087e+01
1.343534297354110585e+01
1.343528462214443842e+01
1.343518093008972691e+01
1.343441317877055674e+01
1.343404441654546666e+01
1.343326508431344202e+01
1.343285245190397958e+01
1.343275691935234661e+01
1.343203529536760321e+01
1.343138294189416015e+01
1.343129730957707402e+01
1.343071426636526766e+01
1.343054759313430857e+01
1.342948569977374973e+01
1.342893586987082877e+01
1.342880279404983845e+01
1.342844559587564035e+01
1.342758595173665981e+01
1.342734624292265444e+01
1.342734624292265444e+01
1.342722418353397273e+01
1.342714263340724656e+01
1.342651165301782079e+01
1.342606226445306739e+01
1.342535752282891259e+01
1.342528702613066649e+01
1.342473050382340460e+01
1.342468059162664851e+01
1.342436140674491085e+01
1.342388004327445827e+01
1.342385097090441803e+01
1.342373147562307700e+01
1.342369971472270329e+01
1.342268380703413477e+01
1.342220588135616488e+01
1.342183774094236881e+01
1.342178629374532939e+01
1.342144559591267594e+01
1.342113955034117367e+01
1.342096161362308493e+01
1.342020693480764848e+01
1.341998387426025197e+01
1.341967323619552310e+01
1.341879515860451733e+01
1.341844237783018556e+01
1.341810882722664111e+01
1.341773385862380152e+01
1.341766759638818307e+01
1.341717242922282516e+01
1.341690116995270010e+01
1.341659901510031006e+01
1.341612046648834244e+01
1.341610748248305995e+01
1.341582663343085180e+01
1.341582663343085180e+01
1.341564986284691940e+01
1.341480129984560143e+01
1.341411907314107488e+01
1.341387354668853682e+01
1.341374354321480311e+01
1.341328687441238365e+01
1.341300374622655944e+01
1.341292263301530419e+01
1.341284689526785634e+01
1.341280362104884283e+01
1.341227931682203334e+01
1.341196974165032785e+01
1.341128838579589555e+01
1.341107289471198349e+01
1.341098954824006917e+01
1.341098022155653346e+01
1.341096337210017175e+01
1.341069965972313405e+01
1.341055688994876149e+01
1.341055688994876149e+01
1.341042650735523623e+01
1.341042650735523623e+01
1.341039887242656548e+01
1.340980603102928370e+01
1.340980447635447348e+01
1.340947633980627707e+01
1.340946921824765781e+01
1.340932756410805204e+01
1.340909997582826563e+01
1.340900637462194567e+01
1.340896748126870186e+01
1.340878924985667453e+01
1.340862026169781629e+01
1.340861470779452702e+01
1.340833549014815773e+01
1.340738240024865213e+01
1.340698377809102304e+01
1.340671044513468324e+01
1.340661827139407336e+01
1.340661412538760899e+01
1.340649401018332476e+01
1.340644175863908494e+01
1.340629534068319728e+01
1.340583387257473014e+01
1.340560723896431838e+01
1.340548693157168714e+01
1.340498581409659451e+01
1.340461906337897169e+01
1.340399844951245001e+01
1.340359023361451563e+01
1.340335745913884580e+01
1.340308227446595701e+01
1.340274873554027302e+01
1.340256081622846906e+01
1.340236307229544899e+01
1.340209045469336502e+01
1.340197950423481110e+01
1.340196861636075809e+01
1.340181228256726875e+01
1.340160563021274243e+01
1.340125114500259151e+01
1.340094567747166288e+01
1.340082976405341242e+01
1.340082064393439865e+01
1.340079466526280427e+01
1.340055944309459868e+01
1.340036480038722289e+01
1.340034911758506375e+01
1.340020896078414125e+01
1.340018160516443047e+01
1.340001400664806397e+01
1.339986157274361567e+01
1.339970349954584528e+01
1.339970349954584528e+01
1.339962820834896462e+01
1.339942515205683549e+01
1.339922409378533885e+01
1.339905751110322463e+01
1.339850737373725842e+01
1.339830613856475239e+01
1.339820160120634185e+01
1.339750288665866762e+01
1.339747639366872178e+01
1.339728231250376389e+01
1.339687241048302369e+01
1.339678602022267562e+01
1.339672446422096996e+01
1.339632118067784816e+01
1.339629056456764467e+01
1.339610598503415773e+01
1.339610558926813511e+01
1.339568208675499150e+01
1.339561345435419604e+01
1.339530151488654042e+01
1.339510832268826590e+01
1.339510832268826590e+01
1.339490688007258790e+01
1.339490688007258790e+01
1.339490567824721978e+01
1.339471930946306344e+01
1.339451194988832228e+01
1.339439768164176137e+01
1.339439663362969313e+01
1.339425453765050555e+01
1.339422453668960244e+01
1.339422453668960244e+01
1.339411018521122188e+01
1.339399448300249773e+01
1.339398429608238850e+01
1.339365791162144070e+01
1.339365791162144070e+01
1.339360634009595508e+01
1.339348393524900338e+01
1.339321328285882551e+01
1.339310431420615721e+01
1.339309461469710172e+01
1.339290328246399930e+01
1.339281527737205302e+01
1.339267934425249429e+01
1.339255534334395925e+01
1.339237907512936587e+01
1.339236113096020730e+01
1.339226136208379359e+01
1.339189831896312555e+01
1.339183512359456429e+01
1.339157554421524843e+01
1.339149513443220663e+01
1.339145337408649716e+01
1.339142163380472361e+01
1.339137523531089258e+01
1.339133048565162909e+01
1.339129562337744872e+01
1.339128054356768160e+01
1.339098015596814761e+01
1.339098015596814761e+01
1.339089802037815247e+01
1.339085536274858690e+01
1.339039634232687526e+01
1.339028073773182115e+01
1.339027859634555284e+01
1.339022757091642646e+01
1.339022757091642646e+01
1.339010503186363366e+01
1.339005825797954863e+01
1.338998394644749368e+01
1.338992148715507469e+01
1.338990395335958361e+01
1.338981797517923589e+01
1.338981797517923589e+01
1.338979763541628820e+01
1.338973193928066685e+01
1.338965365581685951e+01
1.338942297950731763e+01
1.338917450933649889e+01
1.338911621578101929e+01
1.338900755012796928e+01
1.338892057451553974e+01
1.338885329501682797e+01
1.338868467298371101e+01
1.338858311370427501e+01
1.338847441022276463e+01
1.338829380260702884e+01
1.338829380260702884e+01
1.338828913612502625e+01
1.338792443082567551e+01
1.338776620466071954e+01
1.338773110391051624e+01
1.338769771324596292e+01
1.338762266415321101e+01
1.338757773824462838e+01
1.338747471043858006e+01
1.338747471043858006e+01
1.338744585964281164e+01
1.338737833067576055e+01
1.338733102229363503e+01
1.338733102229363503e+01
1.338729022449743944e+01
1.338727732944105142e+01
1.338723727512951100e+01
1.338721615023432143e+01
1.338704516717148252e+01
1.338695301456901809e+01
1.338690913364737867e+01
1.338690847770682169e+01
1.338683566620854748e+01
1.338668181466247908e+01
1.338668181466247908e+01
1.338668167549047716e+01
1.338662136889189469e+01
1.338654505491186519e+01
1.338647275473190845e+01
1.338628146171831901e+01
1.338625324212733148e+01
1.338625324212733148e+01
1.338624717231502181e+01
1.338623390779786604e+01
1.338615638044869804e+01
1.338614615041129241e+01
1.338614615041129241e+01
1.338614615041129241e+01
1.338613542694674408e+01
1.338612860451731557e+01
1.338611028448676876e+01
1.338593931396543191e+01
1.338582798985370204e+01
1.338582159183309273e+01
1.338581034053143881e+01
1.338581034053143881e+01
1.338559928856153292e+01
1.338550612551597574e+01
1.338547235786790424e+01
1.338547235786790424e+01
1.338547235786790424e+01
1.338546958661109443e+01
1.338546234695605364e+01
1.338545097116683458e+01
1.338545097116683458e+01
1.338543960080565043e+01
1.338537142595423468e+01
1.338537133761790976e+01
1.338537133761790976e+01
1.338534486018884628e+01
1.338532309764322825e+01
1.338530576457747578e+01
1.338513338388269247e+01
1.338504121715191708e+01
1.338504121715191708e+01
1.338498835832556821e+01
1.338492939934415737e+01
1.338492939934415737e+01
1.338482999901233583e+01
1.338480845469134906e+01
1.338475738550062921e+01
1.338465152128438085e+01
1.338458428788389298e+01
1.338456993052662725e+01
1.338447972844932110e+01
1.338436638087177677e+01
1.338436638087177677e+01
1.338424111432716401e+01
1.338423751332124567e+01
1.338421287726916198e+01
1.338420251220060919e+01
1.338413138838554950e+01
1.338413136852326346e+01
1.338409733313170946e+01
1.338389654381170502e+01
1.338389654381170502e+01
1.338383901519671859e+01
1.338383901519671859e+01
1.338374467857120997e+01
1.338373214928241062e+01
1.338372984234144347e+01
1.338372984234144347e+01
1.338372984234144347e+01
1.338368453012441961e+01
1.338368453012441961e+01
1.338357789270549603e+01
1.338352281074617345e+01
1.338352281074617345e+01
1.338349448783750795e+01
1.338349448783750795e+01
1.338344297010228168e+01
1.338336622599735115e+01
1.338322785436319506e+01
1.338322785436319506e+01
1.338322785436319506e+01
1.338313254240802408e+01
1.338300199381244049e+01
1.338291988844497205e+01
1.338291389055271807e+01
1.338289745730321201e+01
1.338289135090909632e+01
1.338289135090909632e+01
1.338289135090909632e+01
1.338277797110654177e+01
1.338272426616278388e+01
1.338270551457291546e+01
1.338255462976814769e+01
1.338249718793471743e+01
1.338245311836030638e+01
1.338244476522442206e+01
1.338240645631473846e+01
1.338236653351934180e+01
1.338233098041352243e+01
1.338223032754853392e+01
1.338222829412985426e+01
1.338222829412985426e+01
1.338222829412985426e+01
1.338221720971595730e+01
1.338216626437283452e+01
1.338213479117094984e+01
1.338213190797543461e+01
1.338213011768638516e+01
1.338213011768638516e+01
1.338208391317523116e+01
1.338197913820686402e+01
1.338197913820686402e+01
1.338191538725609675e+01
1.338185013510892851e+01
1.338181730852097573e+01
1.338181730852097573e+01
1.338173480159879780e+01
1.338170979172346442e+01
1.338161893795149737e+01
1.338155935274257935e+01
1.338155935274257935e+01
1.338148964845884592e+01
1.338140442145839693e+01
1.338126266710384549e+01
1.338121352802026998e+01
1.338115130396652397e+01
1.338113393581211419e+01
1.338108672341135730e+01
1.338108672341135730e+01
1.338106906320188827e+01
1.338102373947713808e+01
1.338102373947713808e+01
1.338102373947713808e+01
1.338101570047474276e+01
1.338101570047474276e+01
1.338101570047474276e+01
1.338098379441956176e+01
1.338095777203793801e+01
1.338094601450805676e+01
1.338091606972539083e+01
1.338091606972539083e+01
1.338084798388237218e+01
1.338076284631837254e+01
1.338076284631837254e+01
1.338061993029153562e+01
1.338060436890328653e+01
1.338057140265627609e+01
1.338056601817744173e+01
1.338050610280045127e+01
1.338049357901499548e+01
1.338043156392978972e+01
1.338039898725826227e+01
1.338039898725826227e+01
1.338029580452552203e+01
1.338026707374141111e+01
1.338026707374141111e+01
1.338025017649107440e+01
1.338024621583824292e+01
1.338023649209245924e+01
1.338023104611533576e+01
1.338022906311621085e+01
1.338018333747984556e+01
1.338018333747984556e+01
1.338013079200642785e+01
1.338012018790285040e+01
1.338010173851045437e+01
1.338010173851045437e+01
1.338010173851045437e+01
1.338008415864829814e+01
1.338004387252592586e+01
1.338004387252592586e+01
1.337998743676637403e+01
1.337986752183648242e+01
1.337967572882153533e+01
1.337967572882153533e+01
1.337967492193732433e+01
1.337959211851858043e+01
1.337959190503111095e+01
1.337958904847699237e+01
1.337950790652647726e+01
1.337945031277400609e+01
1.337944291996131874e+01
1.337944291996131874e+01
1.337938373626991329e+01
1.337934973716467901e+01
1.337931465126313668e+01
1.337930838524592225e+01
1.337930838524592225e+01
1.337929820781113932e+01
1.337926147594258985e+01
1.337925676427030020e+01
1.337918577136577625e+01
1.337918577136577625e+01
1.337914199710518837e+01
1.337909071280784801e+01
1.337900155397632496e+01
1.337898391624983319e+01
1.337895806619713923e+01
1.337895806619713923e+01
1.337894497327713239e+01
1.337893666105232349e+01
1.337893597482431218e+01
1.337891145018653916e+01
1.337891145018653916e+01
1.337891145018653916e+01
1.337887426294424031e+01
1.337885704093669936e+01
1.337885704093669936e+01
1.337882637849278566e+01
1.337882637849278566e+01
1.337882363012772124e+01
1.337880890693459612e+01
1.337878353672394560e+01
1.337875369910514856e+01
1.337871980806805006e+01
1.337871980806805006e+01
1.337863836495078651e+01
1.337863836495078651e+01
1.337863260216339079e+01
1.337863260216339079e+01
1.337863260216339079e+01
1.337860937582362908e+01
1.337857620888526888e+01
1.337857620888526888e+01
1.337856144630066701e+01
1.337853562699261012e+01
1.337841668682121288e+01
1.337828627509446555e+01
1.337826285092990730e+01
1.337815208814269496e+01
1.337813726847998197e+01
1.337812654761867925e+01
1.337810053068080052e+01
1.337806350272256672e+01
1.337799420041155685e+01
1.337793869012992687e+01
1.337791776730583848e+01
1.337791776730583848e+01
1.337787113345753909e+01
1.337787113345753909e+01
1.337784635575977532e+01
1.337784635575977532e+01
1.337784635575977532e+01
1.337784532063315623e+01
1.337780489811337148e+01
1.337777485743444750e+01
1.337776571747624388e+01
1.337776087158166405e+01
1.337768421089632831e+01
1.337767440931789587e+01
1.337765290479650204e+01
1.337765287239039402e+01
1.337764747843005786e+01
1.337763708410072994e+01
1.337762537169460408e+01
1.337761277548861116e+01
1.337759875814518296e+01
1.337759875814518296e+01
1.337754170043706914e+01
1.337750033387778004e+01
1.337750033387778004e+01
1.337748400970527385e+01
1.337747440217006023e+01
1.337745377312879214e+01
1.337736023257606810e+01
1.337736023257606810e+01
1.337736023257606810e+01
1.337732020129046440e+01
1.337731673867364890e+01
1.337731436910560667e+01
1.337727673078449087e+01
1.337727673078449087e+01
1.337727673078449087e+01
1.337726211273367305e+01
1.337726211273367305e+01
1.337725425778442556e+01
1.337714215844597376e+01
1.337709226419723940e+01
1.337707463128684715e+01
1.337707463128684715e+01
1.337707463128684715e+01
1.337703925698276386e+01
1.337690391219046404e+01
1.337687937629945978e+01
1.337687927235265839e+01
1.337684433437384790e+01
1.337681701904699949e+01
1.337680722284055079e+01
1.337679156473581088e+01
1.337677727449545984e+01
1.337677039966658477e+01
1.337676249281213714e+01
1.337674582800432788e+01
1.337669233502459853e+01
1.337665859910650212e+01
1.337660537999891375e+01
1.337660199846798648e+01
1.337652606844108760e+01
1.337648782974598838e+01
1.337648782974598838e+01
1.337644188403709400e+01
1.337644086903563156e+01
1.337644086903563156e+01
1.337640229220320975e+01
1.337640229220320975e+01
1.337639961564440227e+01
1.337639961564440227e+01
1.337638421726542681e+01
1.337634786954789590e+01
1.337630129457986961e+01
1.337625310956677183e+01
1.337624117712058158e+01
1.337616794949938104e+01
1.337611222911956865e+01
1.337611222911956865e+01
1.337611222911956865e+01
1.337596981305478927e+01
1.337592036686328889e+01
1.337591744806883653e+01
1.337591744806883653e+01
1.337589284782986354e+01
1.337586049907221053e+01
1.337586049907221053e+01
1.337586049907221053e+01
1.337586049907221053e+01
1.337580699987889155e+01
1.337580393051736039e+01
1.337579795611154765e+01
1.337578605532925557e+01
1.337574303835399725e+01
1.337574303835399725e+01
1.337574303835399725e+01
1.337573876909190496e+01
1.337573876909190496e+01
1.337572250288320141e+01
1.337571571489964661e+01
1.337568432727724321e+01
1.337565156909142949e+01
1.337564506296346423e+01
1.337562355094728872e+01
1.337562355094728872e+01
1.337560289924505774e+01
1.337560289924505774e+01
1.337558776619787082e+01
1.337557133256997410e+01
1.337549992954499878e+01
1.337549992954499878e+01
1.337549992954499878e+01
1.337549816570613714e+01
1.337548143728717598e+01
1.337548143728717598e+01
1.337548143728717598e+01
1.337544837787957697e+01
1.337544701530415736e+01
1.337538984925688368e+01
1.337537816991416229e+01
1.337537720186471013e+01
1.337527797769103444e+01
1.337525663831490164e+01
1.337524130550460200e+01
1.337524130550460200e+01
1.337521466104118772e+01
1.337521466104118772e+01
1.337520232015112853e+01
1.337520085491957289e+01
1.337518967010513116e+01
1.337518662209211939e+01
1.337517825504346725e+01
1.337517825504346725e+01
1.337508955488439888e+01
1.337506775703099038e+01
1.337501489278857569e+01
1.337500175045031980e+01
1.337500175045031980e+01
1.337496963385514093e+01
1.337496963385514093e+01
1.337495248347713606e+01
1.337490096964594954e+01
1.337489965867734831e+01
1.337488556123652650e+01
1.337487907029128387e+01
1.337483326353648927e+01
1.337482920758491289e+01
1.337482920758491289e+01
1.337482920758491289e+01
1.337479716566290477e+01
1.337479516629047893e+01
1.337479516629047893e+01
1.337475074288142984e+01
1.337472328144602152e+01
1.337471649624458259e+01
1.337471314528536581e+01
1.337471314528536581e+01
1.337466477296971412e+01
1.337455792332899129e+01
1.337455723046334555e+01
1.337455723046334555e+01
1.337455723046334555e+01
1.337453231580081159e+01
1.337452873714505586e+01
1.337446440392121616e+01
1.337446440392121616e+01
1.337443962488572069e+01
1.337437356753189377e+01
1.337431313867170601e+01
1.337428857446872144e+01
1.337420413848075107e+01
1.337420073940570298e+01
1.337414850637632391e+01
1.337413906012161391e+01
1.337408678003889051e+01
1.337408678003889051e+01
1.337408578891235145e+01
1.337408195004641165e+01
1.337407934417240796e+01
1.337407934417240796e+01
1.337405099243404827e+01
1.337404574394267343e+01
1.337401225060208709e+01
1.337401225060208709e+01
1.337401225060208709e+01
1.337400756979489458e+01
1.337400440785188493e+01
1.337394312564919652e+01
1.337393400893333961e+01
1.337391736309056611e+01
1.337391114082207011e+01
1.337389621596583567e+01
1.337389621596583567e+01
1.337389621596583567e+01
1.337389407999327240e+01
1.337388197820101787e+01
1.337379889317069548e+01
1.337379889317069548e+01
1.337379733512441682e+01
1.337378746203755142e+01
1.337374803032660431e+01
1.337374803032660431e+01
1.337374560333599938e+01
1.337374470252885850e+01
1.337374470252885850e+01
1.337369727465441294e+01
1.337369727465441294e+01
1.337369727465441294e+01
1.337369645491436465e+01
1.337369645491436465e+01
1.337369320048487609e+01
1.337365189902565277e+01
1.337364133538569533e+01
1.337364133538569533e+01
1.337364038250302833e+01
1.337363827615531520e+01
1.337363827615531520e+01
1.337361397170677613e+01
1.337361397170677613e+01
1.337355656912691160e+01
1.337353734056688559e+01
1.337353734056688559e+01
1.337351985484697003e+01
