9.618775848911140201e+03
9.163054759913506132e+03
9.302931254197375893e+03
9.655398967577553776e+03
9.529537078487457620e+03
9.917618235311270837e+03
9.329810904160278369e+03
8.926409419236204485e+03
9.803771699734856156e+03
9.391803872464124652e+03
1.003569253739667147e+04
8.728036585128254956e+03
9.643641905765191041e+03
9.256408773484354242e+03
9.550886120325461889e+03
9.930169875548515847e+03
9.908152575914558838e+03
9.770918986286305881e+03
9.732653271542170842e+03
1.008428961912278100e+04
9.329491801180116454e+03
1.021327957257246089e+04
1.005731852104971586e+04
1.023734609536390417e+04
9.168931759024144412e+03
9.648695147831385839e+03
9.617415634353983478e+03
9.655524734565628023e+03
8.985825379374649856e+03
9.218455687276426033e+03
