1.058866742615928888e+04
1.015550984724468799e+04
1.015550984724468799e+04
1.015550984724468799e+04
1.015550984724468799e+04
1.015550984724468799e+04
1.015550984724468799e+04
1.015550984724468799e+04
1.015550984724468799e+04
1.015550984724468799e+04
1.015550984724468799e+04
1.015550984724468799e+04
1.015550984724468799e+04
1.015550984724468799e+04
1.015550984724468799e+04
1.015550984724468799e+04
1.015550984724468799e+04
1.015550984724468799e+04
1.015550984724468799e+04
1.015550984724468799e+04
1.015550984724468799e+04
1.015550984724468799e+04
1.015550984724468799e+04
1.015550984724468799e+04
1.015550984724468799e+04
1.015550984724468799e+04
1.015550984724468799e+04
1.015550984724468799e+04
1.015550984724468799e+04
1.015490257584780556e+04
1.015490257584780556e+04
1.015490257584780556e+04
1.015490257584780556e+04
1.015490257584780556e+04
1.015490257584780556e+04
1.015490257584780556e+04
1.015490257584780556e+04
1.015490257584780556e+04
1.015490257584780556e+04
1.015490257584780556e+04
1.015490257584780556e+04
1.015490257584780556e+04
1.015490257584780556e+04
1.015490257584780556e+04
1.015490257584780556e+04
1.015490257584780556e+04
1.015490257584780556e+04
1.015490257584780556e+04
1.015490257584780556e+04
1.015490257584780556e+04
1.015490257584780556e+04
1.015490257584780556e+04
1.015490257584780556e+04
1.015490257584780556e+04
1.015490257584780556e+04
1.015490257584780556e+04
1.015490257584780556e+04
1.015490257584780556e+04
1.015490257584780556e+04
1.015490257584780556e+04
1.015490257584780556e+04
1.015490257584780556e+04
1.015490257584780556e+04
1.015490257584780556e+04
1.015490257584780556e+04
1.015490257584780556e+04
1.015490257584780556e+04
1.015490257584780556e+04
1.015490257584780556e+04
1.015490257584780556e+04
1.015490257584780556e+04
1.015490257584780556e+04
1.015490257584780556e+04
1.015490257584780556e+04
1.015490257584780556e+04
1.015490257584780556e+04
1.015490257584780556e+04
1.015490257584780556e+04
1.015490257584780556e+04
1.015490257584780556e+04
1.015490257584780556e+04
1.015490257584780556e+04
1.015490257584780556e+04
1.015490257584780556e+04
1.015490257584780556e+04
1.015490257584780556e+04
1.015490257584780556e+04
1.015490257584780556e+04
1.015490257584780556e+04
1.015463836850320695e+04
1.015463836850320695e+04
1.015458880188020339e+04
1.015458880188020339e+04
1.015423280633195827e+04
1.015423280633195827e+04
1.015423280633195827e+04
1.015423280633195827e+04
1.015423280633195827e+04
1.015423280633195827e+04
1.015423280633195827e+04
1.015423280633195827e+04
1.015423280633195827e+04
1.015423280633195827e+04
1.015423280633195827e+04
1.015423280633195827e+04
1.015423280633195827e+04
1.015423280633195827e+04
1.015423280633195827e+04
1.015423280633195827e+04
1.015423280633195827e+04
1.015423280633195827e+04
1.015423280633195827e+04
1.015423280633195827e+04
1.015423280633195827e+04
1.015423280633195827e+04
1.015423280633195827e+04
1.015423280633195827e+04
1.015423280633195827e+04
1.015423280633195827e+04
1.015423280633195827e+04
1.015423280633195827e+04
1.015423280633195827e+04
1.015423280633195827e+04
1.015423280633195827e+04
1.015423280633195827e+04
1.015423280633195827e+04
1.015419111451545905e+04
1.015419111451545905e+04
1.015419111451545905e+04
1.015419111451545905e+04
1.015419111451545905e+04
1.015419111451545905e+04
1.015419111451545905e+04
1.015419111451545905e+04
1.015419111451545905e+04
1.015419111451545905e+04
1.015419111451545905e+04
1.015419111451545905e+04
1.015419111451545905e+04
1.015419111451545905e+04
1.015419111451545905e+04
1.015419111451545905e+04
1.015419111451545905e+04
1.015419111451545905e+04
1.015419111451545905e+04
1.015419111451545905e+04
1.015419111451545905e+04
1.015419111451545905e+04
1.015419111451545905e+04
1.015419111451545905e+04
1.015419111451545905e+04
1.015419111451545905e+04
1.015419111451545905e+04
1.015419111451545905e+04
1.015419111451545905e+04
1.015419111451545905e+04
1.015419111451545905e+04
1.015419111451545905e+04
1.015419111451545905e+04
1.015419111451545905e+04
1.015419111451545905e+04
1.015419111451545905e+04
1.015419111451545905e+04
1.015419111451545905e+04
1.015419111451545905e+04
1.015419111451545905e+04
1.015419111451545905e+04
1.015419111451545905e+04
1.015419111451545905e+04
1.015419111451545905e+04
1.015419111451545905e+04
1.015419111451545905e+04
1.015419111451545905e+04
1.015419111451545905e+04
1.015419111451545905e+04
1.015419111451545905e+04
1.015419111451545905e+04
1.015419111451545905e+04
1.015419111451545905e+04
1.015419111451545905e+04
1.015419111451545905e+04
1.015419111451545905e+04
1.015419111451545905e+04
1.015419111451545905e+04
1.015419111451545905e+04
1.015419111451545905e+04
1.015419111451545905e+04
1.015419111451545905e+04
1.015419111451545905e+04
1.015419111451545905e+04
1.015419111451545905e+04
1.015419111451545905e+04
1.015419111451545905e+04
1.015419111451545905e+04
1.015419111451545905e+04
1.015419111451545905e+04
1.015419111451545905e+04
1.015419111451545905e+04
1.015419111451545905e+04
1.015419111451545905e+04
1.015419111451545905e+04
1.015419111451545905e+04
1.015419111451545905e+04
1.015419111451545905e+04
1.015419111451545905e+04
1.015419111451545905e+04
1.015419111451545905e+04
1.015419111451545905e+04
1.015419111451545905e+04
1.015419111451545905e+04
1.015419111451545905e+04
1.015419111451545905e+04
1.015419111451545905e+04
1.015419111451545905e+04
1.015419111451545905e+04
1.015419111451545905e+04
1.015419111451545905e+04
1.015419111451545905e+04
1.015419111451545905e+04
1.015419111451545905e+04
1.015419111451545905e+04
1.015419111451545905e+04
1.015419111451545905e+04
1.015419111451545905e+04
1.015419111451545905e+04
1.015399815606236734e+04
1.015399815606236734e+04
1.015399815606236734e+04
1.015399815606236734e+04
1.015399815606236734e+04
1.015399815606236734e+04
1.015399815606236734e+04
1.015399815606236734e+04
1.015399815606236734e+04
1.015399815606236734e+04
1.015399815606236734e+04
1.015399815606236734e+04
1.015399815606236734e+04
1.015399815606236734e+04
1.015399815606236734e+04
1.015399815606236734e+04
1.015399815606236734e+04
1.015381660973840735e+04
1.015381660973840735e+04
1.015381660973840735e+04
1.015381660973840735e+04
1.015381660973840735e+04
1.015381660973840735e+04
1.015381660973840735e+04
1.015381660973840735e+04
1.015381660973840735e+04
1.015381660973840735e+04
1.015381660973840735e+04
1.015381660973840735e+04
1.015381660973840735e+04
1.015381660973840735e+04
1.015381660973840735e+04
1.015381660973840735e+04
1.015381660973840735e+04
1.015381660973840735e+04
1.015381660973840735e+04
1.015381660973840735e+04
1.015381660973840735e+04
1.015381660973840735e+04
1.015381660973840735e+04
1.015381660973840735e+04
1.015381660973840735e+04
1.015381660973840735e+04
1.015381660973840735e+04
1.015381660973840735e+04
1.015381660973840735e+04
1.015381660973840735e+04
1.015381660973840735e+04
1.015381660973840735e+04
1.015381660973840735e+04
1.015381660973840735e+04
1.015381660973840735e+04
1.015381660973840735e+04
1.015381660973840735e+04
1.015381660973840735e+04
1.015381660973840735e+04
1.015381660973840735e+04
1.015381660973840735e+04
1.015381660973840735e+04
1.015381660973840735e+04
1.015381660973840735e+04
1.015381660973840735e+04
1.015381660973840735e+04
1.015381660973840735e+04
1.015381660973840735e+04
1.015381660973840735e+04
1.015381660973840735e+04
1.015381660973840735e+04
1.015381660973840735e+04
1.015381660973840735e+04
1.015381660973840735e+04
1.015381660973840735e+04
1.015381660973840735e+04
1.015381660973840735e+04
1.015381660973840735e+04
1.015381660973840735e+04
1.015381660973840735e+04
1.015359158685695729e+04
1.015359158685695729e+04
1.015359158685695729e+04
1.015359158685695729e+04
1.015359158685695729e+04
1.015359158685695729e+04
1.015359158685695729e+04
1.015359158685695729e+04
1.015359158685695729e+04
1.015359158685695729e+04
1.015359158685695729e+04
1.015359158685695729e+04
1.015359158685695729e+04
1.015359158685695729e+04
1.015359158685695729e+04
1.015359158685695729e+04
1.015359158685695729e+04
1.015359158685695729e+04
1.015359158685695729e+04
1.015359158685695729e+04
1.015359158685695729e+04
1.015359158685695729e+04
1.015355510134727774e+04
1.015355510134727774e+04
1.015355510134727774e+04
1.015355510134727774e+04
1.015355510134727774e+04
1.015355510134727774e+04
1.015355510134727774e+04
1.015355510134727774e+04
1.015355510134727774e+04
1.015355510134727774e+04
1.015355510134727774e+04
1.015355510134727774e+04
1.015355510134727774e+04
1.015355510134727774e+04
1.015355510134727774e+04
1.015355510134727774e+04
1.015355510134727774e+04
1.015355510134727774e+04
1.015355510134727774e+04
1.015355510134727774e+04
1.015355510134727774e+04
1.015355510134727774e+04
1.015325086832865054e+04
1.015278106860252956e+04
1.015278106860252956e+04
1.015278106860252956e+04
1.015278106860252956e+04
1.015278106860252956e+04
1.015278106860252956e+04
1.015278106860252956e+04
1.015278106860252956e+04
1.015278106860252956e+04
1.015278106860252956e+04
1.015278106860252956e+04
1.015278106860252956e+04
1.015278106860252956e+04
1.015278106860252956e+04
1.015278106860252956e+04
1.015262907872659889e+04
1.015262907872659889e+04
1.015262907872659889e+04
1.015262907872659889e+04
1.015262907872659889e+04
1.015262907872659889e+04
1.015262907872659889e+04
1.015262907872659889e+04
1.015262907872659889e+04
1.015262907872659889e+04
1.015262907872659889e+04
1.015262907872659889e+04
1.015262907872659889e+04
1.015262907872659889e+04
1.015262907872659889e+04
1.015262907872659889e+04
1.015262907872659889e+04
1.015262907872659889e+04
1.015262907872659889e+04
1.015262907872659889e+04
1.015262907872659889e+04
1.015262907872659889e+04
1.015262907872659889e+04
1.015262907872659889e+04
1.015262907872659889e+04
1.015262907872659889e+04
1.015262907872659889e+04
1.015262907872659889e+04
1.015262907872659889e+04
1.015262907872659889e+04
1.015262907872659889e+04
1.015262907872659889e+04
1.015262907872659889e+04
1.015262907872659889e+04
1.015262907872659889e+04
1.015262907872659889e+04
1.015262907872659889e+04
1.015262907872659889e+04
1.015262907872659889e+04
1.015262907872659889e+04
1.015262907872659889e+04
1.015262907872659889e+04
1.015262907872659889e+04
1.015262907872659889e+04
1.015262907872659889e+04
1.015262907872659889e+04
1.015262907872659889e+04
1.015262907872659889e+04
1.015262907872659889e+04
1.015262907872659889e+04
1.015262907872659889e+04
1.015244126024916659e+04
1.015244126024916659e+04
1.015244126024916659e+04
1.015244126024916659e+04
1.015244126024916659e+04
1.015244126024916659e+04
1.015244126024916659e+04
1.015244126024916659e+04
1.015244126024916659e+04
1.015244126024916659e+04
1.015244126024916659e+04
1.015244126024916659e+04
1.015244126024916659e+04
1.015244126024916659e+04
1.015244126024916659e+04
1.015244126024916659e+04
1.015244126024916659e+04
1.015244126024916659e+04
1.015244126024916659e+04
1.015244126024916659e+04
1.015244126024916659e+04
1.015244126024916659e+04
1.015244126024916659e+04
1.015244126024916659e+04
1.015244126024916659e+04
1.015244126024916659e+04
1.015244126024916659e+04
1.015244126024916659e+04
1.015244126024916659e+04
1.015244126024916659e+04
1.015244126024916659e+04
1.015244126024916659e+04
1.015244126024916659e+04
1.015244126024916659e+04
1.015244126024916659e+04
1.015244126024916659e+04
1.015244126024916659e+04
1.015244126024916659e+04
1.015244126024916659e+04
1.015244126024916659e+04
1.015244126024916659e+04
1.015244126024916659e+04
1.015244126024916659e+04
1.015244126024916659e+04
1.015244126024916659e+04
1.015244126024916659e+04
1.015244126024916659e+04
1.015244126024916659e+04
1.015244126024916659e+04
1.015244126024916659e+04
1.015244126024916659e+04
1.015244126024916659e+04
1.015244126024916659e+04
1.015244126024916659e+04
1.015244126024916659e+04
1.015244126024916659e+04
1.015244126024916659e+04
1.015244126024916659e+04
1.015244126024916659e+04
1.015244126024916659e+04
1.015244126024916659e+04
1.015244126024916659e+04
1.015244126024916659e+04
1.015244126024916659e+04
1.015244126024916659e+04
1.015244126024916659e+04
1.015244126024916659e+04
1.015244126024916659e+04
1.015244126024916659e+04
1.015244126024916659e+04
1.015244126024916659e+04
1.015244126024916659e+04
1.015244126024916659e+04
1.015244126024916659e+04
1.015244126024916659e+04
1.015244126024916659e+04
1.015244126024916659e+04
1.015244126024916659e+04
1.015244126024916659e+04
1.015244126024916659e+04
1.015244126024916659e+04
1.015244126024916659e+04
1.015244126024916659e+04
1.015244126024916659e+04
1.015244126024916659e+04
1.015244126024916659e+04
1.015244126024916659e+04
1.015244126024916659e+04
1.015244126024916659e+04
1.015244126024916659e+04
1.015244126024916659e+04
1.015244126024916659e+04
1.015244126024916659e+04
1.015244126024916659e+04
1.015244126024916659e+04
1.015244126024916659e+04
1.015244126024916659e+04
1.015244126024916659e+04
1.015244126024916659e+04
1.015244126024916659e+04
1.015244126024916659e+04
1.015244126024916659e+04
1.015244126024916659e+04
1.015244126024916659e+04
1.015244126024916659e+04
1.015244126024916659e+04
1.015244126024916659e+04
1.015244126024916659e+04
1.015244126024916659e+04
1.015244126024916659e+04
1.015244126024916659e+04
1.015244126024916659e+04
1.015244126024916659e+04
1.015244126024916659e+04
1.015244126024916659e+04
1.015244126024916659e+04
1.015244126024916659e+04
1.015244126024916659e+04
1.015244126024916659e+04
1.015244126024916659e+04
1.015244126024916659e+04
1.015244126024916659e+04
1.015244126024916659e+04
1.015244126024916659e+04
1.015244126024916659e+04
1.015244126024916659e+04
1.015244126024916659e+04
1.015244126024916659e+04
1.015244126024916659e+04
1.015244126024916659e+04
1.015244126024916659e+04
1.015244126024916659e+04
1.015244126024916659e+04
1.015244126024916659e+04
1.015244126024916659e+04
1.015244126024916659e+04
1.015244126024916659e+04
1.015244126024916659e+04
1.015244126024916659e+04
1.015244126024916659e+04
1.015244126024916659e+04
1.015244126024916659e+04
1.015244126024916659e+04
1.015244126024916659e+04
1.015244126024916659e+04
1.015244126024916659e+04
1.015244126024916659e+04
1.015244126024916659e+04
1.015244126024916659e+04
1.015244126024916659e+04
1.015244126024916659e+04
1.015244126024916659e+04
1.015244126024916659e+04
1.015244126024916659e+04
1.015244126024916659e+04
1.015244126024916659e+04
1.015244126024916659e+04
1.015244126024916659e+04
1.015244126024916659e+04
1.015244126024916659e+04
1.015244126024916659e+04
1.015244126024916659e+04
1.015244126024916659e+04
1.015244126024916659e+04
1.015244126024916659e+04
1.015244126024916659e+04
1.015244126024916659e+04
1.015244126024916659e+04
1.015244126024916659e+04
1.015244126024916659e+04
1.015244126024916659e+04
1.015244126024916659e+04
1.015244126024916659e+04
1.015244126024916659e+04
1.015244126024916659e+04
1.015244126024916659e+04
1.015244126024916659e+04
1.015244126024916659e+04
1.015244126024916659e+04
1.015244126024916659e+04
1.015244126024916659e+04
1.015244126024916659e+04
1.015244126024916659e+04
1.015244126024916659e+04
1.015244126024916659e+04
1.015244126024916659e+04
1.015244126024916659e+04
1.015244126024916659e+04
1.015244126024916659e+04
1.015244126024916659e+04
1.015244126024916659e+04
1.015244126024916659e+04
1.015244126024916659e+04
1.015244126024916659e+04
1.015244126024916659e+04
1.015244126024916659e+04
1.015244126024916659e+04
1.015244126024916659e+04
1.015244126024916659e+04
1.015244126024916659e+04
1.015244126024916659e+04
1.015244126024916659e+04
1.015244126024916659e+04
1.015244126024916659e+04
1.015244126024916659e+04
1.015244126024916659e+04
1.015218535241288555e+04
1.015218535241288555e+04
1.015218535241288555e+04
1.015218535241288555e+04
1.015218535241288555e+04
1.015218535241288555e+04
1.015218535241288555e+04
1.015218535241288555e+04
1.015218535241288555e+04
1.015218535241288555e+04
1.015218535241288555e+04
1.015218535241288555e+04
1.015218535241288555e+04
1.015218535241288555e+04
1.015218535241288555e+04
1.015218535241288555e+04
1.015218535241288555e+04
1.015218535241288555e+04
1.015218535241288555e+04
1.015218535241288555e+04
1.015218535241288555e+04
1.015218535241288555e+04
1.015135628070668281e+04
1.015135628070668281e+04
1.015135628070668281e+04
1.015135628070668281e+04
1.015135628070668281e+04
1.015135628070668281e+04
1.015135628070668281e+04
1.015135628070668281e+04
1.015135628070668281e+04
1.015135628070668281e+04
1.015135628070668281e+04
1.015135628070668281e+04
1.015135628070668281e+04
1.015135628070668281e+04
1.015135628070668281e+04
1.015135628070668281e+04
1.015135628070668281e+04
1.015135628070668281e+04
1.015135628070668281e+04
1.015135628070668281e+04
1.015135628070668281e+04
1.015135628070668281e+04
1.015135628070668281e+04
1.015135628070668281e+04
1.015135628070668281e+04
1.015135628070668281e+04
1.015135628070668281e+04
1.015135628070668281e+04
1.015135628070668281e+04
1.015135628070668281e+04
1.015135628070668281e+04
1.015135628070668281e+04
1.015135628070668281e+04
1.015135628070668281e+04
1.015135628070668281e+04
1.015135628070668281e+04
1.015135628070668281e+04
1.015135628070668281e+04
1.015135628070668281e+04
1.015135628070668281e+04
1.015135628070668281e+04
1.015135628070668281e+04
1.015135628070668281e+04
1.015135628070668281e+04
1.015135628070668281e+04
1.015135628070668281e+04
1.015135628070668281e+04
1.015135628070668281e+04
1.015135628070668281e+04
1.015135628070668281e+04
1.015135628070668281e+04
1.015135628070668281e+04
1.015135628070668281e+04
1.015135628070668281e+04
1.015135628070668281e+04
1.015135628070668281e+04
1.015135628070668281e+04
1.015135628070668281e+04
1.015135628070668281e+04
1.015135628070668281e+04
1.015135628070668281e+04
1.015135628070668281e+04
1.015135628070668281e+04
1.015135628070668281e+04
1.015135628070668281e+04
1.015135628070668281e+04
1.015135628070668281e+04
1.015135628070668281e+04
1.015135628070668281e+04
1.015135628070668281e+04
1.015135628070668281e+04
1.015135628070668281e+04
1.015135628070668281e+04
1.015135628070668281e+04
1.015135628070668281e+04
1.015135628070668281e+04
1.015135628070668281e+04
1.015135628070668281e+04
1.015135628070668281e+04
1.015135628070668281e+04
1.015135628070668281e+04
1.015135628070668281e+04
1.015135628070668281e+04
1.015135628070668281e+04
1.015135628070668281e+04
1.015135628070668281e+04
1.015135628070668281e+04
1.015135628070668281e+04
1.015135628070668281e+04
1.015135628070668281e+04
1.015135628070668281e+04
1.015135628070668281e+04
1.015135628070668281e+04
1.015135628070668281e+04
1.015135628070668281e+04
1.015135628070668281e+04
1.015135628070668281e+04
1.015135628070668281e+04
1.015135628070668281e+04
1.015135628070668281e+04
1.015135628070668281e+04
1.015135628070668281e+04
1.015135628070668281e+04
1.015135628070668281e+04
1.015135628070668281e+04
1.015135628070668281e+04
1.015135628070668281e+04
1.015135628070668281e+04
1.015135628070668281e+04
1.015135628070668281e+04
1.015135628070668281e+04
1.015135628070668281e+04
1.015135628070668281e+04
1.015135628070668281e+04
1.015135628070668281e+04
1.015135628070668281e+04
1.015135628070668281e+04
1.015135628070668281e+04
1.015135628070668281e+04
1.015135628070668281e+04
1.015135628070668281e+04
1.015135628070668281e+04
1.015135478800808050e+04
1.015135478800808050e+04
1.015135478800808050e+04
1.015135478800808050e+04
1.015050175184657019e+04
1.015050175184657019e+04
1.015050175184657019e+04
1.015050175184657019e+04
1.015050175184657019e+04
1.015050175184657019e+04
1.015050175184657019e+04
1.015050175184657019e+04
1.015050175184657019e+04
1.015050175184657019e+04
1.015050175184657019e+04
1.015050175184657019e+04
1.015050175184657019e+04
1.015050175184657019e+04
1.015050175184657019e+04
1.015050175184657019e+04
1.015050175184657019e+04
1.015050175184657019e+04
1.015050175184657019e+04
1.015050175184657019e+04
1.015050175184657019e+04
1.015050175184657019e+04
1.015050175184657019e+04
1.015050175184657019e+04
1.015050175184657019e+04
1.015050175184657019e+04
1.015050175184657019e+04
1.015050175184657019e+04
1.015050175184657019e+04
1.015050175184657019e+04
1.015050175184657019e+04
1.015050175184657019e+04
1.015050175184657019e+04
1.015050175184657019e+04
1.015050175184657019e+04
1.015050175184657019e+04
1.015050175184657019e+04
1.015050175184657019e+04
1.015050175184657019e+04
1.015050175184657019e+04
1.015050175184657019e+04
1.015050175184657019e+04
1.015050175184657019e+04
1.015050175184657019e+04
1.015050175184657019e+04
1.015050175184657019e+04
1.015050175184657019e+04
1.015050175184657019e+04
1.015050175184657019e+04
1.015050175184657019e+04
1.015050175184657019e+04
1.015050175184657019e+04
1.015050175184657019e+04
1.015050175184657019e+04
1.015050175184657019e+04
1.015050175184657019e+04
1.015050175184657019e+04
1.015050175184657019e+04
1.015050175184657019e+04
1.015050175184657019e+04
1.015050175184657019e+04
1.015050175184657019e+04
1.015050175184657019e+04
1.015050175184657019e+04
1.015050175184657019e+04
1.015050175184657019e+04
1.015050175184657019e+04
1.015050175184657019e+04
1.015050175184657019e+04
1.015050175184657019e+04
1.015050175184657019e+04
1.015050175184657019e+04
1.015050175184657019e+04
1.015050175184657019e+04
1.015050175184657019e+04
1.015050175184657019e+04
1.015050175184657019e+04
1.015050175184657019e+04
1.015050175184657019e+04
1.015050175184657019e+04
1.015050175184657019e+04
1.015050175184657019e+04
1.015050175184657019e+04
1.015050175184657019e+04
1.015050175184657019e+04
1.015050175184657019e+04
1.015050175184657019e+04
1.015050175184657019e+04
1.015050175184657019e+04
1.015050175184657019e+04
1.015050175184657019e+04
1.015050175184657019e+04
1.015050175184657019e+04
1.015050175184657019e+04
1.015050175184657019e+04
1.015050175184657019e+04
1.015050175184657019e+04
1.015050175184657019e+04
1.015050175184657019e+04
1.015050175184657019e+04
1.015050175184657019e+04
1.015050175184657019e+04
1.015050175184657019e+04
1.015050175184657019e+04
1.015050175184657019e+04
1.015050175184657019e+04
1.014957831892330069e+04
1.014957831892330069e+04
1.014957831892330069e+04
1.014957831892330069e+04
1.014957831892330069e+04
1.014957831892330069e+04
1.014957831892330069e+04
1.014957831892330069e+04
1.014957831892330069e+04
1.014957831892330069e+04
1.014957831892330069e+04
1.014957831892330069e+04
1.014957831892330069e+04
1.014957831892330069e+04
1.014957831892330069e+04
1.014957831892330069e+04
1.014957831892330069e+04
1.014957831892330069e+04
1.014957831892330069e+04
1.014957831892330069e+04
1.014957831892330069e+04
1.014957831892330069e+04
1.014957831892330069e+04
1.014957831892330069e+04
1.014957831892330069e+04
1.014957831892330069e+04
1.014957831892330069e+04
1.014957831892330069e+04
1.014957831892330069e+04
1.014957831892330069e+04
1.014957831892330069e+04
1.014957831892330069e+04
1.014957831892330069e+04
1.014957831892330069e+04
1.014941981841127745e+04
1.014941981841127745e+04
1.014941981841127745e+04
1.014941981841127745e+04
1.014941981841127745e+04
1.014941981841127745e+04
1.014941981841127745e+04
1.014941981841127745e+04
1.014941981841127745e+04
1.014941981841127745e+04
1.014941981841127745e+04
1.014941981841127745e+04
1.014941981841127745e+04
1.014941981841127745e+04
1.014941981841127745e+04
1.014941981841127745e+04
1.014941981841127745e+04
1.014941981841127745e+04
1.014941981841127745e+04
1.014941981841127745e+04
1.014941981841127745e+04
1.014941981841127745e+04
1.014941981841127745e+04
1.014941981841127745e+04
1.014941981841127745e+04
1.014941981841127745e+04
1.014941981841127745e+04
1.014941981841127745e+04
1.014941981841127745e+04
1.014941981841127745e+04
1.014941981841127745e+04
1.014941981841127745e+04
1.014941981841127745e+04
1.014941981841127745e+04
1.014941981841127745e+04
1.014941981841127745e+04
1.014941981841127745e+04
1.014941981841127745e+04
1.014941981841127745e+04
1.014941981841127745e+04
1.014941981841127745e+04
1.014941981841127745e+04
1.014941981841127745e+04
1.014941981841127745e+04
1.014941981841127745e+04
1.014941981841127745e+04
1.014941981841127745e+04
1.014941981841127745e+04
1.014941981841127745e+04
1.014941981841127745e+04
1.014941981841127745e+04
1.014941981841127745e+04
1.014941981841127745e+04
1.014941981841127745e+04
1.014941981841127745e+04
1.014941981841127745e+04
1.014941981841127745e+04
1.014941981841127745e+04
1.014941981841127745e+04
1.014941981841127745e+04
1.014941981841127745e+04
1.014941981841127745e+04
1.014941981841127745e+04
1.014941981841127745e+04
1.014941981841127745e+04
1.014941981841127745e+04
1.014941981841127745e+04
1.014941981841127745e+04
1.014941981841127745e+04
1.014941981841127745e+04
1.014941981841127745e+04
1.014941981841127745e+04
1.014941981841127745e+04
1.014941981841127745e+04
1.014941981841127745e+04
1.014941981841127745e+04
1.014941981841127745e+04
1.014941981841127745e+04
1.014941981841127745e+04
1.014941981841127745e+04
1.014941981841127745e+04
1.014941981841127745e+04
1.014941981841127745e+04
1.014941981841127745e+04
1.014941981841127745e+04
1.014941981841127745e+04
1.014941981841127745e+04
1.014941981841127745e+04
1.014941981841127745e+04
1.014941981841127745e+04
1.014941981841127745e+04
1.014941981841127745e+04
1.014941981841127745e+04
