9.939885895505693043e+03
9.766202080141807528e+03
9.729300120877242080e+03
9.705516168334901522e+03
9.698808238371246262e+03
9.693852623380353180e+03
9.692236351194014787e+03
9.683675064832696080e+03
9.682936548951425721e+03
9.682936548951425721e+03
9.682936548951425721e+03
9.682502630955057612e+03
9.681882260581483933e+03
9.681882260581483933e+03
9.681882260581483933e+03
9.679621170702235759e+03
9.679620815076410508e+03
9.679533639177525401e+03
9.679533639177525401e+03
9.679503547348285792e+03
9.679503547348285792e+03
9.679482186642620945e+03
9.678563816920201134e+03
9.678563816920201134e+03
9.678563816920201134e+03
9.678563816920201134e+03
9.678544809171587985e+03
9.678164198168906296e+03
9.678164198168906296e+03
9.678164198168906296e+03
9.678164198168906296e+03
9.674318069858698436e+03
9.674297297063320002e+03
9.673942462395560142e+03
9.673942462395560142e+03
9.673942462395560142e+03
9.673870261890984693e+03
9.673793249686577838e+03
9.673784342998009379e+03
9.673784342998009379e+03
9.673784342998009379e+03
9.673784342998009379e+03
9.673749318217434848e+03
9.673688313004824522e+03
9.673650154887087410e+03
9.673650154887087410e+03
9.673646295687622114e+03
9.673626792173723516e+03
9.673626792173723516e+03
9.673618078469320608e+03
9.673544661298112260e+03
9.673544661298112260e+03
9.673534946848700201e+03
9.673534946848700201e+03
9.673534946848700201e+03
9.673534946848700201e+03
9.673534946848700201e+03
9.673534946848700201e+03
9.673521213233780145e+03
9.673517360555249979e+03
9.673504914797826132e+03
9.673504914797826132e+03
9.673504914797826132e+03
9.673504914797826132e+03
9.673504914797826132e+03
9.673504914797826132e+03
9.673464364631983699e+03
9.673464364631983699e+03
9.673464364631983699e+03
9.673457376269137967e+03
9.673457376269137967e+03
9.673441804270853027e+03
9.673441804270853027e+03
9.673441804270853027e+03
9.673441804270853027e+03
9.673441804270853027e+03
9.673441804270853027e+03
9.673441804270853027e+03
9.673441804270853027e+03
9.673441804270853027e+03
9.673430169893552375e+03
9.673430169893552375e+03
9.673430169893552375e+03
9.673398567253745568e+03
9.673390536128488748e+03
9.673358011045396779e+03
9.673338281478721910e+03
9.673311037851164656e+03
9.673311037851164656e+03
9.673311037851164656e+03
9.673299957456189077e+03
9.673299957456189077e+03
9.673299957456189077e+03
9.673299957456189077e+03
9.673299957456189077e+03
9.673299957456189077e+03
9.673297316290216258e+03
9.673297316290216258e+03
9.673264537001357894e+03
9.673256227145255252e+03
9.673249240990329781e+03
9.673230761487058771e+03
9.673219896068050730e+03
9.673219896068050730e+03
9.673219896068050730e+03
9.673189638017265679e+03
9.673161911411494657e+03
9.673161911411494657e+03
9.673161911411494657e+03
9.673161911411494657e+03
9.673161911411494657e+03
9.673161911411494657e+03
9.673161911411494657e+03
9.673161911411494657e+03
9.673161911411494657e+03
9.673150576285503121e+03
9.673143598032405862e+03
9.673113265025993314e+03
9.673064827650365260e+03
9.673023270759773368e+03
9.672960830694704782e+03
9.672926125336838595e+03
9.672863259351088345e+03
9.672850332176118172e+03
9.672787011309344962e+03
9.672731545941416698e+03
9.672719314505957300e+03
9.672689956884483763e+03
9.672665965082329421e+03
9.672640452386689503e+03
9.672565890452278836e+03
9.672539698616799797e+03
9.672497950612683780e+03
9.672481535794575393e+03
9.672443163607858878e+03
9.672403293753912294e+03
9.672369907541007706e+03
9.672292837026392590e+03
9.672258579135810578e+03
9.672249736177700470e+03
9.672160032714840781e+03
9.672105918704906799e+03
9.672038010795969967e+03
9.671974030820931148e+03
9.671913358144218364e+03
9.671825477406122445e+03
9.671685070865896705e+03
9.671653789308433261e+03
9.671653789308433261e+03
9.671610675448380789e+03
9.671579293000262624e+03
9.671562227545415226e+03
9.671553099078877494e+03
9.671495508034022350e+03
9.671451229134165260e+03
9.671368541680336421e+03
9.671267121993088949e+03
9.671246390109883578e+03
9.671151404342128444e+03
9.671019186030383935e+03
9.670999163448841500e+03
9.670963181604172860e+03
9.670940331596288161e+03
9.670913720021915651e+03
9.670881293306783846e+03
9.670855390215903753e+03
9.670835829119159825e+03
9.670776461287494385e+03
9.670704022128131328e+03
9.670611304204512635e+03
9.670606723945842532e+03
9.670525163713115035e+03
9.670500408456531659e+03
9.670416666072678709e+03
9.670371269998224307e+03
9.670315782222578491e+03
9.670280244561443396e+03
9.670149136044195984e+03
9.670142145737192550e+03
9.670074583938612705e+03
9.670047877216251436e+03
9.670011731865659385e+03
9.669955499210183916e+03
9.669923336163794374e+03
9.669790003227803027e+03
9.669750950869669396e+03
9.669700424889142596e+03
9.669631669214148133e+03
9.669566844941447926e+03
9.669526051942411868e+03
9.669423699350167226e+03
9.669369058978300018e+03
9.669295123648913432e+03
9.669232120782417041e+03
9.669072437115188222e+03
9.669070269805766657e+03
9.669049786072066127e+03
9.669022359186434187e+03
9.668998317847997896e+03
9.668976825562918748e+03
9.668837654941549772e+03
9.668808133437845754e+03
9.668755101224336613e+03
9.668712782142189099e+03
9.668690656053910061e+03
9.668679816657608171e+03
9.668586225693248707e+03
9.668443416473284742e+03
9.668405378398700122e+03
9.668367235311683544e+03
9.668303773679637743e+03
9.668292958876259945e+03
9.668189054683576614e+03
9.668108116048673764e+03
9.668034035959541143e+03
9.667987907189057296e+03
9.667899379135638810e+03
9.667889708258591781e+03
9.667794241066045288e+03
9.667697133508732804e+03
9.667635068479254187e+03
9.667601291396827946e+03
9.667586384030109912e+03
9.667509259778355045e+03
9.667441928770856975e+03
9.667412767102799990e+03
9.667340295655294540e+03
9.667258276460845082e+03
9.667185809955155491e+03
9.667147569926080905e+03
9.667103304466740155e+03
9.666999015959951066e+03
9.666933692812315712e+03
9.666889747904397154e+03
9.666741099996748744e+03
9.666729179070125610e+03
9.666708826655514713e+03
9.666669216076716111e+03
9.666619439304306070e+03
9.666588347422757579e+03
9.666509102796522711e+03
9.666424007340725439e+03
9.666335791934019653e+03
9.666281686473335867e+03
9.666220332272285304e+03
9.666087599715445322e+03
9.666071602884774620e+03
9.666023711794859992e+03
9.665944030592838317e+03
9.665868806520875296e+03
9.665836343793640481e+03
9.665778640102422287e+03
9.665706545737837587e+03
9.665650401848792171e+03
9.665613381801398646e+03
9.665555534113800604e+03
9.665515307189440136e+03
9.665470607905766883e+03
9.665394671259589813e+03
9.665267288754552283e+03
9.665149215906501922e+03
9.665134488553820120e+03
9.665096968446678147e+03
9.665020289934162065e+03
9.664986557090043789e+03
9.664945451441659316e+03
9.664909684857582761e+03
9.664814900377557933e+03
9.664638059074013654e+03
9.664592062213185272e+03
9.664525505185934890e+03
9.664525505185934890e+03
9.664509942445432898e+03
9.664363649599301425e+03
9.664337476685825095e+03
9.664298322879460102e+03
9.664195794158442368e+03
9.664175721217598038e+03
9.664116801491916704e+03
9.664041935589542845e+03
9.663988318327606976e+03
9.663881568402330231e+03
9.663830312959787989e+03
9.663818299617578305e+03
9.663731878846165273e+03
9.663624953977245241e+03
9.663474678330643655e+03
9.663457946060547329e+03
9.663381441459046982e+03
9.663310608254150793e+03
9.663264748657324162e+03
9.663236799213229460e+03
9.663228456132508654e+03
9.663095224549731938e+03
9.663067012917481406e+03
9.663013136183282768e+03
9.662788347178810000e+03
9.662677566968333849e+03
9.662653887032418424e+03
9.662575059125871121e+03
9.662474029906281430e+03
9.662446868709352202e+03
9.662355997995631697e+03
9.662206587403961748e+03
9.662154828464039383e+03
9.662122943468250014e+03
9.662072917101153507e+03
9.662013367872303206e+03
9.661881485760248324e+03
9.661749627334644174e+03
9.661662908347987468e+03
9.661601696677398650e+03
9.661501861699010988e+03
9.661360579371301355e+03
9.661272780777064327e+03
9.661191324885227004e+03
9.661125746930518289e+03
9.661024202291027905e+03
9.660999682566753108e+03
9.660858110914750796e+03
9.660801328972320334e+03
9.660772688917411870e+03
9.660698267468289487e+03
9.660599698540025202e+03
9.660523055666142682e+03
9.660437099717071760e+03
9.660328044234602203e+03
9.660283826717777629e+03
9.660182359643758900e+03
9.660104771660440747e+03
9.660039643156114835e+03
9.659986177159495128e+03
9.659881130854670118e+03
9.659780475576433673e+03
9.659707643875433860e+03
9.659587623236835498e+03
9.659522799601169027e+03
9.659373176919545585e+03
9.659327740472957885e+03
9.659257234943581352e+03
9.659150030420096300e+03
9.659101766936561035e+03
9.658990690792425085e+03
9.658890119836096346e+03
9.658827195383473736e+03
9.658787953538174406e+03
9.658657317449380571e+03
9.658563830017807049e+03
9.658436691690762018e+03
9.658400793613343922e+03
9.658328190598465881e+03
9.658253138386464343e+03
9.658164572708741616e+03
9.658023597499202879e+03
9.657980470647935363e+03
9.657856926815175029e+03
9.657758125357413519e+03
9.657677248059346311e+03
9.657630409977626186e+03
9.657589746067067608e+03
9.657510085200025060e+03
9.657393925252836198e+03
9.657259772538340258e+03
9.657243963414108293e+03
9.657081821304342157e+03
9.657037938275556371e+03
9.656919942293325221e+03
9.656889859586759485e+03
9.656758511475383784e+03
9.656734373961615347e+03
9.656602905500212728e+03
9.656538558575159186e+03
9.656506570261872184e+03
9.656453480677821062e+03
9.656306071034623528e+03
9.656193755287398744e+03
9.656162688953443649e+03
9.656049533079329194e+03
9.655880487536334840e+03
9.655868400298237248e+03
9.655836569120283457e+03
9.655793835235652296e+03
9.655664061501513061e+03
9.655551626788661451e+03
9.655429079903151433e+03
9.655361829569619658e+03
9.655224378374263324e+03
9.655214847779710908e+03
9.655090321252780996e+03
9.655045296057245650e+03
9.654976678970222565e+03
9.654909306426059629e+03
9.654817573007829196e+03
9.654688040820175956e+03
9.654594176735970905e+03
9.654544129054082077e+03
9.654505378716088671e+03
9.654372071568444881e+03
9.654274537579958633e+03
9.654217995369590426e+03
9.654061587703490659e+03
9.653904556806013716e+03
9.653778443006891393e+03
9.653742808682338364e+03
9.653724224041354319e+03
9.653604920082760145e+03
9.653405828847060548e+03
9.653345283907732664e+03
9.653268537861144068e+03
9.653135058022337034e+03
9.653089167799307688e+03
9.652929354144784156e+03
9.652894262994546807e+03
9.652728065056810010e+03
9.652688725801790497e+03
9.652585780185412659e+03
9.652488654642878828e+03
9.652384599443954357e+03
9.652195054689318567e+03
9.652108006881948313e+03
9.652049819107798612e+03
9.652033657029769529e+03
9.651841327031474066e+03
9.651744685644222045e+03
9.651572330399316343e+03
9.651525980194392105e+03
9.651340313050097393e+03
9.651311159487189798e+03
9.651193273971455710e+03
9.651130562245718465e+03
9.651037064666565129e+03
9.650942308025896637e+03
9.650836388411005828e+03
9.650726071418981519e+03
9.650620904775429153e+03
9.650513172604800275e+03
9.650411474891356193e+03
9.650277891890156752e+03
9.650214549016935052e+03
9.650074654011992607e+03
9.650056494136199035e+03
9.649898539819861981e+03
9.649822364739256955e+03
9.649710294966975198e+03
9.649684535174712437e+03
9.649610909511868158e+03
9.649501362188831990e+03
9.649449965866919229e+03
9.649343600382419027e+03
9.649234009160421920e+03
9.649081133775642229e+03
9.648854152368459836e+03
9.648758270557480500e+03
9.648673779913382532e+03
9.648630454070113046e+03
9.648593452780674852e+03
9.648498390108446984e+03
9.648309380552360381e+03
9.648281533981096800e+03
9.648214258741105368e+03
9.648091535374445812e+03
9.648000290332749501e+03
9.647892774580919649e+03
9.647859854883659864e+03
9.647669141456455691e+03
9.647619125514263942e+03
9.647524623944105770e+03
9.647381110873968282e+03
9.647306065574271997e+03
9.647242340567529027e+03
9.647155929426671719e+03
9.647007869339920944e+03
9.646914615572108232e+03
9.646820625996038871e+03
9.646721943868413291e+03
9.646654345016193474e+03
9.646620833198719993e+03
9.646495987900301770e+03
9.646386323853885187e+03
9.646304491384416906e+03
9.646194456345556318e+03
9.646133716300882952e+03
9.645995162964238261e+03
9.645893316312442039e+03
9.645862086657196414e+03
9.645788692495767464e+03
9.645709980974612336e+03
9.645563870448771922e+03
9.645468004298794767e+03
9.645383530836457794e+03
9.645306177006281359e+03
9.645154390966574283e+03
9.645107602108637366e+03
9.644929972806401565e+03
9.644836602756999127e+03
9.644741259307296787e+03
9.644643600559735205e+03
9.644591306037975301e+03
9.644511221582624785e+03
9.644366779458618112e+03
9.644302073813209063e+03
9.644174024137317247e+03
9.644038459228886495e+03
9.644004250998774296e+03
9.643988499248876906e+03
9.643867234479501349e+03
9.643750155094576257e+03
9.643638313286783159e+03
9.643550876001014331e+03
9.643386495190199639e+03
9.643276674956745410e+03
9.643222548041996561e+03
9.643138625112407681e+03
9.643060842493092423e+03
9.642948840499502694e+03
9.642825797804560352e+03
9.642726115445433607e+03
9.642645445270474738e+03
9.642427311054771053e+03
9.642380560029039771e+03
9.642237368033167513e+03
9.642221846661441305e+03
9.641992744142860829e+03
9.641839865519641535e+03
9.641767524991830214e+03
9.641673427004483528e+03
9.641615495926476797e+03
9.641577021362032610e+03
9.641446705494601702e+03
9.641362752923037988e+03
9.641212794828064943e+03
9.641177100824075751e+03
9.641092557905063586e+03
9.641047251239982870e+03
9.640931188719514466e+03
9.640847805257337313e+03
9.640783395139778804e+03
9.640590633532443462e+03
9.640480944715161968e+03
9.640295806610087311e+03
9.640171652550267027e+03
9.640074951084974600e+03
9.639985994618999030e+03
9.639933187991429804e+03
9.639833993173779163e+03
9.639733878110431760e+03
9.639613803514333995e+03
9.639499723825729234e+03
9.639381132335180155e+03
9.639302681004070109e+03
9.639185020613853339e+03
9.639036180422048346e+03
9.638982438621587789e+03
9.638844842899978175e+03
9.638764965688713346e+03
9.638562578603685324e+03
9.638520330081764769e+03
9.638400431632484469e+03
9.638275594142085538e+03
9.638103165398812052e+03
9.638017597787522391e+03
9.637907813713229189e+03
9.637822391778387100e+03
9.637603808266430860e+03
9.637466512774812145e+03
9.637430624807782806e+03
9.637262586288976308e+03
9.637200816098360519e+03
9.637161450413463172e+03
9.636884130702477705e+03
9.636768635649279531e+03
9.636686699265979769e+03
9.636570954731452730e+03
9.636489086746796602e+03
9.636282713819620767e+03
9.636154931967781522e+03
9.636069852712149441e+03
9.636000793514336692e+03
9.635930282338309553e+03
9.635801228206637461e+03
9.635715357715269420e+03
9.635370160304652018e+03
9.635235592536657350e+03
9.635200328521292249e+03
9.635081578279203313e+03
9.634986635457211378e+03
9.634909241605810166e+03
9.634728598983416305e+03
9.634603132147609358e+03
9.634537030303397842e+03
9.634358685099186914e+03
9.634156436421455510e+03
9.633980685512004129e+03
9.633911631346629292e+03
9.633796655731332066e+03
9.633664749789330017e+03
9.633459352933659829e+03
9.633406745090980621e+03
9.633380583898257100e+03
9.633291013829399162e+03
9.633129551637070108e+03
9.633071547530451426e+03
9.632918031721963416e+03
9.632777715152844394e+03
9.632689164293389695e+03
9.632571629256050073e+03
9.632387528836816273e+03
9.632340923084357200e+03
9.632222874245748244e+03
9.632125721993685147e+03
9.631976749688432392e+03
9.631859067330751714e+03
9.631756064855349905e+03
9.631700120378161955e+03
9.631568190558667993e+03
9.631443646598225314e+03
9.631290073140271488e+03
9.631172395785148183e+03
9.631058422213771337e+03
9.630888001892368266e+03
9.630779174893988966e+03
9.630592712202711482e+03
9.630518493424422559e+03
9.630411779815291084e+03
9.630259242079591786e+03
9.630159823213145501e+03
9.630065635213097266e+03
9.629844602654289702e+03
9.629692067312907966e+03
9.629586049492087113e+03
9.629447823320373573e+03
9.629364278178991299e+03
9.629180996452671025e+03
9.629104470581718488e+03
9.629025041215636520e+03
9.628878068147307204e+03
9.628826321375479893e+03
9.628755872318748516e+03
9.628589697058323509e+03
9.628458994413065739e+03
9.628293879842987735e+03
9.628087376518460587e+03
9.627982420654350790e+03
9.627883929129860917e+03
9.627821710023697960e+03
9.627661438473212911e+03
9.627512101770134905e+03
9.627449855689690594e+03
9.627219198201917607e+03
9.627085325858370197e+03
9.627027313629760101e+03
9.626941725084152495e+03
9.626843986339603362e+03
9.626645196950199534e+03
9.626550917351427415e+03
9.626492201972168914e+03
9.626424655489134238e+03
9.626241651623531652e+03
9.626161214361449311e+03
9.626054023912776756e+03
9.625960685636375274e+03
9.625764704682398587e+03
9.625701256567941527e+03
9.625554060312833826e+03
9.625447170938703493e+03
9.625325415015569888e+03
9.625230229125216283e+03
9.625066974277307963e+03
9.624930624966498726e+03
9.624821379706880180e+03
9.624752948727669718e+03
9.624592190565681449e+03
9.624518154474195399e+03
9.624385918741965725e+03
9.624253905452411345e+03
9.624054894008935662e+03
9.623897645601344266e+03
9.623786889476210490e+03
9.623731782547123657e+03
9.623605033651674603e+03
9.623522634673438006e+03
9.623342240243884589e+03
9.623283804246655563e+03
9.623205325545075539e+03
9.622988971660121024e+03
9.622786242322765247e+03
9.622588889410109914e+03
9.622537320294006349e+03
9.622380313558423950e+03
9.622197835987359213e+03
9.622103587107931162e+03
9.622031200579720462e+03
9.621914512573262982e+03
9.621786628962085160e+03
9.621643625437389346e+03
9.621549710259361746e+03
9.621371645168703253e+03
9.621351526089758408e+03
9.621149215651927079e+03
9.621029126828952940e+03
9.620923683349452403e+03
9.620786014530767716e+03
9.620590816733454631e+03
9.620497171881257600e+03
9.620395373447559905e+03
9.620225791571812806e+03
9.620177238751117329e+03
9.620063320533276055e+03
9.619919194055593834e+03
9.619797370120335472e+03
9.619732112736859563e+03
9.619578274666298967e+03
9.619470608559195171e+03
9.619417034317477373e+03
9.619230340460791922e+03
9.619123587094478353e+03
9.618977090738091647e+03
9.618883637863767945e+03
9.618785568365596191e+03
9.618627001774970267e+03
9.618519557631218049e+03
9.618441247089354874e+03
9.618296888370603483e+03
9.618134344650266939e+03
9.618012756636988343e+03
9.617801483409433786e+03
9.617607920221644235e+03
9.617505325574651579e+03
9.617462757644323574e+03
9.617382014970196906e+03
9.617163180374371223e+03
9.616968976708707487e+03
9.616839429197165373e+03
9.616721807105566768e+03
9.616595689472880622e+03
9.616485910819845230e+03
9.616404688316626562e+03
9.616257031183877189e+03
9.616198374338009671e+03
9.616150079972274398e+03
9.616028564692473083e+03
9.615840210900687453e+03
9.615682412136136918e+03
9.615508016720850719e+03
9.615423195448913248e+03
9.615361791898199954e+03
9.615266060673464381e+03
9.615100026676134803e+03
9.614977904953766483e+03
9.614813801042315390e+03
9.614626812431632061e+03
9.614529695003680899e+03
9.614370808369219958e+03
9.614302323725536553e+03
9.614231625397347671e+03
9.614039090932121326e+03
9.613858804490784678e+03
9.613752433521967760e+03
9.613616963529417262e+03
9.613493701095288998e+03
9.613419449964858359e+03
9.613307393496073928e+03
9.613227544196755844e+03
9.613022266453668635e+03
9.612926788441309327e+03
9.612812817100302709e+03
9.612690895286337764e+03
9.612608741422032836e+03
9.612467450027103041e+03
9.612278452786587877e+03
9.612150274091216488e+03
9.612044843244617368e+03
9.611946341152715831e+03
9.611800047266064212e+03
9.611750830763719932e+03
9.611592229515108556e+03
9.611385830294178959e+03
9.611276391842890007e+03
9.611169074866282244e+03
9.611121956912767928e+03
9.610955660467385314e+03
9.610800536059317892e+03
9.610643161297402912e+03
9.610520863041894700e+03
9.610319663197811678e+03
9.610096334660278444e+03
9.610039060977467670e+03
9.609935553392591828e+03
9.609813141672731945e+03
9.609631098398827817e+03
9.609533935204080990e+03
9.609432781806728599e+03
9.609320834165464476e+03
9.609229774289648049e+03
9.609112445600996580e+03
9.608828886202325521e+03
9.608658112816912762e+03
9.608583012227054496e+03
9.608377940658767329e+03
9.608244072168912680e+03
9.608042223374086461e+03
9.607934987380722305e+03
9.607813857476017802e+03
9.607703829790212694e+03
9.607553804973840670e+03
9.607454144689201712e+03
9.607405603837940362e+03
9.607215142015476886e+03
9.607041920936946553e+03
9.606774330637575986e+03
9.606704926507871278e+03
9.606605369530634562e+03
9.606524784383414953e+03
9.606405804427764451e+03
9.606297464978939388e+03
9.606130385661659602e+03
9.605925962516454092e+03
9.605849894812539787e+03
9.605668335826572729e+03
9.605570035112055848e+03
9.605385042836365756e+03
9.605249499380801353e+03
9.605191421821633412e+03
9.605097954670311083e+03
9.604878302545099359e+03
9.604754264141844033e+03
9.604599278385672733e+03
9.604463478804764236e+03
9.604391244074444330e+03
9.604154215609734820e+03
9.604042065292038387e+03
9.603908437524265537e+03
9.603815674336128723e+03
9.603576828356945043e+03
9.603434277353462676e+03
9.603297190925726682e+03
9.603129426027273439e+03
9.603050911088899738e+03
9.602901348560184488e+03
9.602810624397230640e+03
9.602601362696321303e+03
9.602456257921850920e+03
9.602360615281162609e+03
9.602197423171352057e+03
9.602126922094292240e+03
9.601979269414347073e+03
9.601848223379476622e+03
9.601634593962238796e+03
9.601525819036098255e+03
9.601393437496210026e+03
9.601242135885337120e+03
9.601160055413804002e+03
9.601004904870163955e+03
9.600868089699699340e+03
9.600729265924217543e+03
9.600578950214936413e+03
9.600467468595465107e+03
9.600321432294616898e+03
9.600204950511388233e+03
9.600017231809897567e+03
9.599920483990548746e+03
9.599769077176133578e+03
9.599655486101984934e+03
9.599524423047685559e+03
9.599372854383824233e+03
9.599267408106481525e+03
9.599123307491767264e+03
9.598946131265320219e+03
9.598796122429308525e+03
9.598685591565481445e+03
9.598629732848730782e+03
9.598509370582967676e+03
9.598277691779974703e+03
9.598047138970747255e+03
9.597914945392556547e+03
9.597771068306577945e+03
9.597680295707750702e+03
9.597571007683553034e+03
9.597467327580523488e+03
9.597180083390314394e+03
9.597096417731991096e+03
9.597022274082439253e+03
9.596869087486749777e+03
9.596744915047984250e+03
9.596675641836276554e+03
9.596498352698237795e+03
9.596364876050985913e+03
9.596134532963358652e+03
9.596071884710208906e+03
9.596009434560475711e+03
9.595846161147122984e+03
9.595659444344537405e+03
9.595524692745686480e+03
9.595443542226254067e+03
9.595330583190467223e+03
9.595210658701798820e+03
9.595026800433699464e+03
9.594924702228407114e+03
9.594825980763827829e+03
9.594657914898907620e+03
9.594474567378892971e+03
9.594319509740864305e+03
9.594176600334185423e+03
9.594130721566467400e+03
9.593864459577574962e+03
9.593756334756966680e+03
9.593658397292168956e+03
9.593523831912552851e+03
9.593402171770656423e+03
9.593308299797619839e+03
9.593044418353729270e+03
9.592868656192855269e+03
9.592730476733784599e+03
9.592653577616563780e+03
9.592537676737612856e+03
9.592347400893124359e+03
9.592160889818283977e+03
9.592058275445606341e+03
9.592004109024250283e+03
9.591839158938875698e+03
9.591665801403052683e+03
9.591594050118401356e+03
9.591436743717003992e+03
9.591204492279790429e+03
9.591069931299782183e+03
9.590892275907835938e+03
9.590706432320346721e+03
9.590589506220820113e+03
9.590487700819066959e+03
9.590337577387097554e+03
9.590120502561328976e+03
9.590012525132722658e+03
9.589892787107086406e+03
9.589803238412385326e+03
9.589691056118432243e+03
9.589549961719176281e+03
9.589289973573304451e+03
9.589176276576048622e+03
9.589065948447498158e+03
9.588824162184524539e+03
9.588721396376149642e+03
9.588619676912414434e+03
9.588460193230361256e+03
9.588414578340763910e+03
9.588256611566443098e+03
9.588148174724765340e+03
9.587978545759649933e+03
9.587796407047822868e+03
9.587719243083154652e+03
9.587660852279173923e+03
9.587526518175951423e+03
9.587255090076385386e+03
9.587216162030737905e+03
9.587105864711751565e+03
9.586987256378901293e+03
9.586803226081170578e+03
9.586647681473503326e+03
9.586563682826339573e+03
9.586409650403058549e+03
9.586204789433742917e+03
9.586116222226271930e+03
9.585976585175179935e+03
9.585873639967730924e+03
9.585776238484595524e+03
9.585708324969687965e+03
9.585487896829607052e+03
9.585283726999909049e+03
9.585212931524485612e+03
9.584979871567176815e+03
9.584908478064560768e+03
9.584772183527955349e+03
9.584457179723474837e+03
9.584325761506206618e+03
9.584186883556134489e+03
9.584056576657663754e+03
9.583992740619803953e+03
9.583892140958570963e+03
9.583647691767715514e+03
9.583575989307148120e+03
9.583487414538662051e+03
9.583261711607499819e+03
9.583193132510654323e+03
9.583073175260948119e+03
9.582967059344362497e+03
9.582711695354651965e+03
9.582501033709653711e+03
9.582402813003516712e+03
9.582265982817998520e+03
9.582152732155025660e+03
9.582038257848056674e+03
9.581938275453989263e+03
9.581715509875995849e+03
9.581532110531874423e+03
9.581415264395880513e+03
9.581282122094195074e+03
9.581099546768753498e+03
9.580927413611583688e+03
9.580737301266428403e+03
9.580644417291825448e+03
9.580531608073659299e+03
