3.742786083648447857e+02
-2.898690568483222023e+02
-2.826462892120734409e+02
4.022228702027404097e+02
-6.814635089379741828e+01
-3.097860050086500792e+02
-3.472794511430804505e+02
3.452343467291699994e+02
1.876089270792158459e+02
-1.261339266277744429e+02
3.917827000075657224e+02
1.797232887199512561e+02
1.554473433397278725e+01
-4.854219942154018952e+01
1.488659655764399403e+01
3.043244569685740544e+02
2.543099982817305147e+02
4.878662250758387700e+02
2.521918207951903241e+02
-2.290611688049118584e+02
-3.372705999430933730e+02
-2.482673726244248087e+02
-2.569727948531266293e+02
-1.831018197007725945e+01
-7.406255049924556033e+01
-3.027477258844634207e+02
2.062087056439657431e+02
-2.737023702030339223e+02
3.497191510618145571e+01
-1.389418616803358759e+02
