4.335139341513767590e+02
3.701344365763484916e+02
3.697601048855745489e+02
3.462878421136899760e+02
3.415285105197609710e+02
3.367110142087545910e+02
3.364395486582503736e+02
3.308480584630850103e+02
3.296262649455989049e+02
3.296262649455989049e+02
3.296262649455989049e+02
3.294274531769610803e+02
3.291718165112286556e+02
3.291718165112286556e+02
3.291718165112286556e+02
3.259864482294261165e+02
3.259862624154119430e+02
3.259233992601884324e+02
3.259233992601884324e+02
3.259497265991938662e+02
3.259497265991938662e+02
3.259724121289320919e+02
3.247996416972166571e+02
3.247996416972166571e+02
3.247996416972166571e+02
3.247996416972166571e+02
3.248152273826288479e+02
3.246207955041489868e+02
3.246207955041489868e+02
3.246207955041489868e+02
3.246207955041489868e+02
3.204851071311201736e+02
3.204598950830206832e+02
3.210388114816258849e+02
3.210388114816258849e+02
3.210388114816258849e+02
3.210858965185129819e+02
3.210164335201181984e+02
3.210118665501302644e+02
3.210118665501302644e+02
3.210118665501302644e+02
3.210118665501302644e+02
3.209813454667995529e+02
3.210667634395642835e+02
3.210020647137524179e+02
3.210020647137524179e+02
3.210018761032537213e+02
3.209710451548742185e+02
3.209710451548742185e+02
3.209639256627787063e+02
3.209933248682473845e+02
3.209933248682473845e+02
3.210085460952950598e+02
3.210085460952950598e+02
3.210085460952950598e+02
3.210085460952950598e+02
3.210085460952950598e+02
3.210085460952950598e+02
3.210205389731526679e+02
3.210158823699311483e+02
3.209990820765671629e+02
3.209990820765671629e+02
3.209990820765671629e+02
3.209990820765671629e+02
3.209990820765671629e+02
3.209990820765671629e+02
3.210421683585130950e+02
3.210421683585130950e+02
3.210421683585130950e+02
3.210398259874130531e+02
3.210398259874130531e+02
3.210409817365122649e+02
3.210409817365122649e+02
3.210409817365122649e+02
3.210409817365122649e+02
3.210409817365122649e+02
3.210409817365122649e+02
3.210409817365122649e+02
3.210409817365122649e+02
3.210409817365122649e+02
3.210350149475668218e+02
3.210350149475668218e+02
3.210350149475668218e+02
3.210793663738509736e+02
3.210863828866541780e+02
3.211002991148848764e+02
3.211175574814380980e+02
3.210972280436104143e+02
3.210972280436104143e+02
3.210972280436104143e+02
3.211109156935588658e+02
3.211109156935588658e+02
3.211109156935588658e+02
3.211109156935588658e+02
3.211109156935588658e+02
3.211109156935588658e+02
3.211146249608090670e+02
3.211146249608090670e+02
3.211246833904801292e+02
3.211180778105254490e+02
3.211125291728322395e+02
3.211351455942594839e+02
3.211447818849224518e+02
3.211447818849224518e+02
3.211447818849224518e+02
3.211918159248799611e+02
3.212018258696390944e+02
3.212018258696390944e+02
3.212018258696390944e+02
3.212018258696390944e+02
3.212018258696390944e+02
3.212018258696390944e+02
3.212018258696390944e+02
3.212018258696390944e+02
3.212018258696390944e+02
3.211916543986427541e+02
3.211950864001958053e+02
3.211936110884536220e+02
3.212131621695312447e+02
3.212472823252451235e+02
3.212471029042467876e+02
3.212777706641173836e+02
3.212830220795623291e+02
3.212825471784610158e+02
3.213080862588182640e+02
3.213373413014615494e+02
3.213308709187352861e+02
3.213277233584685746e+02
3.213283913361253781e+02
3.213444107136770640e+02
3.213971237937458909e+02
3.214072208506599964e+02
3.214284485309088950e+02
3.214280096302413767e+02
3.214356464921127099e+02
3.214510540971205614e+02
3.214562566399519596e+02
3.215079155041908052e+02
3.215389829365687433e+02
3.215388184855696068e+02
3.215703396625337973e+02
3.216370371076504284e+02
3.216664223774996003e+02
3.217160319131413075e+02
3.217513639351680013e+02
3.218127636378673628e+02
3.218516837156944348e+02
3.218416221083459732e+02
3.218416221083459732e+02
3.218850273080732904e+02
3.218875595802334146e+02
3.219033086193389295e+02
3.219128551319903977e+02
3.219550810771202123e+02
3.219650347287391696e+02
3.220146097222458934e+02
3.221024234291604103e+02
3.221113694575462318e+02
3.221134250845323663e+02
3.221572164088457271e+02
3.221575140018481989e+02
3.221633702069255492e+02
3.221815083544074128e+02
3.222125223744364462e+02
3.222295292527410311e+02
3.222494782944255007e+02
3.222640432051425137e+02
3.223039899702159801e+02
3.223385812656235316e+02
3.224267181121905992e+02
3.224325116050114275e+02
3.224510340825506205e+02
3.224673614249534808e+02
3.225144429605187497e+02
3.225416666002239481e+02
3.225713823817347929e+02
3.225954463685353630e+02
3.227194753312788293e+02
3.227217716767480056e+02
3.227545970564368645e+02
3.227801016530111724e+02
3.227816764456539431e+02
3.228401689408745483e+02
3.228606910806855126e+02
3.228603142692980441e+02
3.229041241701446552e+02
3.229486847126883049e+02
3.229716993602424395e+02
3.230305277555422663e+02
3.230324547839490492e+02
3.230503888733153985e+02
3.230698582662456602e+02
3.231147355177938607e+02
3.231742165821512458e+02
3.232535235178567632e+02
3.232556378789550422e+02
3.232577472940936332e+02
3.232836281081423522e+02
3.233071182320976504e+02
3.233219585274940187e+02
3.233968137847226672e+02
3.234268429187291076e+02
3.234682198076799295e+02
3.235122541512374141e+02
3.235047770482881333e+02
3.235154590320096304e+02
3.235824220241595413e+02
3.236369657978043506e+02
3.236804221677649025e+02
3.237203266969764286e+02
3.237410837925637566e+02
3.237413761318787238e+02
3.238829781700064814e+02
3.239472587080509243e+02
3.239793314863389924e+02
3.240020131748706831e+02
3.240177295567302735e+02
3.240273962679646615e+02
3.239540348003528720e+02
3.240162253695901882e+02
3.240732929877408992e+02
3.241072100743577948e+02
3.241129461582152658e+02
3.241494143606433909e+02
3.241635260127291644e+02
3.241780258132594668e+02
3.242238902941205083e+02
3.242421201604576027e+02
3.242701327324850809e+02
3.242458485889824829e+02
3.241918401283608091e+02
3.242733082615548597e+02
3.243046385816263069e+02
3.243021253043633578e+02
3.244065376929606259e+02
3.244079886756114206e+02
3.243989738769640212e+02
3.244011642337137005e+02
3.244420743554709929e+02
3.244434551795568495e+02
3.244796525941879963e+02
3.244838906808672618e+02
3.245155376524048165e+02
3.245238708549329090e+02
3.245502805240511748e+02
3.246706498175388447e+02
3.246710805429697189e+02
3.247105729546780708e+02
3.247418646357639886e+02
3.247738423428873489e+02
3.247655925912615658e+02
3.248385440984116599e+02
3.248387495687643991e+02
3.248924458717813195e+02
3.248817510379185478e+02
3.248967758583004297e+02
3.248892101012506828e+02
3.249361480121426666e+02
3.249555916544426282e+02
3.251043351935207397e+02
3.251129334952324257e+02
3.251164569426848061e+02
3.251492811854470233e+02
3.252189601420115537e+02
3.252218100515949004e+02
3.252414540777861589e+02
3.252355935022266067e+02
3.252294934780950371e+02
3.252731753625041620e+02
3.253306758356491741e+02
3.253667987586864569e+02
3.253667987586864569e+02
3.253657139532538736e+02
3.254139675986639872e+02
3.254521829703564890e+02
3.254898485580663419e+02
3.255521109920786103e+02
3.255588733138694693e+02
3.255719668605164543e+02
3.255986461517970270e+02
3.256264046627821926e+02
3.256452716037880464e+02
3.257040592886280592e+02
3.257022681422176902e+02
3.257732112924898047e+02
3.258142012030228329e+02
3.258578831939383349e+02
3.258545923143523737e+02
3.258565736359515768e+02
3.259002760488185686e+02
3.259220518885080082e+02
3.259226127875656402e+02
3.259189521789647870e+02
3.260025170533432401e+02
3.259886252793606900e+02
3.260072914388651384e+02
3.260070983431090212e+02
3.260154292628624830e+02
3.260328943242786863e+02
3.260567908424571328e+02
3.261238858438172770e+02
3.261036738773603361e+02
3.261514622407008801e+02
3.261401649659953819e+02
3.261156537668217084e+02
3.261228001656910465e+02
3.261825416348456201e+02
3.261509198946507126e+02
3.261513381104314249e+02
3.261702101302593064e+02
3.262264516715541163e+02
3.262611329145146328e+02
3.263140002505658686e+02
3.263226118555695052e+02
3.263147891591119674e+02
3.263158091551335929e+02
3.263473401149305460e+02
3.264117856094176204e+02
3.264297430558714268e+02
3.263703376483397278e+02
3.263976984393172529e+02
3.264249781661493444e+02
3.264107888158042670e+02
3.264621559216745936e+02
3.264847405947353991e+02
3.265295653831166192e+02
3.265008165635684918e+02
3.264850239523632354e+02
3.265311114418558986e+02
3.265111898012395955e+02
3.265055455573854033e+02
3.265060322261338683e+02
3.265604252695666219e+02
3.265609239913935085e+02
3.266272455988844854e+02
3.265965654184675486e+02
3.265732072403401389e+02
3.266390598658140334e+02
3.266375708349228830e+02
3.266735084026134359e+02
3.266503506403528263e+02
3.267076697767539031e+02
3.267342658251714056e+02
3.267613989674604227e+02
3.267335161921889721e+02
3.267686499705291681e+02
3.268200686231669465e+02
3.267695538266061703e+02
3.268034937785184866e+02
3.268157829758828825e+02
3.268905420510602085e+02
3.268526275789890860e+02
3.268388844507460362e+02
3.268999558098734042e+02
3.269184879088906541e+02
3.269382064627909017e+02
3.270601930151562442e+02
3.270827100111106915e+02
3.270679181124337447e+02
3.270988369668291966e+02
3.270657024635162884e+02
3.271359726809004087e+02
3.272302806098696806e+02
3.272479926210380654e+02
3.271806239205948259e+02
3.271682648183706306e+02
3.272121942769102247e+02
3.272254054368929133e+02
3.272210475620986472e+02
3.272103178889279320e+02
3.273049724687641628e+02
3.272820543468696428e+02
3.273034114917192028e+02
3.273400272801152937e+02
3.273026764888014668e+02
3.273427622316817178e+02
3.273312178871024116e+02
3.274156167191254099e+02
3.273920640086013236e+02
3.274062162849118636e+02
3.274526647337251575e+02
3.274441578479370492e+02
3.274333132014937746e+02
3.275839906387565179e+02
3.276395821675291700e+02
3.277172725152892099e+02
3.277217376780065479e+02
3.277266018000175336e+02
3.277700113846103136e+02
3.278451108962354397e+02
3.278465512377608775e+02
3.279162875389206988e+02
3.279734930117774070e+02
3.280732019448108758e+02
3.281383258293106451e+02
3.281333589011725849e+02
3.281608409132068118e+02
3.282302943636708505e+02
3.283028704817273251e+02
3.283129982878931514e+02
3.284152652734637172e+02
3.285570423585078856e+02
3.285534433683183124e+02
3.285567521808316656e+02
3.285671230521732014e+02
3.287075747556900751e+02
3.288368434577189987e+02
3.288328901350254796e+02
3.289137652321737733e+02
3.290841846208066386e+02
3.291088695050372053e+02
3.292025321188448856e+02
3.292233169484804307e+02
3.292213208695941944e+02
3.292839602171343358e+02
3.293579401599563425e+02
3.293877188854520455e+02
3.295118192584737358e+02
3.295444582259901267e+02
3.296017879000430639e+02
3.297151120865583493e+02
3.297188852362415332e+02
3.298330661400749477e+02
3.298743427279002276e+02
3.299482005082550700e+02
3.299817345233614105e+02
3.302038266671627866e+02
3.301885760590206473e+02
3.301645739495170346e+02
3.302265624348545998e+02
3.302401907703672919e+02
3.303030358309884491e+02
3.304079771986485525e+02
3.304704273609825123e+02
3.305277270750149228e+02
3.307162409379286032e+02
3.307259989389824000e+02
3.308856175017369310e+02
3.308750689865622121e+02
3.309149548173529638e+02
3.309333029302547970e+02
3.310597946625835561e+02
3.311191726272992923e+02
3.311440101330525749e+02
3.311752132320988267e+02
3.311836461037536310e+02
3.313205224405486433e+02
3.313654050703427174e+02
3.314302963082678843e+02
3.314814215338784038e+02
3.315837384069355949e+02
3.317001827921794757e+02
3.317424444889281290e+02
3.318533520269750170e+02
3.318852708946189978e+02
3.319209849386128894e+02
3.319468463475938620e+02
3.320542172656554385e+02
3.320591632813354863e+02
3.321372331094884771e+02
3.322462485881314365e+02
3.322862212948157890e+02
3.323300225272558919e+02
3.323736105157913130e+02
3.324737350738465693e+02
3.325233623771637781e+02
3.326009251928468871e+02
3.326219840521168294e+02
3.326799403289731458e+02
3.327854625007512936e+02
3.328695740249389701e+02
3.330040519662887846e+02
3.330752817688434675e+02
3.331139710514514718e+02
3.332058749034612788e+02
3.332498566638471402e+02
3.332824123749969090e+02
3.333024147106210080e+02
3.333442430978160473e+02
3.333811081659915772e+02
3.334526031264268227e+02
3.335228066247271954e+02
3.336623990295925068e+02
3.337067135260259079e+02
3.337232248509851615e+02
3.337665345721904941e+02
3.338512788832414913e+02
3.339381359484662539e+02
3.340162210318205211e+02
3.340104782476875016e+02
3.340900819001176956e+02
3.341400054043034515e+02
3.341815265389357137e+02
3.343198855834964434e+02
3.343912346294559370e+02
3.343920923837226837e+02
3.344605588415130910e+02
3.344460965037312121e+02
3.344950660896262775e+02
3.346848592655859420e+02
3.347153613567462571e+02
3.348005599412859965e+02
3.348572743348542531e+02
3.348649890056620961e+02
3.348917677786618015e+02
3.350039562959469777e+02
3.350545890761528653e+02
3.351636477116659307e+02
3.351863086965365710e+02
3.353111315976707942e+02
3.353704025227315242e+02
3.353522083434891670e+02
3.354292739858834693e+02
3.354745924947885101e+02
3.355592301394625565e+02
3.356729602732626176e+02
3.357534415859494743e+02
3.357446572920771359e+02
3.359292507113315764e+02
3.359533076336775821e+02
3.361014011063793987e+02
3.361005946060736846e+02
3.361546730918529420e+02
3.363346502978605486e+02
3.363305574825814688e+02
3.363590170694253061e+02
3.364315160288552988e+02
3.364716579472408284e+02
3.364969120540771996e+02
3.364913178575610573e+02
3.366786537233969625e+02
3.367239756760777141e+02
3.368018192602862086e+02
3.368297668790392549e+02
3.369183725485326022e+02
3.370009759608406057e+02
3.370138159375069336e+02
3.371041467322765470e+02
3.371582242331257930e+02
3.372258697404952272e+02
3.372795349949153660e+02
3.373305374443760343e+02
3.374113749968350362e+02
3.374805001465480814e+02
3.375410926150075284e+02
3.376303482935188640e+02
3.376689235557528264e+02
3.376916579972867680e+02
3.378219119751587414e+02
3.378669775192967109e+02
3.380104388494178238e+02
3.380456531164919056e+02
3.380541430406867107e+02
3.382190652815389171e+02
3.382334337526353352e+02
3.383247782938097998e+02
3.384013293529971520e+02
3.384204572367115702e+02
3.384985385437325931e+02
3.386112749808313538e+02
3.386731936897977562e+02
3.387355037842796719e+02
3.387961423590080585e+02
3.388954482899412142e+02
3.390779158228211259e+02
3.391093162763627333e+02
3.391705974528549064e+02
3.392068162261566613e+02
3.392241894603374135e+02
3.393278011848763640e+02
3.394947659946818703e+02
3.395938672323223386e+02
3.396237319699073964e+02
3.396616023236882143e+02
3.397608536132752874e+02
3.397888528783181528e+02
3.398623095680433721e+02
3.399050127832730368e+02
3.399496960465787652e+02
3.400483323818558574e+02
3.400989363917604464e+02
3.403556459756963477e+02
3.404959163579368919e+02
3.404967648033688192e+02
3.404993455974141057e+02
3.405757400212712014e+02
3.406409337461212203e+02
3.408047292322692670e+02
3.408239662630185762e+02
3.408739534444244441e+02
3.409355132185479533e+02
3.410639924214415828e+02
3.411780419299805089e+02
3.412214265560981517e+02
3.413222048412951608e+02
3.414072544248102759e+02
3.415039078072221059e+02
3.415965069420510645e+02
3.416113447966670833e+02
3.416711042903079374e+02
3.417468379579555631e+02
3.418515333316073566e+02
3.419548252310016778e+02
3.420322582879863376e+02
3.421640591091826877e+02
3.421733147458230633e+02
3.423636310266417127e+02
3.423706908081639995e+02
3.425032442157787500e+02
3.425901869834738136e+02
3.426342669036831126e+02
3.427221566050181423e+02
3.428014760112654926e+02
3.428320014966957956e+02
3.429159872243909604e+02
3.429911227001445582e+02
3.431226506088544852e+02
3.432288055570315919e+02
3.432648617345965931e+02
3.433700735742277743e+02
3.434105425632960191e+02
3.435490030983202701e+02
3.436108815952589453e+02
3.437274426713366893e+02
3.438320801157259439e+02
3.437881216719018767e+02
3.439376973029346232e+02
3.440546593164291949e+02
3.441874841234122187e+02
3.442607240268669102e+02
3.443975328319428399e+02
3.444076909015488468e+02
3.445912790164379089e+02
3.446566010173763175e+02
3.446803674176493928e+02
3.448336925033891021e+02
3.448614542193591319e+02
3.449137011007798037e+02
3.450833356466103510e+02
3.451411531338449663e+02
3.452778472393425773e+02
3.453843211190222746e+02
3.454487124656594688e+02
3.456061940505537109e+02
3.456422376793169633e+02
3.457384211955413207e+02
3.458854245882636747e+02
3.459350715334192614e+02
3.460173510685323777e+02
3.461117118985809498e+02
3.461418867896110214e+02
3.462476905272581007e+02
3.463385873363322958e+02
3.464762439009071500e+02
3.465579360784821006e+02
3.465732628973038914e+02
3.466276853991962525e+02
3.467453602465851645e+02
3.467939911863655880e+02
3.468979832952986726e+02
3.469753125656450266e+02
3.471173753423522044e+02
3.471106441372579070e+02
3.472125641062775685e+02
3.472551599103603053e+02
3.473204560736349436e+02
3.473823064051098299e+02
3.475054599391195893e+02
3.475746693925757995e+02
3.476123570483677554e+02
3.476917496304337760e+02
3.478455384064687905e+02
3.479250355496637326e+02
3.480492164091580776e+02
3.482070407674925718e+02
3.482824265021596375e+02
3.483558442994176971e+02
3.484702493860557411e+02
3.485249373790805976e+02
3.486116058032206411e+02
3.486569143357754115e+02
3.488381543529424107e+02
3.488891484748044149e+02
3.489912436308787278e+02
3.491235301431807443e+02
3.492367823012952499e+02
3.494023823665943951e+02
3.493916552827791406e+02
3.495210561330076757e+02
3.496785892103961260e+02
3.497357034306516539e+02
3.497924897034313290e+02
3.498349772095217531e+02
3.499330600777979043e+02
3.501358261339864839e+02
3.502186320208114125e+02
3.503732712277657129e+02
3.503652893704380631e+02
3.506139093756895591e+02
3.506264328323173913e+02
3.506910655250711670e+02
3.507771200476672675e+02
3.509207520036351866e+02
3.509053691143498099e+02
3.509490037677644523e+02
3.510964975533080974e+02
3.511493832585068731e+02
3.512523212507602466e+02
3.513529298999245611e+02
3.513986339503544514e+02
3.514655647639189624e+02
3.516230284061675206e+02
3.516680838466359091e+02
3.517192184595041340e+02
3.518244039003876651e+02
3.519325841030709512e+02
3.520555961541975307e+02
3.521244898468824545e+02
3.521978886430539433e+02
3.522113446232080491e+02
3.523763424008266725e+02
3.524081417155014151e+02
3.525788361631305179e+02
3.526136706844210948e+02
3.527262528220211948e+02
3.527454713851207089e+02
3.528580074434227640e+02
3.529472372430823839e+02
3.529789327511003307e+02
3.530342513213787470e+02
3.532925436715231626e+02
3.535212377374634798e+02
3.535531396705990801e+02
3.536820197580530021e+02
3.537735460253778115e+02
3.537965624470489274e+02
3.537943319591852287e+02
3.539341455394668969e+02
3.540044237656179007e+02
3.540313015768715559e+02
3.541331690027078594e+02
3.542383746381225365e+02
3.543674152176596976e+02
3.545168229742712924e+02
3.545448250689282759e+02
3.546232418984702122e+02
3.546943350368844108e+02
3.548654519301989012e+02
3.549650885150742852e+02
3.551188040399147212e+02
3.551967097177950450e+02
3.552859606702768360e+02
3.553842497418270909e+02
3.554812321505679620e+02
3.554798978263962681e+02
3.556429737306393122e+02
3.557389423833066076e+02
3.558675851134240133e+02
3.559640887091680383e+02
3.560417452628797719e+02
3.560732995271023924e+02
3.561382272657567114e+02
3.562159487734074332e+02
3.563324050815567148e+02
3.564600815336341384e+02
3.565655665189566434e+02
3.566293973902576795e+02
3.567145925614620410e+02
3.568232574894154823e+02
3.570309638346208203e+02
3.571595091733256027e+02
3.571902546775935434e+02
3.572777373568870303e+02
3.573722048337165234e+02
3.574190932513280359e+02
3.576118520962018579e+02
3.577809285509550818e+02
3.578479418211222196e+02
3.579156821628164380e+02
3.579341329203496684e+02
3.580183804328978567e+02
3.582278196595639201e+02
3.583819112960736106e+02
3.584794507562846206e+02
3.586411491553118367e+02
3.588039223629808134e+02
3.588122281765367916e+02
3.588677229668006703e+02
3.589555612982566686e+02
3.591417342457347672e+02
3.592167111048026413e+02
3.593400625967383917e+02
3.593626777849852374e+02
3.594019315696828016e+02
3.594486266755338306e+02
3.597049428569162615e+02
3.599142562304851936e+02
3.599102518638763399e+02
3.598789394133258384e+02
3.599542067530273926e+02
3.600776508085443766e+02
3.601640798072444909e+02
3.601628316705705402e+02
3.602672683831582958e+02
3.603904144104347438e+02
3.604456456356377885e+02
3.604903498313354930e+02
3.605764234313826364e+02
3.607871982574851586e+02
3.608979888281131707e+02
3.608984801644464255e+02
3.609283525963107877e+02
3.609769198690704002e+02
3.610946125117530983e+02
3.611256800439696235e+02
3.612799089866612690e+02
3.613937920259411953e+02
3.614464556617374456e+02
3.616319203416968548e+02
3.616848638263065254e+02
3.617401049092141534e+02
3.618143900860261510e+02
3.618467318259528156e+02
3.619229755325345650e+02
3.621281125166952961e+02
3.622227064252804780e+02
3.623972602531494545e+02
3.625211656171476307e+02
3.625620188642959647e+02
3.625930121918485156e+02
3.626881215749869511e+02
3.627895646564815593e+02
3.628733275934636140e+02
3.630853390192768302e+02
3.632157443428124566e+02
3.632657660920406215e+02
3.633642513144604891e+02
3.633964803830808705e+02
3.635100764466450869e+02
3.635955480844815497e+02
3.636635291416021687e+02
3.637655082674443747e+02
3.637961605969497896e+02
3.639098721952424853e+02
3.639619570692239563e+02
3.641231603369007530e+02
3.642052119026432706e+02
3.644628863817736715e+02
3.645157590937130294e+02
3.646924677198218774e+02
3.646822089859630864e+02
3.647089939995751138e+02
3.648157883657613070e+02
3.649751330776962277e+02
3.649912332304573965e+02
3.651305563530134464e+02
3.651839804637641009e+02
3.652981828252133596e+02
3.653042688010544339e+02
3.654844228038201663e+02
3.655211325397033875e+02
3.656226307487481790e+02
3.657149111945038271e+02
3.659564971563126505e+02
3.660964921489497215e+02
3.661026642392062058e+02
3.662112461968627031e+02
3.662749429260880447e+02
3.663860306966628286e+02
3.664642354791289449e+02
3.664895769187810970e+02
3.666531014554734043e+02
3.668101696604913968e+02
3.669302724226868122e+02
3.669923396228127217e+02
3.670731177606195956e+02
3.670962337767831514e+02
3.671674828274273068e+02
3.672303095487860105e+02
3.673978511829924969e+02
3.675439934225595948e+02
3.675814477773305953e+02
3.676391418191026332e+02
3.677471217558677381e+02
3.677973775576936077e+02
3.679002679448973367e+02
3.679785488787022132e+02
3.681580620540710811e+02
3.682142899093260553e+02
3.682598726912866596e+02
3.684483918977587678e+02
3.685865872481689962e+02
3.686318144899208846e+02
3.687178366467628621e+02
3.688414799364708188e+02
3.689577635346412308e+02
3.691189655356053549e+02
3.691967003863702530e+02
3.692494964517654807e+02
3.692602182907325528e+02
3.693650407403547433e+02
3.695290316995018998e+02
3.696261898508615786e+02
3.696769632087289779e+02
3.697966618998416948e+02
3.699484592083928760e+02
3.700268294268062732e+02
3.701054307530484948e+02
3.701726043869523437e+02
3.702308002424594520e+02
3.703647876827040477e+02
3.705580512923189644e+02
3.706902431578600385e+02
3.707034286963320255e+02
3.707474413860406344e+02
3.708192721512401704e+02
3.710347084202202268e+02
3.711181159646155834e+02
3.711780299730799015e+02
3.712668636995863949e+02
3.713405620099823068e+02
3.714286436951306314e+02
3.715604285519224845e+02
3.717294554485555409e+02
3.717836809639157991e+02
3.718763483500109714e+02
3.719777432339976144e+02
3.720835593282229752e+02
3.721554294386118613e+02
3.723345252700371475e+02
3.724532197337834418e+02
3.725240943183040372e+02
3.725824778419395216e+02
3.726680057444162344e+02
3.727656558768301807e+02
3.728354541311068147e+02
3.730411063823413542e+02
3.731329810074712441e+02
3.731783288328796289e+02
3.733252134750513846e+02
3.734083697638213266e+02
3.734773440472698667e+02
3.736223513862644836e+02
3.736770207907469512e+02
3.737711596342597886e+02
3.738829845903391629e+02
3.740994440832392911e+02
3.742105194130577956e+02
3.742298488334425315e+02
3.742653320213625534e+02
3.742743062861379144e+02
3.745947163590516880e+02
3.746219244799580679e+02
3.746990214071151968e+02
3.747835150659471992e+02
3.749481559025494448e+02
3.750597978388166780e+02
3.751429648907567866e+02
3.752730107992425701e+02
3.754028894762656137e+02
3.754907657522090858e+02
3.756091516711173881e+02
3.756773822385329140e+02
3.757738551626624144e+02
3.757583358753337279e+02
3.758669610162958179e+02
3.760874142355823437e+02
3.761449952921456656e+02
3.762450526793021481e+02
3.763104354939063114e+02
3.763513894091842644e+02
3.766945340247027616e+02
3.767518842337761953e+02
3.769010757888742091e+02
3.769660676451617860e+02
3.769836774069837588e+02
3.770702643264800713e+02
3.772354124819784147e+02
3.773081575858174688e+02
3.773760443438526408e+02
3.774213703464434388e+02
3.774883142004321712e+02
3.775101179770130670e+02
3.776083873470988692e+02
3.777918529818098250e+02
3.778975265828349848e+02
3.780180826492878623e+02
3.781223852341155975e+02
3.782334030187831786e+02
3.784040178695589134e+02
3.784263075083397325e+02
3.785704587667349301e+02
3.788051172687162307e+02
3.789027357623698435e+02
3.790209507263073760e+02
3.792460813129716257e+02
3.794174132428041162e+02
3.795277268691874042e+02
3.795821528482015879e+02
3.796377953703472485e+02
