5.449990315840852872e+02
5.264934678357504936e+02
4.954770998319893920e+02
4.740090737677584229e+02
4.456173980164490445e+02
4.427318964956975833e+02
4.299007658265875875e+02
4.228116100172443339e+02
4.160746258666139852e+02
4.084696706699417064e+02
4.080778177932500626e+02
4.111788760014802619e+02
3.990298109764055994e+02
4.033770367437955997e+02
4.047008501586296916e+02
4.040253870139810601e+02
4.058993671090343014e+02
4.068526705050306305e+02
4.085332938985893634e+02
4.086243070892940636e+02
4.097224613096064445e+02
4.099078107288322030e+02
4.082044983727085423e+02
4.053495974778096524e+02
4.056766296659815794e+02
4.068960695486142640e+02
4.074420425390787841e+02
4.077613819448138770e+02
4.077487936994624533e+02
4.082370905710515672e+02
4.083345229480269722e+02
4.079374138042225582e+02
4.081963066777775566e+02
4.083223677018721673e+02
4.087159719863867622e+02
4.087129633494162135e+02
4.086606585575621580e+02
4.084530394628172871e+02
4.089344061400840928e+02
4.087260174073373378e+02
4.085811129439802016e+02
4.087796252766868861e+02
4.090659766340585861e+02
4.088522258822765707e+02
4.088879565019785787e+02
4.088831542444584670e+02
4.095167699143316895e+02
4.096396227474935472e+02
4.097220160470732822e+02
4.092166432736445358e+02
4.092958704319599406e+02
4.094228996458894585e+02
4.091101739987670385e+02
4.091157247271615915e+02
4.089981205763880325e+02
4.095414983360230394e+02
4.097602181073311840e+02
4.095502154775444978e+02
4.100718896760007510e+02
4.100253601788558058e+02
4.100306290970175951e+02
4.100155838458437643e+02
4.100999241345448922e+02
4.099536508303176561e+02
4.102527823388614934e+02
4.106322293268478916e+02
4.104852247675940475e+02
4.104527673617241135e+02
4.103334567485235311e+02
4.104629282431575348e+02
4.105939217533591545e+02
4.104032873562683790e+02
4.102385248833215883e+02
4.106532905903940787e+02
4.104182109331802053e+02
4.106340626576745194e+02
4.105975775455967209e+02
4.108690691026094441e+02
4.108683370504901973e+02
4.106219145932451511e+02
4.111693831944660360e+02
4.109822536643174544e+02
4.110241532775749533e+02
4.112876649322985827e+02
4.110230573849211169e+02
4.113416738707473996e+02
4.116268641793574830e+02
4.113267695575227663e+02
4.117350364535746507e+02
4.117590032297023868e+02
4.120914892273730175e+02
4.119877030897857821e+02
4.120694804846417583e+02
4.123672759714716562e+02
4.121806583302154650e+02
4.125613172942518645e+02
4.125717077001393136e+02
4.125836473890040565e+02
4.120491203831753637e+02
4.127514913152809299e+02
4.125413194349801529e+02
4.131931561543000839e+02
4.129360952397897222e+02
4.128169806396042532e+02
4.130091717330187748e+02
4.128823885174078896e+02
4.127344976059944770e+02
4.130264796458850469e+02
4.131426836291605582e+02
4.132623285680544427e+02
4.137973003766426814e+02
4.134932428024970932e+02
4.134894905130019538e+02
4.135020425036514098e+02
4.138354358217115987e+02
4.141208679269039976e+02
4.140912407978177043e+02
4.138240530419408287e+02
4.139444343953913403e+02
4.139934556235952527e+02
4.141673708725448932e+02
4.139773910286629075e+02
4.138539808058172866e+02
4.140623558753026714e+02
4.137070296890831855e+02
4.139599834309356083e+02
4.143185365593271854e+02
4.137893746749762727e+02
4.146452991974242650e+02
4.143838722031837278e+02
4.143417985011329847e+02
4.146466152322122980e+02
4.147480083895954976e+02
4.151621644183360331e+02
4.150528019532876556e+02
4.148887778292855160e+02
4.144743792652045613e+02
4.153048420678528601e+02
4.150646556806717058e+02
4.150922075684592869e+02
4.151982068390991572e+02
4.156529758946314814e+02
4.152382442886067793e+02
4.154310451059450884e+02
4.153812717788276245e+02
4.155458860528141258e+02
4.155443053240101108e+02
4.154316290125547653e+02
4.158948473214505270e+02
4.157265223457164893e+02
4.159137688177763152e+02
4.163150200010649087e+02
4.160330034639106316e+02
4.166554803524340969e+02
4.164252202163041261e+02
4.164204792548023875e+02
4.164663063735190462e+02
4.165857752670099217e+02
4.165270198742377943e+02
4.165604963200615884e+02
4.167383564379371705e+02
4.170425844650857243e+02
4.163116288148385138e+02
4.165154172282820468e+02
4.166964866726927426e+02
4.171655358320014102e+02
4.171666332826591770e+02
4.172968597245396722e+02
4.172721110189889941e+02
4.175565546659953498e+02
4.173224228587671405e+02
4.174685665253262528e+02
4.177693557174371222e+02
4.177203184242266047e+02
4.178639928795093965e+02
4.174240817318917038e+02
4.173271857002368961e+02
4.180761105401087434e+02
4.175516068649124577e+02
4.178307336165041193e+02
4.182012479852716069e+02
4.181670098907689521e+02
4.177407251303175144e+02
4.188134598276450902e+02
4.183975555449912918e+02
4.181420714657200506e+02
4.182946821395050847e+02
4.186505433445460653e+02
4.187501206293517271e+02
4.188869328974122936e+02
4.186318079549361642e+02
4.184740411399060349e+02
4.188345556620389516e+02
4.189535354050776732e+02
4.189976881781607290e+02
4.192212216938220877e+02
4.191757876012826500e+02
4.193027101670498951e+02
4.190735198899629381e+02
4.192513831054457683e+02
4.196276643270402360e+02
4.196430630090663385e+02
4.199652939761371044e+02
4.200532445299385245e+02
4.201338265044637978e+02
4.201739557815952821e+02
4.198685979242573580e+02
4.199642057313161558e+02
4.204716706405233140e+02
4.199846617112276022e+02
4.206061070442919458e+02
4.208546981590924361e+02
4.205002792713711415e+02
4.210273986922327367e+02
4.207058607479141301e+02
4.207613182551928048e+02
4.208382605581401776e+02
4.211351117912367386e+02
4.208388318757565685e+02
4.211935380804174542e+02
4.208212343820952128e+02
4.213206803495179997e+02
4.217542729922574836e+02
4.214612958491821928e+02
4.217404602303743104e+02
4.220391658715123526e+02
4.217681070999180406e+02
4.220553830387909784e+02
4.219824462967617933e+02
4.219660801581887313e+02
4.221303655055305626e+02
4.219789795877093752e+02
4.223172799988760175e+02
4.224760483935981483e+02
4.226517261805163344e+02
4.222688873198229658e+02
4.221189691251574345e+02
4.224348869524807242e+02
4.227464035296812881e+02
4.223637933325899212e+02
4.229678690075506893e+02
4.230763115851555654e+02
4.228467899779724917e+02
4.230684683563252975e+02
4.231407344372191801e+02
4.233696290970867722e+02
4.231605190234259339e+02
4.235423285613952089e+02
4.234448310046528263e+02
4.234678822585846092e+02
4.232157097392328637e+02
4.230552681381617504e+02
4.232132941987226786e+02
4.236378081370274344e+02
4.232842104773803840e+02
4.235999347708428786e+02
4.239329642333254355e+02
4.241280586620090958e+02
4.240732444250775757e+02
4.239489520006264343e+02
4.239251457555753859e+02
4.239899994943576189e+02
4.243817625587166731e+02
4.241384704705836270e+02
4.241824824791273159e+02
4.242351301503942977e+02
4.247522678660052975e+02
4.243853932740690880e+02
4.245680039463020989e+02
4.241306301236510876e+02
4.240307690592096037e+02
4.239155511137579992e+02
4.244690043672728734e+02
4.246653500194261142e+02
4.243346380424406448e+02
4.249668838004708959e+02
4.251037790127071503e+02
4.247288733355220529e+02
4.249476155155133483e+02
4.252163438712523771e+02
4.252354167061938028e+02
4.248889742006763868e+02
4.249457274518421173e+02
4.254444201609499032e+02
4.251671194317093523e+02
4.253575199653735694e+02
4.253605267567198212e+02
4.257081671353968773e+02
4.257563384003435658e+02
4.257014470051777835e+02
4.257415089913219504e+02
4.264337312638857611e+02
4.258874828894126381e+02
4.261112864973367209e+02
4.260500432452229234e+02
4.261136001828722897e+02
4.262533152207498119e+02
4.263337563193612709e+02
4.265264952607551550e+02
4.267915675534520688e+02
4.266030697105473450e+02
4.268625303617203031e+02
4.265526288120196341e+02
4.263239567657328735e+02
4.265661764789878703e+02
4.266839620518510401e+02
4.265874659971599954e+02
4.268846516620606621e+02
4.270578920270443177e+02
4.268229340464811230e+02
4.270049702898956525e+02
4.269001741723987493e+02
4.268482393067795329e+02
4.271839061875242010e+02
4.269139329053642768e+02
4.269376818559710500e+02
4.270369452192425115e+02
4.273778015001369681e+02
4.276670054882361569e+02
4.275246190805634683e+02
4.273838139309779081e+02
4.276630307355525247e+02
4.274921808118812123e+02
4.273822684742363549e+02
4.272721058614071694e+02
4.274508271341682075e+02
4.276710639680916870e+02
4.277618498845692443e+02
4.278577747404460752e+02
4.278747304166612935e+02
4.283346655926022208e+02
4.282202092654883927e+02
4.282796517387055246e+02
4.281289801663396588e+02
4.280517920565601457e+02
4.284211030064176384e+02
4.288022849897644164e+02
4.286173826151416506e+02
4.288803083656736135e+02
4.287372924052328926e+02
4.285575175311221301e+02
4.291352791866573284e+02
4.290942252067981144e+02
4.289205177772167872e+02
4.290228717965109126e+02
4.291523669826704577e+02
4.291646525175142415e+02
4.292418576659132441e+02
4.291530309343949625e+02
4.290920167535466589e+02
4.294436508282337286e+02
4.294312605756391008e+02
4.295554627322919714e+02
4.292798004850370148e+02
4.291732459444976939e+02
4.292890448669153898e+02
4.295024242957168781e+02
4.297671070680049752e+02
4.298555195135057829e+02
4.298487202621882943e+02
4.298466827342913348e+02
4.303623357260470925e+02
4.300837557493160830e+02
4.300695662543864728e+02
4.299067488125213572e+02
4.300317348581117471e+02
4.301569497611242241e+02
4.306330323012039685e+02
4.307102276569298738e+02
4.304371692923944011e+02
4.309393442879000986e+02
4.305523487889839771e+02
4.303568601668021643e+02
4.303726713740319383e+02
4.309278073963317865e+02
4.309087455971637155e+02
4.308577665869368616e+02
4.311441350123535017e+02
4.315575147544714127e+02
4.311072853360483350e+02
4.312439336848384528e+02
4.311242396502706811e+02
4.311693979394070197e+02
4.314813680472689157e+02
4.313442751468273286e+02
4.315695883054451656e+02
4.315182756198825587e+02
4.318567858452075257e+02
4.317877263217209247e+02
4.320728887798577489e+02
4.315127933862582381e+02
4.319796038865836181e+02
4.319754310125233587e+02
4.321976272660546670e+02
4.320681382557437473e+02
4.320957549107222917e+02
4.322064401232764794e+02
4.323663447394851573e+02
4.324714518779638865e+02
4.324530116498876282e+02
4.325277724362523486e+02
4.322926111232726498e+02
4.325586809478579084e+02
4.327043702690207283e+02
4.326279395585090128e+02
4.328033624959467147e+02
4.333455293903863321e+02
4.330912144083281987e+02
4.331677783095244081e+02
4.332846219951165381e+02
4.335784749249244214e+02
4.333111000791068363e+02
4.333742660155753015e+02
4.328941986226780614e+02
4.327495873152316790e+02
4.332714867282589921e+02
4.330987655004417434e+02
4.332316717391544216e+02
4.333942977271777863e+02
4.334170145256385354e+02
4.336862421763390785e+02
4.336234759947066095e+02
4.336543192702517899e+02
4.338511348347531680e+02
4.341049890442718038e+02
4.337361630785293301e+02
4.338109115815267387e+02
4.341060285153906761e+02
4.341237657753578105e+02
4.341301664899997945e+02
4.344479960376112899e+02
4.347429754466022018e+02
4.343560601565836237e+02
4.343400144716991917e+02
4.348170170851290663e+02
4.347069758145789820e+02
4.347483324097314039e+02
4.347606882670254436e+02
4.346919018954852731e+02
4.350394007104651450e+02
4.352516762837822739e+02
4.352788104237843640e+02
4.350820163537007375e+02
4.352540435099485876e+02
4.349265267967775799e+02
4.352826618889257588e+02
4.349577509438986453e+02
4.351970758956649092e+02
4.349386078118488399e+02
4.355740152685366411e+02
4.353034239261587572e+02
4.352899814044573077e+02
4.357033243264365865e+02
4.357578650200374568e+02
4.358438443241075788e+02
4.358297961026937628e+02
4.354990010321663476e+02
4.352564283417929119e+02
4.356376296241421073e+02
4.352661612523620533e+02
4.354983938866711810e+02
4.357120362487987677e+02
4.355892920696233546e+02
4.350811167119760512e+02
4.353100939679616204e+02
4.355727005991624878e+02
4.354084559275543143e+02
4.355960380637120579e+02
4.359702190995517412e+02
4.355980877263839375e+02
4.358538991401110252e+02
4.359645912485312351e+02
4.363827190286015139e+02
4.360266863261074946e+02
4.358870486322935562e+02
4.359636288083569298e+02
4.360739244470173617e+02
4.362776579184646266e+02
4.362774288700182410e+02
4.365837020369884840e+02
4.367347673107776700e+02
4.366059950763714141e+02
4.367359833949226982e+02
4.365388569306505246e+02
4.372968617082310061e+02
4.369999752256996999e+02
4.371009834151453219e+02
4.369899406564153992e+02
4.370872543924651268e+02
4.370797295441013262e+02
4.369979386972597126e+02
4.372477200648497728e+02
4.373580591230232244e+02
4.373518052025859788e+02
4.372890700060052040e+02
4.374415827818460798e+02
4.375241062496042446e+02
4.379140957214225409e+02
4.372732257632294477e+02
4.375208272382777750e+02
4.378234368801984715e+02
4.374299569449993896e+02
4.375756477629814754e+02
4.376950306192906055e+02
4.378676803687363304e+02
4.382234668884885309e+02
4.384863623007659612e+02
4.382292345845432351e+02
4.383686326491520049e+02
4.383356769598602227e+02
4.383890257925571632e+02
4.387294225822307112e+02
4.387451675342857698e+02
4.390554128475399125e+02
4.387661871780861702e+02
4.387604867517748062e+02
4.389464330958472260e+02
4.390507169708969286e+02
4.391770696002516843e+02
4.391612490788501191e+02
4.392997110406041656e+02
4.391762582194059519e+02
4.391982709845995032e+02
4.391391165274438890e+02
4.394353176576167925e+02
4.394656207288670089e+02
4.397424137645365931e+02
4.393590618996880153e+02
4.394810476893401301e+02
4.397843322198665987e+02
4.402012610971643198e+02
4.400210171799231489e+02
4.400615614641912430e+02
4.401995789147024993e+02
4.403686588529043320e+02
4.403037289206534410e+02
4.398650610625351760e+02
4.396209471559492954e+02
4.399684910493047596e+02
4.403091161787126566e+02
4.406345870237901181e+02
4.403140541239956747e+02
4.405351912156074263e+02
4.405163869663199989e+02
4.405246273113245934e+02
4.407556568959340098e+02
4.408304301918941519e+02
4.406831965333396397e+02
4.407152413705373988e+02
4.407592432857222775e+02
4.408932812867157622e+02
4.409058159410970461e+02
4.413018294505986319e+02
4.408217739679141118e+02
4.409768212314242533e+02
4.410362554941679605e+02
4.407769165627917118e+02
4.412660532097684154e+02
4.415559462276997351e+02
4.414436771947536045e+02
4.418319099250397812e+02
4.415748279576212099e+02
4.417007814585234087e+02
4.418046174128018038e+02
4.419656828868186835e+02
4.417911469095366215e+02
4.419284700706219837e+02
4.420680031164127399e+02
4.422347607268595198e+02
4.420170622751126075e+02
4.421093790248759205e+02
4.421198496783981113e+02
4.423880723560240540e+02
4.422663556483325920e+02
4.424233846686622655e+02
4.423244906468398767e+02
4.425643636913813452e+02
4.428248895335871111e+02
4.429296795018040029e+02
4.430101156454063016e+02
4.431581737042291138e+02
4.429664349620152848e+02
4.433811203234332083e+02
4.433879624975036791e+02
4.433372150159186731e+02
4.434557995370931849e+02
4.433973755198023809e+02
4.432333758097148575e+02
4.436825662170909936e+02
4.431327572694483479e+02
4.432170895511489448e+02
4.435476428516800524e+02
4.441564067345521494e+02
4.441098287774149753e+02
4.439875978399798555e+02
4.439549072237032874e+02
4.438334910993026483e+02
4.440607651744044801e+02
4.444249390985010564e+02
4.441610642207172646e+02
4.440992180946888652e+02
4.443346302350265660e+02
4.446564864425398014e+02
4.443534779706859581e+02
4.446410674052666536e+02
4.448300042426237724e+02
4.451010899969801358e+02
4.451749469768425911e+02
4.450192965545368793e+02
4.448003840998663350e+02
4.453319112853179718e+02
4.451939511597857972e+02
4.454163667106925573e+02
4.454754089873438829e+02
4.451351500512225243e+02
4.454375828042338412e+02
4.455281138747961904e+02
4.456955145971359116e+02
4.455370575680696561e+02
4.454167620199884254e+02
4.456146689437138662e+02
4.457827133640520856e+02
4.454295221261600091e+02
4.459120721806207257e+02
4.460047507361987300e+02
4.462703995843514235e+02
4.462256298349630583e+02
4.466260355566629983e+02
4.465022480404405201e+02
4.467055853401539025e+02
4.468782083726006817e+02
4.471040109753743081e+02
4.472317370002469374e+02
4.470529729239439689e+02
4.472512396296418160e+02
4.470249579300630103e+02
4.473553351923049490e+02
4.476873246514941229e+02
4.474564515592601310e+02
4.477349555646794101e+02
4.474901615657818184e+02
4.479120959977122993e+02
4.477657971767942513e+02
4.475432332303057024e+02
4.477652219842217960e+02
4.481559683058391101e+02
4.479403501263528824e+02
4.486665793188878411e+02
4.486300330242254404e+02
4.483880758024834563e+02
4.484526846873974364e+02
4.489005988243019942e+02
4.487014911942520712e+02
4.486596298152762188e+02
4.485663117607387562e+02
4.491993705515464512e+02
4.489330480186629870e+02
4.491035434783769915e+02
4.493497098356357924e+02
4.494455307765217071e+02
4.496703728355867611e+02
4.495781776114423565e+02
4.500735306320667632e+02
4.496766302443239169e+02
4.494959899173966278e+02
4.495853190522912541e+02
4.493506507830015266e+02
4.493209705316257327e+02
4.496871356409305349e+02
4.496484927209281750e+02
4.500950252861530885e+02
4.499526712375666193e+02
4.498263058024138559e+02
4.498166504291741603e+02
4.501700808239281741e+02
4.501908088156911276e+02
4.503112228488976712e+02
4.502816417412398096e+02
4.502166115836248537e+02
4.503044866860020647e+02
4.507836297456294119e+02
4.506597027262971551e+02
4.508512155262993133e+02
4.506399569090314117e+02
4.510006412474789954e+02
4.514273364297177977e+02
4.513554863837682660e+02
4.514959005741575879e+02
4.516618737466023958e+02
4.517210340282754828e+02
4.514994435343297141e+02
4.514571706694781028e+02
4.516343600906556048e+02
4.514669829808128156e+02
4.516647142425164816e+02
4.515136878128489570e+02
4.518295001797708892e+02
4.521278256822191111e+02
4.519436694408101403e+02
4.521835654305576213e+02
4.518862954039543069e+02
4.524904068870765173e+02
4.524497521556818356e+02
4.523128320778237139e+02
4.522458845545936015e+02
4.523243870941139448e+02
4.526077966347666575e+02
4.526709045844152115e+02
4.526205842823767966e+02
4.530126409557573197e+02
4.528141228923593076e+02
4.527328009212666871e+02
4.527290021966043128e+02
4.529965830583361708e+02
4.529226562414203272e+02
4.532269899812786775e+02
4.532699984860596487e+02
4.533725396503766092e+02
4.531446567875349842e+02
4.535310697300972151e+02
4.539026894827482010e+02
4.541341241518256311e+02
4.538960076363915164e+02
4.543262319791663231e+02
4.541719274257193888e+02
4.541797933280593043e+02
4.541895777820916464e+02
4.545298013816845355e+02
4.545695531310785782e+02
4.543959192638801028e+02
4.545743187007665824e+02
4.546606841813947995e+02
4.546925809566598105e+02
4.544333753103886693e+02
4.546032757491703364e+02
4.544026320972626536e+02
4.547535823249897362e+02
4.549750975563267161e+02
4.551017281052931480e+02
4.552307790839147401e+02
4.550397764812150285e+02
4.552010353799175846e+02
4.555398108783419389e+02
4.553353848069210130e+02
4.553139342137728249e+02
4.558247828124225975e+02
4.560476300959435321e+02
4.564058669512748452e+02
4.567473852997266590e+02
4.564973923178519044e+02
4.565458102854364597e+02
4.564157667614836100e+02
4.566089036375662431e+02
4.566189466166931084e+02
4.571081051725478801e+02
4.571746450010645049e+02
4.570466713347161658e+02
4.571013102963245842e+02
4.574982119002423815e+02
4.576480102158770933e+02
4.574295729175598808e+02
4.571307224250949162e+02
4.572446907992523393e+02
4.573033616518833924e+02
4.572557675876374219e+02
4.574780094872310201e+02
4.582097199043781188e+02
4.580650140366275878e+02
4.581831049531788267e+02
4.581252471108241480e+02
4.583106950853940020e+02
4.582987860426795237e+02
4.583119849618725539e+02
4.583346588455012807e+02
4.588657279049128874e+02
4.584546185837530743e+02
4.592150370092343223e+02
4.594202271202848351e+02
4.595702815029724206e+02
4.592153901234847240e+02
4.589722669674310964e+02
4.590133092645639863e+02
4.593779873635166950e+02
4.590427483704297629e+02
4.590484841809325189e+02
4.593140795642735839e+02
4.596934531761140192e+02
4.599606199758890739e+02
4.598044616658903578e+02
4.598152710928048350e+02
4.599648513440675970e+02
4.596605188175541912e+02
4.599900717675716919e+02
4.601612661773019681e+02
4.601696667140078603e+02
4.606516236987718003e+02
4.607221767004824073e+02
4.608193502919621665e+02
4.607498130448836946e+02
4.611090428334836133e+02
4.611756339164168708e+02
4.610965887493879904e+02
4.610765886844864667e+02
4.610242161457001089e+02
4.612972787998625108e+02
4.611239716969787992e+02
4.612839339131695056e+02
4.618312254616151904e+02
4.617100577781247353e+02
4.615935086358527997e+02
4.618601155650913483e+02
4.622534278883602497e+02
4.621918602124965787e+02
4.621759610267137646e+02
4.621839400517362719e+02
4.623424779045532773e+02
4.622192522113664381e+02
4.624741040553464586e+02
4.626614748464167519e+02
4.628273632770658992e+02
4.627066653155726499e+02
4.629501310981092388e+02
4.628926898180703802e+02
4.626964964738585309e+02
4.631006880678975790e+02
4.631208690868863869e+02
4.633749270792760058e+02
4.638865272083713762e+02
4.634848579298712821e+02
4.633283459031195548e+02
4.635728003791193714e+02
4.638293710754501262e+02
4.639632254290650053e+02
4.636051499122887094e+02
4.641441148288956811e+02
4.641644870338744227e+02
4.640568187648830758e+02
4.637435659743888436e+02
4.641289730056318490e+02
4.644002703777761667e+02
4.645095378650410680e+02
4.648199292699169973e+02
4.646470105484051487e+02
4.645486373036220584e+02
4.647429863742502789e+02
4.648905991328198866e+02
4.649860877405171777e+02
4.653407254372996249e+02
4.652812217197362656e+02
4.650169372220985906e+02
4.657110441977586106e+02
4.656646598085058031e+02
4.657756674628567453e+02
4.660215801023112476e+02
4.657839254915450624e+02
4.661429315044347277e+02
4.660463771024311654e+02
4.661934116211553487e+02
4.668745900771079960e+02
4.664997337745745085e+02
4.663590584787160083e+02
4.666470308750456866e+02
4.668268692365488732e+02
4.667950552226386094e+02
4.669607031616898780e+02
4.673464096028062045e+02
4.672723311732195839e+02
4.671407319983030675e+02
4.669960428785216209e+02
4.671315962194696567e+02
4.675022068358422302e+02
4.674288679090632286e+02
4.675860811435588289e+02
4.679654312914880734e+02
4.678546638364232990e+02
4.681842221934521149e+02
4.683034173251751326e+02
4.680764621098675207e+02
4.685396942893504502e+02
4.685534100874208434e+02
4.688339257527915720e+02
4.688220235493108703e+02
4.688164354521882160e+02
4.689839818876831146e+02
4.691581628192935796e+02
4.690975440151063367e+02
4.696584667370248098e+02
4.696186779132391393e+02
4.696998266353343183e+02
4.693294931509706203e+02
4.693992277252028202e+02
4.694416916983333294e+02
4.696678056411399211e+02
4.697771453873428982e+02
4.697759050797591271e+02
4.702537263633851694e+02
4.699423694277543859e+02
4.701219139467272612e+02
4.704618758018188487e+02
4.707855338299589789e+02
4.706670379810091163e+02
4.706467541761715552e+02
4.704468266225807724e+02
4.703589034895946952e+02
4.705220571506479246e+02
4.704262952317810118e+02
4.705910808726085861e+02
4.709633246022041249e+02
4.712966725705740032e+02
4.710056442477571750e+02
4.712353723028392665e+02
4.715222253427123746e+02
4.716110332706770123e+02
4.716449444110767786e+02
4.713931939343701174e+02
4.718442284086025893e+02
4.719057217204438075e+02
4.718754868154850328e+02
4.722525902569976211e+02
4.719959444806939359e+02
4.722046828485831611e+02
4.724381765017905082e+02
4.725151306397627877e+02
4.727817542555087016e+02
4.725905595804442214e+02
4.726357213395439771e+02
4.723820397296962028e+02
4.726223710954861303e+02
4.733066690871001470e+02
4.732719895369019127e+02
4.734263346627893725e+02
4.735653527213054304e+02
4.733711937677813353e+02
4.733916383587304608e+02
4.735224085010638646e+02
4.731703468883172263e+02
4.733820711743127276e+02
4.736630334284214427e+02
4.738075306360934178e+02
4.739755976397424320e+02
4.742677774064617893e+02
4.741382652133604552e+02
4.744424378855945861e+02
4.743040327285340254e+02
4.742624858576763245e+02
4.743168181018451719e+02
4.742319189337480339e+02
4.745765272998956448e+02
4.748521863864007173e+02
4.746383668808036305e+02
4.745514883592775846e+02
4.746897914555967759e+02
4.748967394065160761e+02
4.747708207023747491e+02
4.747783598814798438e+02
4.746357053622175499e+02
4.747870465541644762e+02
4.748668213624774808e+02
4.751244129882707057e+02
4.756331932744336086e+02
4.753072270523325074e+02
4.747916325746232360e+02
4.751367611885680731e+02
4.752609408978958072e+02
4.758847207696121018e+02
4.756851857762893587e+02
4.760551095285564429e+02
4.759049730370689417e+02
4.761329556331816661e+02
4.759905792636506021e+02
4.763351958529627836e+02
4.763053661840959307e+02
4.762502599154097993e+02
4.764416410352689581e+02
4.766067943813030183e+02
4.766510852891145760e+02
4.768157560342562533e+02
4.769340780805457598e+02
4.771836573562804915e+02
4.772320014278053577e+02
4.773813004628955241e+02
4.778737408258197661e+02
4.775429246023347787e+02
4.777011840420114481e+02
4.777764009543053021e+02
4.776381910864187148e+02
4.777584221152674786e+02
4.776654911762018969e+02
4.777855720066121989e+02
4.782769699121450344e+02
4.783645352747768129e+02
4.781571123510555594e+02
4.784293221406391581e+02
4.780469219794439937e+02
4.784194322099093597e+02
4.785616396450297998e+02
4.787757111523237086e+02
4.789014407850646649e+02
4.790005142597508438e+02
4.789428438269436583e+02
