4.429994182535356373e+00
4.679549243956952154e+00
4.548399253243704976e+00
6.005370816317167737e+00
4.512998562118106349e+00
4.577706090427540175e+00
6.311668512490609118e+00
6.238517393324183757e+00
5.290269651494348579e+00
5.501319721005391017e+00
4.472946422099244757e+00
4.381821100473018760e+00
6.284984831962784568e+00
5.703470319555069779e+00
5.567798549561477017e+00
5.506621157611409245e+00
5.930648499112571415e+00
5.253590766872012097e+00
6.905731479806311413e+00
4.428798297760177860e+00
4.815479075239274209e+00
6.208210557856194356e+00
6.721027352852342318e+00
5.180413709397964084e+00
3.770505668928301635e+00
4.089164313765426328e+00
5.354642430098653705e+00
5.382672162039433772e+00
5.769364727877690058e+00
7.144063631773663658e+00
