4.070421481822238547e+02
3.114443004560143322e+02
2.657963279378537322e+02
2.422240841403294667e+02
2.268402082181210915e+02
2.131179561299335035e+02
2.017154336876789102e+02
1.922127994442705869e+02
1.864853078965899158e+02
1.808574546162425065e+02
1.769626782136439260e+02
1.736267998354626627e+02
1.668219435419353545e+02
1.604484990316014716e+02
1.571415692880126471e+02
1.501444773942861559e+02
1.445844303682730470e+02
1.377202688962263721e+02
1.311486998810378282e+02
1.260527909520965437e+02
1.198558723345944514e+02
1.120565936252746297e+02
1.052496442587314647e+02
1.006582127119488348e+02
9.563363162598518841e+01
8.927605408502357420e+01
8.411792714130825743e+01
7.781944065170932845e+01
7.288349902451318485e+01
6.880172399135449268e+01
6.406205991000180688e+01
6.017722789233224745e+01
5.739176432811005668e+01
5.365723288219261633e+01
5.080228070795739370e+01
4.763960057080404908e+01
4.540499583801443606e+01
4.260831718107324662e+01
4.036394568233167490e+01
3.758402137933730813e+01
3.599258577950885041e+01
3.427206453597175084e+01
3.289871082896997478e+01
3.105443140732648644e+01
2.989395670879053668e+01
2.965950895197171278e+01
2.860352850191303986e+01
2.768752541808635215e+01
2.708765686372492709e+01
2.615378136798164377e+01
2.574198618435353580e+01
2.504402252834796272e+01
2.467720975446509257e+01
2.404918216127426334e+01
2.374358513708786944e+01
2.328594011346094561e+01
2.286504007609333300e+01
2.241560859531421812e+01
2.205176052151740507e+01
2.169106870925862651e+01
2.146091684138997380e+01
2.125965956695345582e+01
2.105345152722203039e+01
2.074188796115616285e+01
2.063935047594745598e+01
2.043095339593375925e+01
2.018680999285748356e+01
2.000230944938870081e+01
1.987215005704961968e+01
1.971648613343898049e+01
1.962585090945908561e+01
1.949916982038236313e+01
1.935785968569815196e+01
1.924615030084483536e+01
1.917718187105564809e+01
1.907515363037360601e+01
1.894915942263922659e+01
1.881037833048089780e+01
1.871309390156385533e+01
1.863889598098051437e+01
1.862252138854443118e+01
1.858820361581490133e+01
1.848845908032177121e+01
1.846112630335567673e+01
1.839208537408983446e+01
1.832586691740334928e+01
1.827992057529103320e+01
1.820988839392955327e+01
1.815935963383198626e+01
1.811872595693727561e+01
1.808452206771371351e+01
1.804704876034672267e+01
1.802947287077005001e+01
1.802509106954543583e+01
1.800005825120090464e+01
1.797700087067382668e+01
1.792991902778931745e+01
1.789179448753485246e+01
1.786307172316708858e+01
1.783206000919970791e+01
1.780119549068155749e+01
1.776748559130768612e+01
1.774856153568387995e+01
1.772835895447080290e+01
1.772462115742697719e+01
1.768218780787502453e+01
1.766093241290600346e+01
1.763952899351964021e+01
1.760154852358585131e+01
1.759491662312447247e+01
1.756940914038589341e+01
1.755238896966028861e+01
1.754374269898286443e+01
1.750713399356704514e+01
1.749749719365083678e+01
1.748609135374085000e+01
1.745883058138483790e+01
1.744660251451064070e+01
1.743843042771926832e+01
1.742136042594439260e+01
1.739836679365738803e+01
1.737221370655999664e+01
1.735917759522777004e+01
1.734082276015027801e+01
1.733440462153217609e+01
1.731888781257101328e+01
1.729420247719783177e+01
1.726939039275115206e+01
1.724776569325553766e+01
1.724072293354069174e+01
1.723146284720027310e+01
1.721405156048314211e+01
1.720505666189952265e+01
1.719390359751812269e+01
1.718607125313448236e+01
1.717468800611696622e+01
1.716842246605647659e+01
1.716842246605647659e+01
1.716117060404946315e+01
1.714794091634316686e+01
1.714568470508421072e+01
1.713926717002396316e+01
1.713335384072872714e+01
1.712326793704582073e+01
1.711779109829373269e+01
1.711417997243955114e+01
1.711134103162395093e+01
1.710098177294885957e+01
1.709540110800957535e+01
1.709035634686119209e+01
1.707486775257228473e+01
1.706411412005168060e+01
1.705910836762111060e+01
1.704836110947114136e+01
1.704749071873740007e+01
1.703738899205956514e+01
1.703229626372684891e+01
1.702350340982949817e+01
1.701882563949275706e+01
1.700678307268302802e+01
1.699734480909850731e+01
1.698981176033286999e+01
1.697804680862275717e+01
1.697090061651536175e+01
1.696225160400413046e+01
1.695937183616186772e+01
1.695772021426845555e+01
1.695544482831501654e+01
1.694892726498338220e+01
1.694545249691533684e+01
1.694268955667719112e+01
1.693739343503077421e+01
1.693171437507172428e+01
1.692613138739220346e+01
1.691612764278461967e+01
1.691450744841605314e+01
1.691273565728056028e+01
1.690721982677527180e+01
1.690636001130348376e+01
1.690102167952057144e+01
1.689403007306913551e+01
1.689164396689157499e+01
1.688747525794759596e+01
1.688358636548210612e+01
1.687693387365040110e+01
1.687474092382353419e+01
1.687302551707507448e+01
1.687165512312222049e+01
1.686671258424531672e+01
1.686147426823133699e+01
1.685538867167874955e+01
1.685430773395322390e+01
1.684278631061401299e+01
1.684134884080400241e+01
1.683721608026333882e+01
1.683648820108978938e+01
1.683021540753614786e+01
1.682238038103132993e+01
1.681569020292449324e+01
1.681271820834017561e+01
1.680841133691754408e+01
1.680602891380229025e+01
1.680230210625954257e+01
1.680117420879551204e+01
1.679617776183189548e+01
1.679518344292435117e+01
1.679194907810445869e+01
1.678909122443493018e+01
1.678722826197603979e+01
1.678310629524275654e+01
1.678093172558730828e+01
1.677935310147623582e+01
1.677781694583628891e+01
1.677775780011655726e+01
1.677365826384804848e+01
1.677317938276249265e+01
1.677074279819069957e+01
1.676958065706799417e+01
1.676711687565540032e+01
1.676181329716596835e+01
1.675522698742880223e+01
1.675170050089922213e+01
1.674524379426758713e+01
1.674292947720704205e+01
1.673990930392089993e+01
1.673868380850931104e+01
1.673524269784680385e+01
1.673353923557418454e+01
1.672488486954781450e+01
1.672431527008539121e+01
1.672289424418192638e+01
1.671802703337839802e+01
1.671283482188594505e+01
1.670810604260916321e+01
1.670253682031894726e+01
1.670115231424746938e+01
1.669940359168482047e+01
1.669375880942740054e+01
1.669311401399445316e+01
1.668943733271427377e+01
1.668786843799416886e+01
1.668721064166392054e+01
1.668373029505933403e+01
1.667865496791412383e+01
1.667739269306564154e+01
1.667317659934970564e+01
1.667187521551309715e+01
1.667098532501156072e+01
1.667073277356988825e+01
1.666868772208782445e+01
1.666843303114577068e+01
1.666293489511815551e+01
1.666183700511168908e+01
1.665942422166086345e+01
1.665622188378342017e+01
1.665519362698163874e+01
1.665146790000564181e+01
1.665085983952203819e+01
1.664757834380860757e+01
1.664414695572613923e+01
1.664252520066115437e+01
1.664135812642588519e+01
1.664029560815331266e+01
1.663859978966436870e+01
1.663613476943869074e+01
1.663504004343818465e+01
1.663366530399298071e+01
1.663366530399298071e+01
1.663277083325895234e+01
1.662891049591985748e+01
1.662867316261054285e+01
1.662704706350715256e+01
1.662268064862959349e+01
1.661535513372940898e+01
1.661222318022974775e+01
1.661039907880286748e+01
1.660871123362082713e+01
1.660826902967519203e+01
1.660701763654282814e+01
1.660660122994945809e+01
1.660518945740346552e+01
1.660452669686853611e+01
1.660435518782391640e+01
1.660343034859333500e+01
1.660164554510956947e+01
1.659956348800252712e+01
1.659443617899591317e+01
1.659311107577100941e+01
1.659081459310497308e+01
1.658851077400648677e+01
1.658633293686646581e+01
1.658489672411643312e+01
1.658412530060227041e+01
1.658033425040677500e+01
1.658033425040677500e+01
1.657836198268526573e+01
1.657721972677886768e+01
1.657585719254960921e+01
1.657412768287592186e+01
1.657386880953115238e+01
1.657386880953115238e+01
1.657344128794577642e+01
1.657226655059827891e+01
1.657174455680210556e+01
1.657167772459719046e+01
1.657167772459719046e+01
1.657106271413782395e+01
1.657106271413782395e+01
1.657012189061314444e+01
1.656710130642542467e+01
1.656489871742276065e+01
1.656413487167779763e+01
1.656220525952951661e+01
1.656167185897711036e+01
1.656063409624638183e+01
1.656042726180652735e+01
1.655821451500764141e+01
1.655742355517686804e+01
1.655610963223696785e+01
1.655550373631534811e+01
1.655483064579482999e+01
1.655342134841027146e+01
1.655217860750303061e+01
1.655170683102747731e+01
1.655160767621837792e+01
1.655065346873296761e+01
1.655002653427995085e+01
1.654947737833806087e+01
1.654506822148841394e+01
1.654502394484013550e+01
1.654401369661712096e+01
1.654344020237308399e+01
1.654342512324109293e+01
1.654118657325543396e+01
1.653871359566804955e+01
1.653832437326132876e+01
1.653790528613645705e+01
1.653771012343006319e+01
1.653734647431976512e+01
1.653682337819005710e+01
1.653674119743286752e+01
1.653668501398015067e+01
1.653593013181239613e+01
1.653420999767064004e+01
1.653351228503743187e+01
1.653130528809627720e+01
1.653103062243610211e+01
1.652916012309585270e+01
1.652724463965192925e+01
1.652647133807316493e+01
1.652647133807316493e+01
1.652641224915599594e+01
1.652531500668687059e+01
1.652447225259922448e+01
1.652317907426303378e+01
1.652271324573036893e+01
1.652220370601733990e+01
1.652086119177213064e+01
1.651996386122375071e+01
1.651934889465535861e+01
1.651784616175910614e+01
1.651733692001924325e+01
1.651719646619354975e+01
1.651637094155849184e+01
1.651632725598158302e+01
1.651613384643778915e+01
1.651463967764748020e+01
1.651419402116929191e+01
1.651419402116929191e+01
1.651273649239634622e+01
1.651145163486583911e+01
1.651103247699111520e+01
1.651046556654669928e+01
1.651026806132595226e+01
1.650997657852074951e+01
1.650848952149122795e+01
1.650848952149122795e+01
1.650684218440415663e+01
1.650675430382481323e+01
1.650615889027971761e+01
1.650351264120781991e+01
1.650323723645185936e+01
1.650245372257919740e+01
1.650227741995790964e+01
1.650205417210138492e+01
1.650110441416545726e+01
1.650073328848228371e+01
1.650026311258105238e+01
1.650026084886258104e+01
1.649992591748136661e+01
1.649917811600820627e+01
1.649820589319890018e+01
1.649765149393179442e+01
1.649509782276645709e+01
1.649461478438246687e+01
1.649360504427042784e+01
1.649303370579782424e+01
1.649247513611010874e+01
1.649177720160415461e+01
1.649120527932101510e+01
1.648965509619359437e+01
1.648862370919716724e+01
1.648830605361830592e+01
1.648810590798871445e+01
1.648778740699647472e+01
1.648572453571573959e+01
1.648552383977681401e+01
1.648542219585524649e+01
1.648493772096940901e+01
1.648221524868604604e+01
1.648219744750729987e+01
1.648197980578023092e+01
1.648180560504090408e+01
1.648123324494476094e+01
1.648082535546506833e+01
1.647978061201139610e+01
1.647831906822408499e+01
1.647817640475589229e+01
1.647806575385248351e+01
1.647706582732856617e+01
1.647575930235427677e+01
1.647532396727802606e+01
1.647376635918350729e+01
1.647308207626523568e+01
1.647289487024553978e+01
1.647289487024553978e+01
1.647174626160569133e+01
1.647099049401110449e+01
1.647079184889945225e+01
1.647013958882043738e+01
1.646959104783115535e+01
1.646867565866751804e+01
1.646823205590554551e+01
1.646714721504108425e+01
1.646680083380838511e+01
1.646653532267509235e+01
1.646538405616484368e+01
1.646452666261075848e+01
1.646394543935705101e+01
1.646316780947263325e+01
1.646246303179424331e+01
1.646188988200786341e+01
1.646131451292035663e+01
1.646131451292035663e+01
1.646038099454112569e+01
1.645982744492824423e+01
1.645913858004699648e+01
1.645837340637732993e+01
1.645796720518857370e+01
1.645788520069379146e+01
1.645751711927963967e+01
1.645751711927963967e+01
1.645743650106949119e+01
1.645664991058563231e+01
1.645655683597360408e+01
1.645655326365461235e+01
1.645584683831979333e+01
1.645545018762046041e+01
1.645526433878563566e+01
1.645419479531916807e+01
1.645410889919454789e+01
1.645377363878883159e+01
1.645368372622391462e+01
1.645301187287389055e+01
1.645218141553375091e+01
1.645201611469991576e+01
1.645112135457594960e+01
1.645063376451065906e+01
1.645057567179257418e+01
1.645057567179257418e+01
1.645021418738282648e+01
1.645007686108865386e+01
1.645007686108865386e+01
1.644960600591779354e+01
1.644857429494673440e+01
1.644787549256837167e+01
1.644783437647962288e+01
1.644749074711771542e+01
1.644697192198332303e+01
1.644689364452408853e+01
1.644605404951535732e+01
1.644575699956023485e+01
1.644528967593983992e+01
1.644514877537982045e+01
1.644481010371213969e+01
1.644410011959250539e+01
1.644263884241139806e+01
1.644215582971313339e+01
1.644151791179548283e+01
1.644140113839957351e+01
1.644140113839957351e+01
1.644139731605523380e+01
1.644116516516519866e+01
1.644067354624305466e+01
1.644067354624305466e+01
1.644056835846089726e+01
1.644022737824546354e+01
1.643961533708097633e+01
1.643928728752898749e+01
1.643852591421124743e+01
1.643813065363168135e+01
1.643792259012840518e+01
1.643745154885476367e+01
1.643741580320740781e+01
1.643735697678046037e+01
1.643716982958448369e+01
1.643593480075541180e+01
1.643567110942901977e+01
1.643567110942901977e+01
1.643523478660932113e+01
1.643345410622493574e+01
1.643261881767026722e+01
1.643232816914652616e+01
1.643208082812504500e+01
1.643197619169474422e+01
1.643170865191281038e+01
1.643144944165475962e+01
1.643141278101896674e+01
1.643124169707418503e+01
1.643095964545336685e+01
1.643068700202157117e+01
1.643068700202157117e+01
1.643019624723134697e+01
1.643002078130687948e+01
1.642977617767940757e+01
1.642963560559051572e+01
1.642947732557563612e+01
1.642943177487670425e+01
1.642943177487670425e+01
1.642921610375023889e+01
1.642854829362557822e+01
1.642813938085786418e+01
1.642761910331461195e+01
1.642759216522776811e+01
1.642725543708265690e+01
1.642699720047680145e+01
1.642657685151828417e+01
1.642657685151828417e+01
1.642633659569634474e+01
1.642633659569634474e+01
1.642611767856278604e+01
1.642594105159768247e+01
1.642581939728345830e+01
1.642568831925313333e+01
1.642454868483430630e+01
1.642426714364500739e+01
1.642359462973248441e+01
1.642337890711648996e+01
1.642329612587282384e+01
1.642257289778516238e+01
1.642237166372407131e+01
1.642185487753453899e+01
1.642079077797761499e+01
1.642055708373268175e+01
1.642046097808763960e+01
1.642044582186439428e+01
1.642044582186439428e+01
1.642030658192073389e+01
1.642030658192073389e+01
1.641991984998809784e+01
1.641987369682133391e+01
1.641970817868620358e+01
1.641926338842721478e+01
1.641924770133795164e+01
1.641907253330108674e+01
1.641877851381829956e+01
1.641816272212816941e+01
1.641718969018235441e+01
1.641691295409860274e+01
1.641683934358848518e+01
1.641639467642444927e+01
1.641584740700756129e+01
1.641541936648600952e+01
1.641536682841934436e+01
1.641531865177175220e+01
1.641525050642905370e+01
1.641496348804387750e+01
1.641496348804387750e+01
1.641471233252688222e+01
1.641440556331002298e+01
1.641423253288606432e+01
1.641419984696373646e+01
1.641414006295629235e+01
1.641378109663278195e+01
1.641378109663278195e+01
1.641337515324654461e+01
1.641322447171002707e+01
1.641239711828492531e+01
1.641239339221225890e+01
1.641232639900454160e+01
1.641232639900454160e+01
1.641137318071768192e+01
1.641129267785168722e+01
1.641084014092559684e+01
1.640924464893998547e+01
1.640866902885774081e+01
1.640865479657621506e+01
1.640814786191939589e+01
1.640803283414088298e+01
1.640803283414088298e+01
1.640774391020696754e+01
1.640772636707607646e+01
1.640772636707607646e+01
1.640766945996094606e+01
1.640762307243251783e+01
1.640736057477072052e+01
1.640723278631176285e+01
1.640705230143575122e+01
1.640650177293256817e+01
1.640616123347944821e+01
1.640616123347944821e+01
1.640529261193186983e+01
1.640489195966970470e+01
1.640471013151149293e+01
1.640467206057403615e+01
1.640424974253183521e+01
1.640416078497647590e+01
1.640392444436683661e+01
1.640392444436683661e+01
1.640299605003504269e+01
1.640265449331539216e+01
1.640265449331539216e+01
1.640244023110492222e+01
1.640222569114964202e+01
1.640160222131317269e+01
1.640159137041791482e+01
1.640159137041791482e+01
1.640114140948695010e+01
1.640092326069338213e+01
1.640069187933100281e+01
1.640069187933100281e+01
1.640038441370760935e+01
1.639993865926395245e+01
1.639989532373958170e+01
1.639985736860192489e+01
1.639983636132487277e+01
1.639951238557441826e+01
1.639932360128333499e+01
1.639918414588709439e+01
1.639905876506173854e+01
1.639888852039034717e+01
1.639888852039034717e+01
1.639862742319603583e+01
1.639862742319603583e+01
1.639859826949023258e+01
1.639859826949023258e+01
1.639848676765521063e+01
1.639841771380924484e+01
1.639793202502512770e+01
1.639758896363725782e+01
1.639747724997176448e+01
1.639706354952181044e+01
1.639628917667618069e+01
1.639598009194101280e+01
1.639583100537425508e+01
1.639542091488438302e+01
1.639514079467015151e+01
1.639500108266665279e+01
1.639464971319013742e+01
1.639445554293082807e+01
1.639445554293082807e+01
1.639445133677374145e+01
1.639436921854019857e+01
1.639417158102154204e+01
1.639399072126112955e+01
1.639399072126112955e+01
1.639398598958131004e+01
1.639372074351818753e+01
1.639363125071719907e+01
1.639354868466323722e+01
1.639299033456839538e+01
1.639299033456839538e+01
1.639288942926086889e+01
1.639234425164823250e+01
1.639214337783504760e+01
1.639167971840513260e+01
1.639165684391074862e+01
1.639132692532935565e+01
1.639111531701848889e+01
1.639092250181346699e+01
1.639073547488278848e+01
1.639050078375075969e+01
1.639042678977384782e+01
1.638961982640951831e+01
1.638895411962368343e+01
1.638884620885265164e+01
1.638882636576990492e+01
1.638876761178370600e+01
1.638875560561190170e+01
1.638869949146819494e+01
1.638865247506839040e+01
1.638828703179364155e+01
1.638819277095342386e+01
1.638790486664526114e+01
1.638775180779678919e+01
1.638771923861709467e+01
1.638758471076483758e+01
1.638758471076483758e+01
1.638758471076483758e+01
1.638733254818676244e+01
1.638684900813367307e+01
1.638663039342996441e+01
1.638652067346253816e+01
1.638646623840095629e+01
1.638646623840095629e+01
1.638620898601393705e+01
1.638614098796046648e+01
1.638599375638862199e+01
1.638585939883129328e+01
1.638567797566273399e+01
1.638550788559264149e+01
1.638548795172068395e+01
1.638499308961340617e+01
1.638496885788305946e+01
1.638485462817138583e+01
1.638461211548206720e+01
1.638446474343270864e+01
1.638432105103489533e+01
1.638432105103489533e+01
1.638426842104374614e+01
1.638421627270167491e+01
1.638407668348797586e+01
1.638386782601084235e+01
1.638380297466684610e+01
1.638286453878517435e+01
1.638255019755312247e+01
1.638232267919524787e+01
1.638221927185373161e+01
1.638219816041804933e+01
1.638199025427930877e+01
1.638183440935549839e+01
1.638180077980905125e+01
1.638180077980905125e+01
1.638180077980905125e+01
1.638180021762503458e+01
1.638180021762503458e+01
1.638175212340267350e+01
1.638156334211338816e+01
1.638140252295906052e+01
1.638126808292402004e+01
1.638118971317125983e+01
1.638099686531294452e+01
1.638092209296185331e+01
1.638091368161391514e+01
1.638091368161391514e+01
1.638090513339649590e+01
1.638068389408414660e+01
1.638064491107655130e+01
1.638043117002355942e+01
1.638039262400100426e+01
1.638031678843372418e+01
1.638006298118245141e+01
1.637991587011199357e+01
1.637964273595203935e+01
1.637961674337823226e+01
1.637935687631335213e+01
1.637935687631335213e+01
1.637916242645061260e+01
1.637883324121600381e+01
1.637869805341239982e+01
1.637869805341239982e+01
1.637835012967276427e+01
1.637819973364991455e+01
1.637808876448767847e+01
1.637789108820026129e+01
1.637782126209703293e+01
1.637781815599558755e+01
1.637775056698461285e+01
1.637775056698461285e+01
1.637774528207295788e+01
1.637774528207295788e+01
1.637743846548895021e+01
1.637743846548895021e+01
1.637739066477411143e+01
1.637739066477411143e+01
1.637720313666985561e+01
1.637697040288575678e+01
1.637679858983609904e+01
1.637634772027879038e+01
1.637615219402391986e+01
1.637598439192167277e+01
1.637590935891152810e+01
1.637579258504286628e+01
1.637577339012832667e+01
1.637574320234981684e+01
1.637533803123701048e+01
1.637519886412058057e+01
1.637489061574159521e+01
1.637489061574159521e+01
1.637488679170224870e+01
1.637480974978496917e+01
1.637471443733705811e+01
1.637457047381884223e+01
1.637455638863990615e+01
1.637447215533225631e+01
1.637442300248373428e+01
1.637427830932385220e+01
1.637427457196189096e+01
1.637423290719303992e+01
1.637391261438808243e+01
1.637381355155881479e+01
1.637376964131333068e+01
1.637367945902050437e+01
1.637367945902050437e+01
1.637367037688331450e+01
1.637306955854215573e+01
1.637306663973515697e+01
1.637289884322867906e+01
1.637269155298485046e+01
1.637251238229888628e+01
1.637251238229888628e+01
1.637250975126941199e+01
1.637249604229943500e+01
1.637234434364093971e+01
1.637204892472454176e+01
1.637193013285242671e+01
1.637181566141507716e+01
1.637177809588144939e+01
1.637174889379544140e+01
1.637130994832505237e+01
1.637126090694099290e+01
1.637126090694099290e+01
1.637099890152134662e+01
1.637098949636633805e+01
1.637079557050002876e+01
1.636995326417576990e+01
1.636993174323258415e+01
1.636989832725718585e+01
1.636986747758253102e+01
1.636985219533050895e+01
1.636976931655480172e+01
1.636972290971036514e+01
1.636972290971036514e+01
1.636931513766030832e+01
1.636915543483688396e+01
1.636910239905633091e+01
1.636907141421630385e+01
1.636907074480383528e+01
1.636893301448741411e+01
1.636877735805845546e+01
1.636877735805845546e+01
1.636859057162986986e+01
1.636846774051505093e+01
1.636846774051505093e+01
1.636805112384752903e+01
1.636794035009626924e+01
1.636782548258555892e+01
1.636782548258555892e+01
1.636782548258555892e+01
1.636782548258555892e+01
1.636769118097256381e+01
1.636754638050253874e+01
1.636722157297510805e+01
1.636716688979948842e+01
1.636698763897610931e+01
1.636666906532054355e+01
1.636663170791902289e+01
1.636663170791902289e+01
1.636660675024748812e+01
1.636657923225002875e+01
1.636655184341620739e+01
1.636635896138028912e+01
1.636613701151726019e+01
1.636612120388808123e+01
1.636598290192936744e+01
1.636590746154701748e+01
1.636590100682133553e+01
1.636578842782202869e+01
1.636578842782202869e+01
1.636565420279586291e+01
1.636565420279586291e+01
1.636563390346652014e+01
1.636558297939420825e+01
1.636553975402152261e+01
1.636550166127779349e+01
1.636545497091934109e+01
1.636504437204339268e+01
1.636504437123080180e+01
1.636490975401947168e+01
1.636490975401947168e+01
1.636489852001276546e+01
1.636449666938583647e+01
1.636437009034870371e+01
1.636437009034870371e+01
1.636415502729579785e+01
1.636406049509793448e+01
1.636384488043872665e+01
1.636380535114027879e+01
1.636377488836863492e+01
1.636377283536987903e+01
1.636377146089767720e+01
1.636361595962295112e+01
1.636352747925730355e+01
1.636331202552553421e+01
1.636291956390578051e+01
1.636284362464536102e+01
1.636281657125121214e+01
1.636281657125121214e+01
1.636281557318354274e+01
1.636273084619980267e+01
1.636272057995179452e+01
1.636272057995179452e+01
1.636267501297492188e+01
1.636241071767704724e+01
1.636229382990666892e+01
1.636226015520557908e+01
1.636224076641640934e+01
1.636224076641640934e+01
1.636220124602172277e+01
1.636196892870681197e+01
1.636190330800840087e+01
1.636180749145067637e+01
1.636176519189448086e+01
1.636143859335647477e+01
1.636101347995193578e+01
1.636100627979500644e+01
1.636092124260003899e+01
1.636059126321957180e+01
1.636059126321957180e+01
1.636057046263774595e+01
1.636057046263774595e+01
1.636048340907877119e+01
1.636041406535481002e+01
1.636041406535481002e+01
1.636041406535481002e+01
1.636038303905865732e+01
1.636022497656082209e+01
1.636000381148623006e+01
1.635977222521460916e+01
1.635952187765251509e+01
1.635945741299015310e+01
1.635938214537656066e+01
1.635905997042479143e+01
1.635905997042479143e+01
1.635903979403211039e+01
1.635896546511070682e+01
1.635887833322166784e+01
1.635875290269089177e+01
1.635871552176510946e+01
1.635858930482411822e+01
1.635838261393493198e+01
1.635827238505201109e+01
1.635827238505201109e+01
1.635816032998510394e+01
1.635808421161244652e+01
1.635806986075188263e+01
1.635804456300939336e+01
1.635804456300939336e+01
1.635790796194050145e+01
1.635790796194050145e+01
1.635788848513582039e+01
1.635785905284336650e+01
1.635768065664656135e+01
1.635759562715863069e+01
1.635747872345646670e+01
1.635746730299451812e+01
1.635733691147303048e+01
1.635710406374015236e+01
1.635703376605557580e+01
1.635702729914733311e+01
1.635695755720909972e+01
1.635672706064690018e+01
1.635663034284712580e+01
1.635663034284712580e+01
1.635658063862473099e+01
1.635656709143263754e+01
1.635649303110488262e+01
1.635649128913601658e+01
1.635648554958726919e+01
1.635647537316029698e+01
1.635647537316029698e+01
1.635639540499210298e+01
1.635635546517932326e+01
1.635631900193434163e+01
1.635622638660045780e+01
1.635622638660045780e+01
1.635618211334280403e+01
1.635609887418468489e+01
1.635608478406303234e+01
1.635588729108368611e+01
1.635587645498543807e+01
1.635587189494665594e+01
1.635577857431190552e+01
1.635575423487896529e+01
1.635574704013913205e+01
1.635573763405571412e+01
1.635566997772484044e+01
1.635561814000361736e+01
1.635537579827983379e+01
1.635537398081285332e+01
1.635523404379540935e+01
1.635523286872053461e+01
1.635506676629975686e+01
1.635503856521690835e+01
1.635497340205471417e+01
1.635478350619940713e+01
1.635471183787301186e+01
1.635443084639131683e+01
1.635443084639131683e+01
1.635442664329186968e+01
