2.093457425916574266e+01
1.594332556678233459e+01
1.396958907980189224e+01
6.027660678531560734e+00
9.982113059935670663e+00
1.098245480090139381e+01
1.994083420409049268e+01
1.397540868331526553e+01
1.098186173980576541e+01
3.484081028257281787e+01
1.395299141458195891e+01
7.982776035098595457e+00
1.197184423380082308e+01
1.794508286328539270e+01
5.024198070625118362e+00
1.196714620636043946e+01
1.695274653911013729e+01
1.396250282835268308e+01
1.893937204145527176e+01
1.892932222925395536e+01
1.596911050750213690e+01
9.991992954809347793e+00
2.989323642549737770e+01
1.099277287657821489e+01
4.281909162865787266e+01
1.396839984071084473e+01
3.186714118336465162e+01
1.396908693767517207e+01
7.997305698716445477e+00
1.795746563925951023e+01
