2.826609828484541504e+05
1.166866701529344573e+05
5.496784621333037649e+04
2.534001830998573860e+04
1.228021047913098664e+04
9.586223123029216367e+03
7.372580959494346644e+03
6.866193920234203688e+03
5.945143324124536775e+03
5.725383636165322969e+03
5.532835007872643473e+03
5.359989692490597918e+03
5.077038066894026997e+03
5.063308425917785826e+03
4.721236232831251982e+03
4.585059935128114375e+03
4.380548663163133824e+03
4.270303814466174117e+03
4.120930674755471955e+03
3.947576884218785835e+03
3.962334981295890884e+03
3.702970054909520968e+03
3.682204386861865714e+03
3.519354295915379225e+03
3.369144957894236995e+03
3.238264434674370932e+03
3.098811045749039295e+03
3.066829901952916316e+03
2.922791975505005212e+03
2.819639392044319266e+03
2.703846720907743020e+03
2.592316984623330427e+03
2.501495497723023618e+03
2.382410006839578273e+03
2.326931633365280049e+03
2.226488371621612259e+03
2.148283518572089633e+03
2.050675163835826879e+03
1.977913001344925078e+03
1.911353641912508920e+03
1.821136351026486409e+03
1.749846562741314756e+03
1.676925271494018943e+03
1.592232255966998764e+03
1.521599918028182401e+03
1.475553537253199238e+03
1.426972006265437358e+03
1.395948380233718126e+03
1.327005196336087693e+03
1.279506338118038911e+03
1.213054143533105616e+03
1.166604153737581555e+03
1.114111149827062263e+03
1.059725568604316777e+03
1.005514862841602280e+03
9.711400588062520001e+02
9.272538302546429350e+02
8.858120871062423021e+02
8.385932201289328987e+02
8.016148270802545994e+02
7.555200247163627409e+02
7.267941600477673774e+02
6.996677866857573918e+02
6.551301506412751223e+02
6.388582738482007244e+02
6.112358881629469352e+02
5.785076837246274408e+02
5.436577581688629834e+02
5.255592504642090717e+02
5.063707546087391052e+02
4.699927728302147329e+02
4.450469183232465298e+02
4.088901262997108006e+02
3.995992534980768482e+02
3.909595489189023283e+02
3.813855458018284708e+02
3.551567163058799110e+02
3.368895452537225310e+02
3.264931016079609662e+02
3.081873667191072172e+02
2.942849897054506414e+02
2.853764603493813183e+02
2.650368303301427773e+02
2.522362366885344045e+02
2.439003995995269349e+02
2.306108262186250784e+02
2.242354823608679055e+02
2.163691827149458504e+02
2.039669013189867428e+02
1.935345753497771284e+02
1.863781895639295954e+02
1.778993561275835020e+02
1.696439204794845068e+02
1.613097007674321048e+02
1.556774888557617089e+02
1.512057508682534319e+02
1.459529927254296808e+02
1.421500399277996110e+02
1.342961948734343878e+02
1.278773249268630678e+02
1.208857818123741055e+02
1.163965883885310149e+02
1.111933149633439939e+02
1.077665063766625195e+02
1.032141539343912768e+02
9.976003689017207421e+01
9.695406990542804238e+01
9.293450843913049653e+01
9.036468826320908931e+01
8.478507243590875930e+01
7.931677505455260757e+01
7.724795904582752826e+01
7.518220902706592312e+01
7.313364510486931636e+01
7.130390518348582418e+01
6.904238270520386322e+01
6.653575156557621995e+01
6.491988623264003877e+01
6.195459497026253359e+01
6.086733870873936780e+01
5.859258405640815681e+01
5.753859239516201995e+01
5.612620706902071532e+01
5.471781867782251396e+01
5.320613623900183597e+01
5.128263386301221516e+01
5.094140208923170121e+01
4.853042273435116272e+01
4.687011199482396506e+01
4.613750749283935448e+01
4.488500131491767320e+01
4.363947891968395254e+01
4.316827951764696536e+01
4.098878163713292366e+01
4.026761378180866302e+01
3.964406626066659811e+01
3.865201035275034513e+01
3.852526166090169824e+01
3.795751997736237371e+01
3.664584638818398332e+01
3.571650978168267443e+01
3.508078760178429434e+01
3.246452208541706597e+01
3.220770781260263504e+01
3.129341881683272319e+01
3.112211892975241057e+01
3.114693037770782169e+01
3.085000066537312691e+01
3.061541264125930439e+01
3.051493855907240871e+01
3.010696353710750728e+01
2.974538399213031781e+01
2.974900953593265740e+01
2.969133900078946553e+01
2.952124942000606111e+01
2.886048575399127358e+01
2.786446463934813522e+01
2.780607492108334711e+01
2.713850008153098514e+01
2.719929657672611256e+01
2.718718237258891079e+01
2.561643245463042362e+01
2.552892308098334340e+01
2.544952603911938382e+01
2.527064291408541052e+01
2.475619654578693130e+01
2.469109093714994785e+01
2.458461717956273418e+01
2.453875371715404796e+01
2.398901025619295169e+01
2.392722998726103967e+01
2.324759718213838866e+01
2.016575266591641480e+01
2.015088626062895472e+01
2.008694564853799136e+01
2.005251470993155749e+01
2.005301566936743995e+01
1.995425756830064756e+01
1.988199443334777072e+01
1.992561874515234521e+01
1.991332737825286614e+01
1.986957695003910374e+01
1.989620593349008359e+01
1.969143185749633673e+01
1.955968550672066897e+01
1.935705419884955347e+01
1.872926222221656900e+01
1.867769876813687802e+01
1.824023819442294680e+01
1.819582396858854878e+01
1.820722887122573397e+01
1.809151662359928991e+01
1.795611080873416299e+01
1.781812025241611863e+01
1.783719862984868598e+01
1.677491962849109797e+01
1.654513771957275381e+01
1.617916727546067079e+01
1.622543545257838815e+01
1.624156452752488988e+01
1.625991439818430706e+01
1.625233855100752223e+01
1.622098344958954286e+01
1.614860798257873142e+01
1.612910098427022376e+01
1.579168392753963346e+01
1.523944575673674073e+01
1.523459856599978224e+01
1.485797743510244651e+01
1.486743358274479299e+01
1.490751076348049686e+01
1.488876766261656570e+01
1.487811501416470250e+01
1.411658778482204291e+01
1.407973981893328386e+01
1.407463399677814841e+01
1.410319154120052687e+01
1.411225713788114078e+01
1.412192520333111645e+01
1.399416986888124903e+01
1.309577984706580445e+01
1.309887567261480967e+01
1.163829616271938328e+01
9.345834587811150840e+00
9.326729114441592472e+00
9.359690617287570902e+00
9.374329005812670701e+00
9.344920951999860392e+00
9.337648368128096621e+00
7.766580161171995123e+00
7.784412923624345559e+00
7.779584360368139606e+00
7.781340782746420714e+00
7.762513239443093127e+00
7.765374858583489193e+00
7.780560845172518114e+00
7.769910289863631192e+00
7.760338455107703481e+00
7.744948347047417414e+00
7.572360344114554387e+00
7.554458903084482202e+00
5.902213668306422356e+00
5.861983513322121198e+00
5.858610224238734787e+00
5.858395344149898598e+00
5.913706266781999510e+00
5.921654125365383159e+00
5.863489852629747645e+00
5.881023909306362540e+00
5.730451705808132346e+00
5.450181203155641363e+00
5.427636224281441102e+00
5.399204972242746869e+00
4.094940978383839969e+00
4.080799977228050324e+00
4.045718356277028249e+00
4.028647350804996918e+00
4.023369029352646287e+00
4.015487328308427806e+00
4.012855262984049709e+00
3.857354333912296429e+00
3.835033197791063664e+00
3.595154378727956956e+00
3.560272198333967797e+00
3.550751531901782609e+00
3.391806925132339501e+00
3.415975080743118397e+00
3.228289037992115862e+00
3.170191202431368982e+00
3.148821211181908719e+00
3.145603562366931172e+00
3.148445573285294508e+00
2.990078772633566029e+00
2.956193203839768913e+00
2.904445347624179163e+00
2.906522553040462142e+00
2.875586147941590287e+00
2.654741217257383212e+00
2.651140718585322187e+00
2.662034761473714539e+00
2.658663146554730350e+00
2.655238131345833086e+00
2.659538924375144386e+00
2.660072705002756610e+00
2.657076115958570295e+00
2.645287354037044292e+00
2.614441999433973152e+00
2.608763378645003073e+00
2.529449934883813533e+00
2.524244278103805694e+00
2.531210063502479013e+00
2.520411320389987164e+00
2.515377597424530265e+00
2.409639894043031472e+00
2.413158883245335673e+00
2.282903842611816447e+00
2.275171718727892145e+00
2.269026936015242857e+00
2.277940525633813440e+00
2.282195881109854163e+00
2.243079204169269758e+00
2.228467774928517997e+00
2.238783345850815731e+00
2.223897515798849422e+00
2.232803491976890431e+00
2.169628549274087437e+00
2.133170444543056821e+00
2.135079761647145524e+00
2.137106053274393069e+00
2.126139934150340860e+00
2.125426871665201833e+00
2.125479279238786656e+00
2.140105415544024670e+00
2.140840761753456611e+00
2.116761955115519900e+00
2.114231308147946020e+00
2.114489461312790919e+00
2.117594666551695592e+00
2.124729882215944610e+00
2.092316252492364193e+00
2.082427482967926125e+00
2.091011678839522325e+00
2.092612800565052389e+00
2.060526070012147049e+00
2.059753556325120805e+00
2.012153921135565682e+00
2.009044235167479542e+00
2.024216842927876403e+00
2.013050783175166725e+00
2.016575977268104225e+00
1.978389478780332000e+00
1.947469123129470070e+00
1.949068424053266524e+00
1.949493799657086024e+00
1.862432200514111846e+00
1.865090831318720666e+00
1.852072249876023369e+00
1.860731521273307543e+00
1.863670294550686002e+00
1.839510313049979695e+00
1.817859877134074820e+00
1.838392730026335631e+00
1.822352442091438762e+00
1.816560930338422697e+00
1.840605503058050596e+00
1.840522305930509805e+00
1.847866888150484277e+00
1.855976769430543349e+00
1.854898490888690077e+00
1.852991562549628934e+00
1.854535570421584900e+00
1.873800723908330079e+00
1.873719291942298026e+00
1.849616751028615225e+00
1.826569330950807979e+00
1.812878779350214797e+00
1.809929711904027183e+00
1.810464932069029809e+00
1.811563934776039053e+00
1.808807538962260653e+00
1.783211978819970511e+00
1.771566495777266326e+00
1.754022807699167519e+00
1.744081104968801199e+00
1.764733044630364622e+00
1.765456288788919359e+00
1.737439940039289921e+00
1.742755679222689702e+00
1.722513025375507878e+00
1.724396860692342770e+00
1.720007037486552814e+00
1.715138360520523264e+00
1.722782463759890303e+00
1.723842332621754236e+00
1.734652760497062296e+00
1.734689264827860011e+00
1.718383351565209383e+00
1.703943220825639537e+00
1.700053357360040929e+00
1.682965327340032458e+00
1.679672195011808977e+00
1.683802380887196248e+00
1.679300687248844515e+00
1.657327874704762394e+00
1.661074502622187810e+00
1.662321481961966940e+00
1.653480153266966957e+00
1.654672815115618922e+00
1.643383565817019942e+00
1.602957965181884603e+00
1.600238297656569442e+00
1.590643905872491937e+00
1.582870556795606953e+00
1.567448605839149467e+00
1.586401304811691393e+00
1.591912483888825225e+00
1.584030885347524897e+00
1.582065458685800063e+00
1.571752433848071506e+00
1.573447133329030745e+00
1.552229076124697071e+00
1.548118706131624833e+00
1.539513672377983866e+00
1.543913295972068500e+00
1.530838556845970588e+00
1.533436904132128964e+00
1.527961769631412947e+00
1.531792617068186146e+00
1.503173191199545622e+00
1.497516433498252253e+00
1.503833751925741646e+00
1.499288814724871743e+00
1.486647322850509489e+00
1.484400028325907561e+00
1.483416761618249202e+00
1.461561094256714988e+00
1.471215101151565063e+00
1.458158023927704994e+00
1.451481499116050733e+00
1.434085499612494319e+00
1.424992474508679052e+00
1.432948116967057928e+00
1.433415275947807377e+00
1.431793309888294674e+00
1.427687031210705948e+00
1.397685103510394100e+00
1.371533066743608753e+00
1.370957493813436567e+00
1.362548026332069950e+00
1.362484475335853373e+00
1.328027216553791634e+00
1.336317058654068468e+00
1.332742841420772484e+00
1.312970066395070523e+00
1.312970066395070523e+00
1.319860351733245674e+00
1.321566096514894317e+00
1.319419307448725709e+00
1.325263183481329987e+00
1.326997273463494942e+00
1.326044192177134429e+00
1.320596258322570993e+00
1.322491258244637313e+00
1.325978024609047790e+00
1.314306047196033500e+00
1.313118753510743586e+00
1.308672387572870521e+00
1.276868226746160628e+00
1.283704428010489451e+00
1.283402769117883091e+00
1.287127998812505947e+00
1.299691657844740389e+00
1.295828861241768326e+00
1.298377598018491730e+00
1.298049548561806654e+00
1.286807930758723018e+00
1.266917329580506069e+00
1.264594447495397400e+00
1.260527919110172590e+00
1.267820917886001597e+00
1.263933089021862299e+00
1.256798454909985985e+00
1.257985994235972571e+00
1.254437541658603550e+00
1.254452917030139503e+00
1.249572911383838081e+00
1.251218292382784369e+00
1.236173007375381605e+00
1.240189776059201776e+00
1.240600717980545387e+00
1.241766247909322773e+00
1.188326938195264804e+00
1.185061944733723394e+00
1.174074966470757930e+00
1.155359703171187968e+00
1.154976093738270260e+00
1.150057952612667300e+00
1.142391492353977300e+00
1.143705871729793211e+00
1.146886992091325608e+00
1.146522220407403703e+00
1.151403325947222722e+00
1.138563908300883387e+00
1.137521778014688900e+00
1.138564238505693327e+00
1.136950270435136634e+00
1.142948377557454265e+00
1.141215357181134760e+00
1.127579393755350656e+00
1.122517758178902092e+00
1.101222846959259316e+00
1.103254934352681405e+00
1.103019106433303920e+00
1.101560826482942401e+00
1.100098333485252322e+00
1.103392282156416160e+00
1.102365621965561315e+00
1.092423656829143441e+00
1.080974970275340619e+00
1.072607548475129180e+00
1.075318130452582954e+00
1.063548781941447974e+00
1.050931132003729784e+00
1.050950464532856232e+00
1.051278316237935551e+00
1.051678027962656747e+00
1.050268945872458115e+00
1.051234596960221701e+00
1.055008455165912906e+00
1.056824589292426397e+00
1.049835304168010408e+00
1.049835304168010408e+00
1.050058616699454772e+00
1.045801048094559427e+00
1.054172720223912396e+00
1.054484837892743609e+00
1.052700176993818681e+00
1.061377590007970273e+00
1.045334378559914956e+00
1.046200736289144340e+00
1.047424258757720050e+00
1.047457581716940256e+00
1.040845815939910990e+00
1.050036496838911759e+00
1.038210472791714967e+00
1.032825288198913727e+00
1.027656833174081408e+00
1.029958842080930692e+00
1.032333840108438539e+00
1.030928283889186003e+00
1.028660425270583323e+00
1.022251194264290231e+00
1.024046659751701061e+00
1.022266978111447733e+00
1.022365653545420860e+00
1.004034217276678298e+00
1.003410941006275037e+00
1.004522133423392027e+00
1.007890102161760115e+00
1.001898204048815133e+00
1.000754176008416207e+00
9.955488860658699979e-01
9.903665686782602284e-01
9.957318105669509256e-01
9.926310612089208618e-01
9.929632428878047978e-01
1.007069907694333022e+00
1.009134903976469877e+00
1.008376191601430216e+00
9.994014826648783822e-01
9.774140573185851055e-01
9.803309196725633612e-01
9.766803902345394528e-01
9.759659916645598843e-01
9.686942639151531198e-01
9.566718417199229219e-01
9.545458637174585315e-01
9.546344943696342122e-01
9.503936991126074041e-01
9.528133489212247120e-01
9.530816906628991614e-01
9.483808051412805362e-01
9.483808051412805362e-01
9.375736787507978898e-01
9.233502376673454748e-01
9.346391108299133554e-01
9.386743369693735239e-01
9.364045518023323966e-01
9.248278538795351444e-01
9.195841486483490312e-01
9.044707907907818534e-01
9.067893188908349167e-01
9.070792175575801419e-01
9.106430521776350817e-01
9.083464256716387020e-01
8.987084537967203746e-01
8.937211238723901108e-01
8.947112537303467672e-01
8.931030893677345261e-01
8.915840317648727753e-01
8.853986123501038641e-01
8.856092361297863702e-01
8.878404812266205148e-01
8.907563152236974702e-01
8.848692552383234933e-01
8.866267978555607554e-01
8.885879125661465538e-01
8.895008285738104092e-01
8.872977226153451191e-01
8.878787775557158701e-01
8.894736186722418392e-01
8.920915252926808758e-01
8.931889881105053997e-01
9.061073812721235354e-01
9.026372173461185699e-01
9.044031052917280711e-01
9.057742589712178827e-01
9.062500397441818345e-01
9.062393762849751955e-01
8.974881632113000940e-01
8.974389199382215576e-01
8.998568735271866847e-01
9.151211727969204013e-01
9.160786195467874871e-01
9.172377118680414831e-01
9.172070405514810565e-01
9.077421124682120146e-01
9.059067711502684084e-01
9.051262344048827124e-01
9.026839972603079021e-01
9.030714272752671246e-01
9.027601921436534393e-01
8.994107170247581662e-01
8.907452760040317497e-01
8.880225160057374501e-01
8.876678882629965850e-01
8.857084151204732692e-01
8.811445029111695249e-01
8.823435681208057213e-01
8.811956490379128093e-01
8.809856419519745963e-01
8.807220873071149869e-01
8.829140198974630982e-01
8.840821324357772681e-01
8.741005952882766605e-01
8.682047587554833079e-01
8.638173663213184472e-01
8.640381942942780835e-01
8.641327429508158797e-01
8.644344813474696965e-01
8.543335955305298990e-01
8.533001655018089826e-01
8.534897216155823418e-01
8.494651478328862915e-01
8.507979056122118022e-01
8.471732311699403661e-01
8.407679686748693593e-01
8.415375178199007156e-01
8.323391820744530101e-01
8.263517403534373917e-01
8.278031345293619392e-01
8.297408428734361907e-01
8.297046039990696453e-01
8.277909802473311096e-01
8.289298338402594224e-01
8.322496134321246686e-01
8.307687243061411264e-01
8.305643039220590440e-01
8.299995817876782978e-01
8.307899082480078023e-01
8.342901643866555972e-01
8.337382031155691209e-01
8.296673846803667152e-01
8.281597702651868342e-01
8.312355983479917665e-01
8.316735612953878309e-01
8.255258631155291127e-01
8.198792707477481345e-01
8.110812561876976634e-01
8.118360206589941841e-01
8.105153691464904719e-01
8.088495979726763041e-01
8.076505207291803101e-01
8.032038660122139406e-01
7.982846228119481191e-01
8.001048596242783528e-01
8.005202748841052651e-01
8.010277079335145212e-01
8.013649379587858279e-01
8.015920048720016622e-01
8.060674833401275663e-01
8.060175187039771982e-01
8.062313156454121721e-01
8.070980343845108873e-01
8.084011412454447099e-01
8.022104635912046255e-01
8.037857421138662195e-01
8.059441598102325965e-01
8.034901149157513967e-01
8.002659442536533829e-01
7.992856716794083383e-01
7.978601774066563790e-01
7.977811179780940343e-01
8.023394417420237623e-01
8.023394417420237623e-01
7.955523992513051645e-01
7.912895477277762657e-01
7.890350515026171019e-01
7.830941218595708353e-01
7.823926918699632971e-01
7.822631289461839943e-01
7.804966119601554064e-01
7.814168019599480042e-01
7.759661990137488585e-01
7.677331426497731037e-01
7.644539094887990993e-01
7.625957231164417482e-01
7.576895699096947157e-01
7.595520532381920820e-01
7.625603112240748604e-01
7.623884287176154739e-01
7.562650344211586662e-01
7.552060489019402079e-01
7.538200509170323027e-01
7.528117906849127738e-01
7.556569046581685933e-01
7.571733145369933249e-01
7.557363084041356371e-01
7.555067612803071375e-01
7.552908387049830363e-01
7.551675620673515832e-01
7.527317665741979358e-01
7.521004818476387799e-01
7.590192207511879952e-01
7.594490726316041052e-01
7.525873867365722170e-01
7.401362047809727507e-01
7.389710480657499803e-01
7.365528723435911251e-01
7.364521552686733585e-01
7.349099460054062671e-01
7.349099460054062671e-01
7.272205429676261712e-01
7.268990853555977738e-01
7.283491507266254272e-01
7.287382699614323167e-01
7.246626346068349989e-01
7.269536700469776402e-01
7.265873086749402576e-01
7.266248881578244445e-01
7.237826607760036168e-01
7.226085827928315775e-01
7.210184389591063336e-01
7.187492508002190084e-01
7.216651085052554482e-01
7.215975021196752159e-01
7.197426223073510876e-01
7.195862239046583175e-01
7.176144767613150677e-01
7.120522205429273832e-01
7.117411262505197733e-01
7.088760271576577399e-01
7.047763727885704155e-01
7.043921024826464983e-01
7.035466393024362164e-01
7.013233200430671888e-01
7.019599663168880621e-01
7.021061376505014495e-01
7.013509957653939475e-01
7.019420401402691745e-01
7.003879330638927980e-01
6.957442008958623081e-01
6.965107577535497585e-01
6.957246980232442146e-01
6.980620488375807176e-01
6.965785953173381229e-01
6.977800287683056935e-01
6.923197380302217319e-01
6.955439713083214626e-01
6.953166820475764620e-01
6.968809337882259092e-01
6.964076039738037460e-01
6.964850302081404543e-01
6.950518887151265757e-01
6.965642836132812654e-01
6.860993541198447954e-01
6.886867385493962157e-01
6.887003823823397708e-01
6.889384385710819458e-01
6.900676938568288676e-01
6.909102384049855550e-01
6.914344927581613787e-01
6.880197336401399077e-01
6.879188055517916345e-01
6.871461414623725172e-01
6.857302757332092158e-01
6.824672221886766144e-01
6.823830699524343624e-01
6.814202253749722660e-01
6.831343060725035832e-01
6.787068382694643187e-01
6.773510500120649702e-01
6.821139592238855132e-01
6.812417164675436121e-01
6.794065350099804945e-01
6.789838736070868963e-01
6.799961432949559459e-01
6.815865507885269237e-01
6.922857474870790506e-01
6.940973082367313252e-01
6.917270740147446473e-01
6.887950555411392894e-01
6.886657485208442786e-01
6.892380259582147062e-01
6.908958512931312468e-01
6.826906397204227650e-01
6.830709984619580677e-01
6.818545131348595634e-01
6.808431155623065889e-01
6.806134908877823353e-01
6.793685439154639738e-01
6.806145521970617951e-01
6.801098605462863045e-01
6.760212003214284282e-01
6.723355465437279577e-01
6.727242468803273923e-01
6.735764060392461783e-01
6.739051941928407841e-01
6.757203017968601566e-01
6.741492494604325314e-01
6.749026819144929856e-01
6.762012402355459528e-01
6.719429739888435060e-01
6.698504994564973281e-01
6.701615846592240411e-01
6.714701939021310295e-01
6.731578489373911678e-01
6.769444721724748870e-01
6.738451288998684729e-01
6.756978799683176495e-01
6.737702507301400745e-01
6.596689551335588320e-01
6.596689551335588320e-01
6.592835353989540126e-01
6.573555728290289002e-01
6.581186355356195561e-01
6.580289014789744151e-01
6.577003559507258457e-01
6.582337146113717008e-01
6.614826609170434413e-01
6.622568235265483549e-01
6.627507829835272979e-01
6.623576337307794937e-01
6.623575900546676554e-01
6.603886361453104037e-01
6.613476115336354155e-01
6.611174436596746196e-01
6.576947961983219404e-01
6.569678459738265142e-01
6.570033386061896463e-01
6.594924673746848098e-01
6.555792959429989075e-01
6.574812435416330647e-01
6.599106248886551507e-01
6.594906407003940929e-01
6.594881731386678103e-01
6.583097518832133899e-01
6.547818727335049660e-01
6.569046467195462924e-01
6.581895338294678766e-01
6.551012591248316363e-01
6.555011000736911120e-01
6.566446006941552005e-01
6.503032948613259867e-01
6.511882447585823908e-01
6.505819781699417881e-01
6.454429820218644531e-01
6.449716610760068969e-01
6.444038549029428298e-01
6.432934012233796350e-01
6.384931735128738239e-01
6.398411464296297479e-01
6.394200098797910847e-01
6.349846074454472689e-01
6.349945594360359991e-01
6.368324556946315385e-01
6.362559559592136926e-01
6.407119236844061039e-01
6.407119236844061039e-01
6.418236819908953450e-01
6.418366316693046025e-01
6.375840766679594651e-01
6.375840766679594651e-01
6.375840766679594651e-01
6.375895655281846874e-01
6.368461630914173943e-01
6.389950101414516581e-01
6.365754923671423926e-01
6.354844329916834456e-01
6.354844329916834456e-01
6.350798041253105097e-01
6.312891790646028012e-01
6.303608959908844067e-01
6.302887721064124316e-01
6.286850001515783548e-01
6.300074326553040116e-01
6.349669283678418541e-01
6.311822193234541967e-01
6.316316836813294922e-01
6.317732237941322548e-01
6.318811389943738144e-01
6.311028690013796849e-01
6.321569859088485011e-01
6.271632225194001542e-01
6.277615912125306119e-01
6.283747226878358960e-01
6.287225571367988097e-01
6.301332971712531039e-01
6.317027271141416600e-01
6.263118273446237616e-01
6.262767480509193740e-01
6.248617282542477946e-01
6.205671632895184420e-01
6.205671632895184420e-01
6.200291858885368379e-01
6.225859140830770633e-01
6.244181516993125847e-01
6.148492686044383371e-01
6.139909910395692227e-01
6.172880765662310809e-01
6.163692075063607057e-01
6.128049896665266338e-01
6.184489856453930789e-01
6.179204629165573337e-01
6.196786670045114631e-01
6.214122731780222786e-01
6.201059335075717049e-01
6.197415542503663666e-01
6.199048227561760882e-01
6.155261171716278623e-01
6.128649296157505644e-01
6.164767865349912723e-01
6.151263610403324700e-01
6.127874517422875478e-01
6.130689282663179807e-01
6.146608620968986303e-01
6.149610526580147063e-01
6.151475353196880214e-01
6.150860230246235627e-01
6.135518054254522902e-01
6.135518054254522902e-01
6.133623346731204018e-01
6.129231691154415351e-01
6.133737010585538219e-01
6.121324013640326855e-01
6.114643539395950844e-01
6.141865323166394441e-01
6.093341886833241183e-01
6.111018376187880019e-01
6.091563894228114728e-01
6.076831138417436717e-01
6.023465738763377209e-01
6.017485061876824970e-01
6.029257865253396798e-01
6.031590495032566057e-01
6.028037655761746549e-01
5.990180101213398167e-01
5.995899973938599858e-01
5.995899973938599858e-01
6.008586445273912391e-01
6.020385396595890892e-01
6.020987277850942121e-01
6.021864998102430810e-01
6.035103645682200479e-01
6.033202021080660282e-01
6.040260952635038150e-01
6.039358575839270937e-01
6.035472725812940364e-01
6.062865625001210290e-01
6.055461183211642284e-01
6.057913497478926157e-01
6.062153965875342054e-01
6.048695972070093907e-01
6.053364989645724226e-01
6.053364989645724226e-01
6.055003159405948354e-01
6.026816916919414124e-01
6.024291601592509648e-01
6.010687723194740872e-01
6.004965088592003619e-01
5.997072339627158577e-01
6.001488804428696255e-01
5.992945239896457776e-01
6.003843336370696671e-01
6.003659959844457328e-01
6.003277941234177462e-01
6.003251970980074681e-01
5.974992866205632858e-01
5.975935433882385572e-01
5.972480967508773109e-01
5.980026594814981111e-01
5.934823515815664807e-01
5.935238048621044316e-01
5.945403584985944345e-01
5.921264799330414608e-01
5.933610217497261585e-01
5.915297074223896390e-01
5.924460716814623495e-01
5.924872661096406423e-01
5.905808692780391000e-01
5.906037015888414565e-01
5.920902145634783231e-01
5.935648244744174962e-01
5.935648244744174962e-01
5.935718685788015092e-01
5.924052196000413328e-01
5.931005772270031562e-01
5.930099470206082746e-01
5.918734952119196757e-01
5.933008719337415915e-01
