1.133098519858692307e+06
4.035882634248521645e+05
1.606372357289297506e+05
7.922611917293492297e+04
4.585974382794256962e+04
3.139877804406646828e+04
2.344772616794169517e+04
1.917067298811004366e+04
1.711218626129482072e+04
1.597635321370852216e+04
1.510717358977143522e+04
1.440362356868879215e+04
1.361447951490879859e+04
1.299563659593620469e+04
1.235976129788812796e+04
1.184037431801996354e+04
1.130470665718215969e+04
1.084225665581410431e+04
1.039879682468102692e+04
9.949600091764383251e+03
9.518407721269124522e+03
9.023379589180402036e+03
8.735662113261911145e+03
8.349929962995778624e+03
7.946380319041508301e+03
7.620247693036229975e+03
7.223474472128536036e+03
7.021252019134183683e+03
6.685594283324044227e+03
6.405724480022590797e+03
6.115462291435187581e+03
5.795039364027187730e+03
5.542459671615240950e+03
5.288906692406317234e+03
5.031487504219928269e+03
4.820610566997026581e+03
4.614108107606621161e+03
4.386505682726277882e+03
4.195755858533322680e+03
3.987261220543058698e+03
3.803968985274604165e+03
3.634212816154000848e+03
3.473941027986685185e+03
3.299155187045860202e+03
3.131339757127995654e+03
2.988218987181261582e+03
2.851608167876840980e+03
2.719227769362623803e+03
2.586072844371039992e+03
2.485055732926887686e+03
2.365872850592365012e+03
2.233722883509554322e+03
2.121900425693023863e+03
2.005499298528688087e+03
1.900752509077459536e+03
1.798367021389461115e+03
1.700073655645935560e+03
1.625246987171717819e+03
1.543329037678340683e+03
1.473033141511472877e+03
1.386984184838585179e+03
1.320596988818894715e+03
1.251151214747581434e+03
1.188096040194883244e+03
1.132356003286860641e+03
1.082038618470347956e+03
1.026347830862818682e+03
9.678669126244990366e+02
9.183149529475376767e+02
8.821554907878825134e+02
8.327373941359927585e+02
7.796346814078341367e+02
7.348127700410349235e+02
7.026895127985497993e+02
6.748676628916826985e+02
6.461099958773444314e+02
6.058939457014985237e+02
5.681817418163267348e+02
5.462010330328499776e+02
5.159574188977347831e+02
4.944234939990734006e+02
4.788923000582729514e+02
4.476445534534421427e+02
4.246753261290569412e+02
4.055307967769156789e+02
3.838908306958527419e+02
3.679451344791781935e+02
3.525819604003705763e+02
3.370841369609066760e+02
3.194421804658767883e+02
3.019564766707025001e+02
2.881619365146689233e+02
2.747588943265409966e+02
2.603723147941155958e+02
2.502291714721024221e+02
2.412592647449944820e+02
2.335995371747578986e+02
2.227298069657643680e+02
2.125774574295290336e+02
2.048312802006116442e+02
1.953570625753270065e+02
1.875390143605343667e+02
1.801072171021852171e+02
1.735441843293936302e+02
1.664611189102576247e+02
1.598807936892506518e+02
1.540875756863904940e+02
1.481611079980860666e+02
1.439831550872653736e+02
1.361122957445263637e+02
1.307690141063880844e+02
1.256943481826223632e+02
1.222017961041087233e+02
1.181173067319522829e+02
1.148342619109694169e+02
1.109292418453244267e+02
1.080980735029127118e+02
1.044680374322443726e+02
1.000855269226302227e+02
9.689084869549849088e+01
9.358465643672202816e+01
9.160086997809732168e+01
8.754901198623727510e+01
8.495652171299181532e+01
8.264613288664126856e+01
7.941809545481255839e+01
7.833361960827679127e+01
7.528765782236162352e+01
7.320168867917429623e+01
7.135453542500270885e+01
7.014503456119561520e+01
6.828852713854298884e+01
6.649279567769033861e+01
6.424931950735332009e+01
6.225480276520677592e+01
6.054675172560069285e+01
5.888086238468477518e+01
5.751905635417740115e+01
5.592496023567110086e+01
5.457634397398892645e+01
5.285105787861349569e+01
5.151498898506504531e+01
5.000866750939368899e+01
4.891619351039572194e+01
4.790849581456907202e+01
4.711385369055811623e+01
4.636631062438608097e+01
4.505114677171378190e+01
4.402247111942337199e+01
4.332159017887250485e+01
4.228629760403450888e+01
4.154801863616953028e+01
4.109775107849898035e+01
3.992673702558175108e+01
3.918157491920049296e+01
3.828088004626926732e+01
3.752530527763388335e+01
3.718186182538563145e+01
3.652105428725869274e+01
3.608848767828792603e+01
3.523810022760483918e+01
3.444136831719174552e+01
3.383715557627203907e+01
3.336546553637794688e+01
3.254645128976691382e+01
3.191979237447365136e+01
3.144918887356698178e+01
3.083453979337623707e+01
3.042980842751830650e+01
2.987105130559881516e+01
2.949145786427816773e+01
2.881595544443522883e+01
2.767004720011587793e+01
2.750612741352680501e+01
2.718964768858694470e+01
2.696741512435510302e+01
2.676044786589395486e+01
2.635488640555165318e+01
2.560022988177360048e+01
2.530139169421396161e+01
2.508256010531566105e+01
2.487867106445214205e+01
2.476936590996279364e+01
2.451065247661176016e+01
2.418837891211767754e+01
2.389301257590854632e+01
2.342436641017415155e+01
2.302399330811482514e+01
2.276744255931932059e+01
2.251330276026155630e+01
2.239208124587144511e+01
2.222032222952589109e+01
2.204776092038273916e+01
2.168487135997709458e+01
2.140683058795838178e+01
2.092485161220480805e+01
2.073417820395580335e+01
2.049277699823263532e+01
2.034478233216756493e+01
2.024787088643867250e+01
2.007363509147840475e+01
1.980387077748525115e+01
1.956491901087978391e+01
1.938026458613758507e+01
1.927606757507927782e+01
1.909975362631574214e+01
1.888506383865321681e+01
1.877874993508078205e+01
1.853615541256720434e+01
1.846841199122318145e+01
1.828173196338185846e+01
1.806395574750911237e+01
1.791321251534825265e+01
1.754374669969825717e+01
1.727450257573178760e+01
1.718134687202688937e+01
1.703229637463425306e+01
1.686914073583186990e+01
1.668439325842885879e+01
1.654221168446866486e+01
1.626046286338985070e+01
1.611614851523356862e+01
1.569518602629466564e+01
1.513772599250673423e+01
1.500858874209967908e+01
1.495401174376380737e+01
1.480616916776564906e+01
1.469315597377628713e+01
1.460757266689542000e+01
1.416857944105456113e+01
1.407991741497655092e+01
1.395847356770363135e+01
1.386575755139587152e+01
1.376012537371077116e+01
1.372204721326872168e+01
1.364423314283008182e+01
1.358845402025618831e+01
1.354374437066151593e+01
1.345672271096348815e+01
1.327197871034365662e+01
1.322905861462783150e+01
1.281208814106416938e+01
1.267147876572791887e+01
1.266432079511837294e+01
1.261332616141377549e+01
1.243174595760430812e+01
1.239295734633502910e+01
1.223855338080639399e+01
1.218568269051926478e+01
1.209619249626381965e+01
1.188138696710666764e+01
1.181459956132102462e+01
1.175114192621999720e+01
1.133471782837953690e+01
1.128371512384689090e+01
1.118486059491941553e+01
1.114926222620962903e+01
1.109857498116958929e+01
1.106100811436234110e+01
1.105728428048336554e+01
1.088582978797967904e+01
1.082902233125830804e+01
1.066655036379936483e+01
1.057276096566527279e+01
1.052860513236610096e+01
1.037469157204843562e+01
1.032247228280190221e+01
1.020910473578473443e+01
1.012025697784364375e+01
1.008349035206136257e+01
1.002152337150767281e+01
9.889679399873505972e+00
9.792042921488215867e+00
9.728155945617508848e+00
9.694182617081031239e+00
9.647516440766828794e+00
9.600799496719419679e+00
9.442948382765234072e+00
9.431796296583202732e+00
9.361364014509176101e+00
9.319425635534878793e+00
9.275058633105651040e+00
9.206128796509100098e+00
9.198366266651166967e+00
9.137421262534738631e+00
9.078385545649554800e+00
9.044808828768063691e+00
9.005292625055719924e+00
8.942840853953951452e+00
8.895533061730979796e+00
8.859549500248750320e+00
8.823686235942396650e+00
8.764856364472885630e+00
8.684125253870252692e+00
8.627679188029455659e+00
8.496272638957231393e+00
8.478489216054846622e+00
8.441316445270309998e+00
8.429295780271619520e+00
8.402935282303410247e+00
8.346009475669077915e+00
8.320219286221336219e+00
8.264745112159822327e+00
8.223386633014280633e+00
8.201920306692290552e+00
8.122834189979242225e+00
8.077845876983836604e+00
8.032983149621385266e+00
8.020845638806749278e+00
7.970013271588097581e+00
7.954059383938255401e+00
7.917777584776013455e+00
7.888260871675181640e+00
7.849589833270713690e+00
7.823951788741482005e+00
7.801192676393236880e+00
7.785934829414066449e+00
7.776535316328240022e+00
7.762106686250485943e+00
7.728167949195452913e+00
7.703648552037677177e+00
7.674781217958102530e+00
7.653274070319165290e+00
7.609092863213902547e+00
7.545289321772963298e+00
7.506944716562766295e+00
7.497857026438818018e+00
7.475423616068535004e+00
7.443186740096445320e+00
7.394747374072371038e+00
7.362026853169401974e+00
7.316044796927883453e+00
7.300283979713538152e+00
7.259686801180845528e+00
7.207003318479165088e+00
7.195613789874867550e+00
7.167439550868937026e+00
7.135911359299691448e+00
7.117480604563570346e+00
7.089668239863240906e+00
7.058861579069281689e+00
7.014350710631592101e+00
6.995203867909023820e+00
6.989554098656069137e+00
6.955069101765558592e+00
6.945881166183101030e+00
6.939118981931567731e+00
6.906578985358084566e+00
6.899923796056558700e+00
6.889035222572601036e+00
6.866869823035319342e+00
6.836639923310548816e+00
6.805118744431303490e+00
6.753332524186877350e+00
6.725782023592745240e+00
6.706595059607644238e+00
6.700522668905914081e+00
6.641729942659953423e+00
6.628699978589140507e+00
6.611216813981756424e+00
6.587672636292764672e+00
6.564188252471123697e+00
6.528332897214011332e+00
6.496283180666945434e+00
6.473684574346131093e+00
6.473040211596161164e+00
6.435899190599200459e+00
6.428805559010082327e+00
6.406670063985959729e+00
6.382574693211364725e+00
6.355064446193579464e+00
6.345415263845016085e+00
6.304796304230242399e+00
6.302751790283817712e+00
6.287288439185987343e+00
6.275471929482945299e+00
6.236795071231276744e+00
6.194991692188870580e+00
6.171615853523522155e+00
6.136871617753620889e+00
6.119258143759433999e+00
6.095669534793699107e+00
6.065830227776421779e+00
6.035735502362325811e+00
6.012344714151083735e+00
5.991947926244441724e+00
5.979421903595939725e+00
5.978557083861279153e+00
5.964240346031876250e+00
5.924962619679587483e+00
5.899892436301533039e+00
5.888269375959662710e+00
5.874166406665674245e+00
5.857183914351159260e+00
5.829578099137607161e+00
5.791530186684188841e+00
5.779017674168033913e+00
5.769518738433456306e+00
5.732830812922609098e+00
5.729641149475624751e+00
5.701821689992007336e+00
5.689908198268302186e+00
5.673157533797476226e+00
5.662539845119232140e+00
5.644700834229725572e+00
5.631218654237589050e+00
5.607681567217397856e+00
5.586750365194473211e+00
5.568982268591855522e+00
5.565334741243571415e+00
5.553568602893160566e+00
5.541372868013401565e+00
5.519403845260532293e+00
5.507522921020262530e+00
5.504110001156409027e+00
5.492263537982966071e+00
5.459303471470701830e+00
5.436899939820893479e+00
5.425586358432169298e+00
5.409999725240641766e+00
5.396755541106849741e+00
5.386314335415260501e+00
5.381234350828178137e+00
5.367384756068731555e+00
5.338312065581946264e+00
5.299925900846094606e+00
5.281945489235228663e+00
5.256769853614915000e+00
5.246437953887341799e+00
5.238352191444387351e+00
5.208485287428286981e+00
5.187266677938324300e+00
5.163162700575051112e+00
5.134475180049728138e+00
5.134475180049728138e+00
5.127508488476635762e+00
5.119863986954880097e+00
5.104433540077708109e+00
5.085318976802728486e+00
5.079690881106574629e+00
5.073938803259798291e+00
5.068488727051359888e+00
5.061494624526330810e+00
5.053148418450789769e+00
5.036082410106982543e+00
5.034568610546462430e+00
5.022349242307064365e+00
4.996250443060064050e+00
4.982098579030737717e+00
4.981034540747670825e+00
4.976847224585438489e+00
4.927291992205947047e+00
4.919601567632129857e+00
4.914969866947913602e+00
4.913568352512181825e+00
4.905644312363015125e+00
4.883552245298507621e+00
4.880637858357136594e+00
4.869687630190809635e+00
4.857907995737972939e+00
4.834976266630704345e+00
4.827285114047507264e+00
4.823298394187906624e+00
4.810513332388645757e+00
4.810494602049012691e+00
4.796160767367699584e+00
4.794694968829030124e+00
4.778750923880138224e+00
4.772440076606685899e+00
4.764935723250008692e+00
4.739026282442694082e+00
4.704221439825124307e+00
4.701305036067179088e+00
4.687480546663588044e+00
4.670236754985263694e+00
4.653057950074151350e+00
4.647442433563576891e+00
4.641631430873332853e+00
4.639208499428634447e+00
4.633363632737214743e+00
4.629196495086159047e+00
4.614558449728493272e+00
4.594467600874119206e+00
4.588414153146643137e+00
4.587238721592944657e+00
4.578182508857876698e+00
4.563959232336058491e+00
4.558519027122741818e+00
4.541128491012440094e+00
4.537957820864838787e+00
4.523811397792073308e+00
4.516355247562161779e+00
4.491069540500906676e+00
4.479886263586582373e+00
4.475565000272125005e+00
4.471981631979785377e+00
4.469670268248157718e+00
4.458232676976348507e+00
4.442817309570784801e+00
4.427723110260990858e+00
4.412064824281027420e+00
4.393536950045260348e+00
4.371153681024521731e+00
4.367277074361995304e+00
4.357122121366444389e+00
4.355386111981420783e+00
4.354157729571498159e+00
4.352779028052135679e+00
4.349274188168053890e+00
4.345495176523233916e+00
4.340419946462101386e+00
4.340419946462101386e+00
4.334634784681267838e+00
4.320888399666701574e+00
4.312428698563111062e+00
4.310462067036817224e+00
4.307798577563857201e+00
4.300759975607997276e+00
4.283759837016309469e+00
4.282258937645292640e+00
4.280866176546374469e+00
4.279293510389146071e+00
4.270421562102920454e+00
4.250036425261070505e+00
4.238383771107725906e+00
4.226776848213352977e+00
4.215572058813847001e+00
4.206025579377461909e+00
4.192975994280252472e+00
4.186632676871463232e+00
4.182937522045995671e+00
4.170291917594640907e+00
4.167148372957479197e+00
4.161358172607360295e+00
4.155367163488720372e+00
4.132754248088980731e+00
4.124155910132029312e+00
4.116030210039860471e+00
4.095884963289083025e+00
4.087233113774161986e+00
4.085448240815908960e+00
4.073558758672209734e+00
4.064827964226975787e+00
4.054503352889022416e+00
4.051480008356040940e+00
4.046971676512054472e+00
4.027769787208401731e+00
4.025229095543505053e+00
4.016364995109464431e+00
4.000001790628926912e+00
3.984175175781223821e+00
3.980577588831005098e+00
3.975395439709436651e+00
3.973405593251267742e+00
3.958218521359187836e+00
3.925415871757446773e+00
3.922604192471855544e+00
3.916690773725524100e+00
3.904968976212629617e+00
3.902557776189769179e+00
3.902039315617889415e+00
3.896521283930359569e+00
3.896521283930359569e+00
3.886021117993355922e+00
3.874677838795732132e+00
3.867004472732662457e+00
3.862522787035339356e+00
3.860695475017050349e+00
3.849276580463954378e+00
3.841735980991877852e+00
3.818619797764955859e+00
3.812151008029295518e+00
3.809917701359377684e+00
3.803892005767352202e+00
3.799871174438839816e+00
3.788813906490574812e+00
3.780168485886242991e+00
3.772556571102251954e+00
3.770969787877656465e+00
3.768425736390207614e+00
3.755186451313931695e+00
3.749950397698586624e+00
3.746830145868305983e+00
3.737292373685817015e+00
3.732673910000144257e+00
3.722253608723223639e+00
3.720469566199919420e+00
3.716819354936736097e+00
3.709617349943103992e+00
3.704693301820502160e+00
3.698619031128365986e+00
3.693611063876535372e+00
3.692561400590039788e+00
3.677014924943264429e+00
3.670282665595775651e+00
3.665906364641557946e+00
3.664865696571302678e+00
3.657427880042822821e+00
3.656160299651004753e+00
3.643954355565779846e+00
3.642905048834248039e+00
3.632866789669074503e+00
3.617088528056976227e+00
3.611594257121761853e+00
3.606612115595418278e+00
3.605540213284552653e+00
3.592552305084860009e+00
3.581375106789201013e+00
3.579048984495579067e+00
3.576023795466502175e+00
3.571611181233643517e+00
3.567203337126023666e+00
3.563734096786041139e+00
3.557220583604289388e+00
3.546532858426771018e+00
3.539584837200154155e+00
3.535825757475533404e+00
3.525695432446672051e+00
3.522409648650155045e+00
3.520257090503774222e+00
3.520128064514020938e+00
3.517847194118280729e+00
3.514719992615974675e+00
3.512519998954371392e+00
3.499534819546309183e+00
3.493270865959942739e+00
3.484451787861851724e+00
3.483078260034539575e+00
3.477800155013540895e+00
3.475518796823036105e+00
3.466265460773587215e+00
3.459369206588667200e+00
3.449581276029545229e+00
3.445534706345555698e+00
3.443792850573567321e+00
3.439339382387840427e+00
3.429443029366637141e+00
3.425973597963651418e+00
3.412642983841077449e+00
3.406696883146735466e+00
3.399837647381962480e+00
3.394102643627516791e+00
3.388520901014177689e+00
3.384480171735359200e+00
3.382599554386809260e+00
3.374316129893060179e+00
3.370821389368766408e+00
3.369891328398233465e+00
3.363978809009413151e+00
3.360526752371119752e+00
3.353374860058738971e+00
3.352018263419909161e+00
3.342203556737113335e+00
3.339297716109158376e+00
3.336477318596203556e+00
3.334369412637165908e+00
3.323979842911528149e+00
3.317857854519101313e+00
3.301092849923537909e+00
3.298525736068030234e+00
3.292450701693915516e+00
3.287666223769670992e+00
3.286675457170380454e+00
3.282545832624586879e+00
3.279825325030132799e+00
3.271614941849863456e+00
3.265406441316021535e+00
3.264781269076237447e+00
3.263104247810277858e+00
3.257195909029839243e+00
3.251865705836920917e+00
3.251216733961315164e+00
3.250181839836104203e+00
3.248045490400418789e+00
3.238902266446332945e+00
3.231033465734678867e+00
3.221975491310255624e+00
3.217701158266490946e+00
3.213265861377494037e+00
3.209950830119018494e+00
3.201016814848498093e+00
3.197047504827830178e+00
3.194506607846724577e+00
3.190932452916625195e+00
3.190932452916625195e+00
3.177244347601964058e+00
3.172855394393705009e+00
3.165063680174839522e+00
3.156999175919721790e+00
3.151517917469466745e+00
3.149195127249101667e+00
3.146494240484274840e+00
3.143551593908324282e+00
3.136378187853401389e+00
3.122905099709420096e+00
3.118454176047002147e+00
3.113659395692999876e+00
3.104821742914350757e+00
3.100748173145067899e+00
3.095055805906340662e+00
3.094413270455409926e+00
3.088196703318219605e+00
3.086954061977226438e+00
3.083023787382407566e+00
3.081428067122803149e+00
3.078708352654454750e+00
3.075453931498984605e+00
3.066570261431252220e+00
3.066444401098895600e+00
3.059783188269269427e+00
3.058831708581278175e+00
3.052222397260136777e+00
3.048117164961770875e+00
3.038089787585026347e+00
3.035318902029373156e+00
3.029422607129546030e+00
3.022554705163686073e+00
3.019305340042438779e+00
3.011621322465486195e+00
3.011018989318091865e+00
3.008808614984889385e+00
3.008808614984889385e+00
2.998639592615225613e+00
2.998320809109336516e+00
2.997047560667247090e+00
2.996650701524672833e+00
2.987081883529475235e+00
2.979817998874715546e+00
2.977433885125702950e+00
2.974460070653675459e+00
2.972025184747578042e+00
2.971313786211208896e+00
2.969351395447203057e+00
2.966949803461072399e+00
2.956177603470261595e+00
2.956076899871747710e+00
2.952856231498033335e+00
2.952623122742177308e+00
2.950628614958700879e+00
2.941112080271593321e+00
2.937038716057271071e+00
2.926462055936834172e+00
2.919345135230726918e+00
2.916411584840320703e+00
2.913788791918452414e+00
2.910000334247405451e+00
2.906829902805950550e+00
2.906390483755177279e+00
2.905888573382912288e+00
2.900574079471390121e+00
2.898759059788655446e+00
2.891767822869808047e+00
2.886945027572913602e+00
2.885931129411831719e+00
2.883974091451824151e+00
2.878815932674257283e+00
2.875542521662345141e+00
2.866684848759769810e+00
2.856163351161116637e+00
2.855935794272009165e+00
2.846139112448024200e+00
2.845386818381603344e+00
2.843220528392158553e+00
2.841613911303971118e+00
2.840446219122065852e+00
2.833286725465842260e+00
2.830611809113366295e+00
2.830056445629985706e+00
2.829461084119909930e+00
2.827234354475585132e+00
2.826165233918760400e+00
2.821657721913370054e+00
2.813526122552078235e+00
2.813190985949220124e+00
2.807135307793894530e+00
2.801798484828944336e+00
2.794288975075736481e+00
2.791713139677073574e+00
2.790192198216742359e+00
2.783758620036520082e+00
2.775186502308520708e+00
2.773412799706347798e+00
2.769459632398570736e+00
2.764514952244032653e+00
2.761719989450085677e+00
2.761021372373827720e+00
2.756443155303510473e+00
2.753782484001265018e+00
2.741971051036892426e+00
2.736915057082626390e+00
2.732216636113220964e+00
2.729477217808921274e+00
2.729177556917285141e+00
2.724720449326088367e+00
2.716723539073697236e+00
2.707953204504828015e+00
2.705991519648496269e+00
2.700694157096663162e+00
2.699301507973023373e+00
2.698089020652790548e+00
2.692898529802269181e+00
2.686098528547148589e+00
2.683097157222769980e+00
2.675378037197449821e+00
2.667681657130039685e+00
2.667129403129051113e+00
2.666122608121366699e+00
2.664636695961199120e+00
2.660068583000331000e+00
2.658950701715515841e+00
2.656399478166833195e+00
2.652856447912135707e+00
2.650729550319427918e+00
2.649154691395812833e+00
2.648324934065514391e+00
2.646639270511103259e+00
2.643072208476145768e+00
2.637651097829323721e+00
2.635070846077555373e+00
2.632209501296506104e+00
2.630494677944182680e+00
2.622220111144897281e+00
2.622220111144897281e+00
2.621971010041574957e+00
2.617855353141205210e+00
2.617351764453095697e+00
2.615526013513217674e+00
2.614299794477207506e+00
2.610452820298855947e+00
2.606062431595769446e+00
2.598516995503273641e+00
2.597551803440596441e+00
2.596378527720657914e+00
2.594793486204441724e+00
2.593077727292302459e+00
2.592031651551899962e+00
2.588634651179259283e+00
2.585324197711756256e+00
2.584572560074973158e+00
2.583841573188009999e+00
2.573809963473185025e+00
2.570600310789294074e+00
2.568975218934894666e+00
2.565200907901699523e+00
2.558866015477765377e+00
2.558576857389580628e+00
2.556522263699276820e+00
2.553212231374727637e+00
2.551393561157882406e+00
2.549925862370400864e+00
2.546626705949078584e+00
2.544161513584357159e+00
2.542756741488605865e+00
2.536887499146120550e+00
2.533876292155234466e+00
2.531092067522484168e+00
2.522620192327366340e+00
2.515619900887146709e+00
2.508787458342212062e+00
2.506634202513659648e+00
2.498639838742954034e+00
2.495339276632952963e+00
2.492448106224026461e+00
2.485006437801212886e+00
2.484125631999741124e+00
2.482016690660591163e+00
2.481576920492921889e+00
2.477901417780666193e+00
2.477901417780666193e+00
2.473812729978285052e+00
2.471409968601400831e+00
2.467687512783892423e+00
2.467687512783892423e+00
2.467687512783892423e+00
2.467199984517137512e+00
2.463789922311998115e+00
2.461453476669112739e+00
2.459108289967682826e+00
2.457685262229548417e+00
2.457685262229548417e+00
2.455829030540680247e+00
2.448006593308449386e+00
2.442510146909507629e+00
2.439375062119748527e+00
2.436425539235347326e+00
2.430002622098183629e+00
2.425569516530935221e+00
2.418434570803206451e+00
2.416957795975217316e+00
2.414900737644487982e+00
2.413969152122233730e+00
2.411405778169626313e+00
2.409999721173205156e+00
2.396127342955309381e+00
2.394941173380883637e+00
2.394185754826625434e+00
2.392236087120564569e+00
2.388176396241066257e+00
2.385312516379981318e+00
2.381353855729083868e+00
2.380446843578465810e+00
2.378354016562023165e+00
2.369604255359505807e+00
2.369604255359505807e+00
2.367564447396248717e+00
2.361866017685967822e+00
2.356084822277878299e+00
2.350651784192202332e+00
2.348893601454680624e+00
2.339039456124941907e+00
2.335953450660311681e+00
2.333800537868183866e+00
2.327394648713977165e+00
2.324465364803847578e+00
2.322792995692148921e+00
2.321252759596494908e+00
2.319021235810265757e+00
2.315272106887260595e+00
2.313085248085079204e+00
2.309893508842796539e+00
2.306670401355126021e+00
2.304204020349295501e+00
2.301984266436805093e+00
2.294463329029790444e+00
2.293317979130744977e+00
2.291871636818170632e+00
2.291175886826862573e+00
2.291043127508884059e+00
2.289910979893877929e+00
2.288081996292241183e+00
2.288081996292241183e+00
2.286492333799735821e+00
2.283548637826505523e+00
2.282631812573866714e+00
2.281181822081660648e+00
2.278888454789781193e+00
2.268797779176043417e+00
2.263864523037726784e+00
2.261177457317990580e+00
2.259978432070838927e+00
2.254220932250083465e+00
2.251378840843702100e+00
2.250715408826231112e+00
2.249555536624430641e+00
2.249268991473340584e+00
2.244427640167856008e+00
2.230420669625795771e+00
2.228724879017016214e+00
2.228724879017016214e+00
2.224775294038245921e+00
2.223000382579712220e+00
2.222117895350478545e+00
2.220007860142423350e+00
2.218593175546494489e+00
2.217812110781409718e+00
2.214212158623518611e+00
2.214090039973945157e+00
2.212994184651200680e+00
2.210393752586740312e+00
2.206518883996031466e+00
2.206043499755144577e+00
2.205730635286207608e+00
2.201402243415791826e+00
2.200885762665413914e+00
2.200885762665413914e+00
2.200286536954926042e+00
2.197430959654046223e+00
2.190871800510388212e+00
2.186571155513787001e+00
2.185749076025003568e+00
2.184404800538964686e+00
2.183326656468110194e+00
2.181997740655281071e+00
2.179215741847345900e+00
2.177245350911008348e+00
2.175873704635108208e+00
2.171809971478196211e+00
2.167990431753950453e+00
2.167269036364520840e+00
2.165535304574778941e+00
2.164255739982281934e+00
2.160454151970101044e+00
2.160162377004594791e+00
2.159046378662617283e+00
2.156258065870751306e+00
2.155274788397939734e+00
2.148878291885238490e+00
2.147755574280407753e+00
2.146485703331001194e+00
2.142028637086047738e+00
2.142008472594995716e+00
2.140623475416479682e+00
2.138759583104971274e+00
2.138759583104971274e+00
2.136868849919593139e+00
2.135458655596380595e+00
2.134839140202551278e+00
2.131654950258488945e+00
2.129674781531528449e+00
2.126990064131243585e+00
