1.942343341790413191e+01
2.000027893902600340e+01
1.919057285127093948e+01
1.301845696139986330e+01
1.186264200949434233e+01
1.283957680721080230e+01
1.271501651077880624e+01
1.173390003058172759e+01
1.243253517029935651e+01
1.065149289049566050e+01
9.494388977554976350e+00
9.778434470784997501e+00
1.246405980916342671e+01
1.561913258919517844e+01
1.488744485749044166e+01
1.462930801920862045e+01
1.543919911364516473e+01
1.670617251432052086e+01
1.641004714233413964e+01
1.746113468052153195e+01
1.642191933319720931e+01
1.631031575789955568e+01
1.446864390440951809e+01
1.656890280382343761e+01
1.572343065188819189e+01
1.500641228637135072e+01
1.406387171578547068e+01
1.461796289856336450e+01
1.362006919074726952e+01
1.341440034884188748e+01
1.290413095878201055e+01
1.235222505596140330e+01
1.224853130698682691e+01
1.124751847087619083e+01
1.103639810478214045e+01
1.014706357907109258e+01
9.255632026241036314e+00
8.663412121514182829e+00
9.294815951577193758e+00
9.653576361119023730e+00
9.120670292794470058e+00
9.075623624276250467e+00
8.934906827533367846e+00
8.851964799940184037e+00
8.494988119908528645e+00
8.600310739561038531e+00
8.699102253775645721e+00
8.584650733070489537e+00
8.473308461200813824e+00
8.322050554735012540e+00
8.343619987144577976e+00
8.386864067283267943e+00
8.424631099464185979e+00
8.321919454369524516e+00
8.372614377687209952e+00
8.396620824261441740e+00
8.437919274126445046e+00
8.314248502285732201e+00
8.236215716566873013e+00
8.418796379600410162e+00
8.386090731137107568e+00
8.389521869400605070e+00
8.377751216713866356e+00
8.341902961815485185e+00
8.343628592766430430e+00
8.276803227431052790e+00
8.265960290632900609e+00
8.269487587036227438e+00
8.250413047854056714e+00
8.272915624355778874e+00
8.283071991421079971e+00
8.317809184613931706e+00
8.364195814779915139e+00
8.335455247250113331e+00
8.360472755735074202e+00
8.373640083566815662e+00
8.352009895782591897e+00
8.320412613318639572e+00
8.302828277363660803e+00
8.309316865895933546e+00
8.300477003506573581e+00
8.309186507394267451e+00
8.341154204634294800e+00
8.347435467303446543e+00
8.332083236566637297e+00
8.319261060950383424e+00
8.315363833967305496e+00
8.347775735377622297e+00
8.369215196199862206e+00
8.371649307636227277e+00
8.383938434878277945e+00
8.397769486845144016e+00
8.385623895556850727e+00
8.386433375970593573e+00
8.395201921544989787e+00
8.402705171538844553e+00
8.397282617743798028e+00
8.403977489716693228e+00
8.398075861542235288e+00
8.412801369649235639e+00
8.411728300736209363e+00
8.423060803398673357e+00
8.435485598686581099e+00
8.420099036840341000e+00
8.418922125674823675e+00
8.417175574929766313e+00
8.401666357977267907e+00
8.399775062608318521e+00
8.399992156074770122e+00
8.398880875679733293e+00
8.402055835348720692e+00
8.413019301986622622e+00
8.414286115748662809e+00
8.407755690492251688e+00
8.408834699015049097e+00
8.411241509997314125e+00
8.407671201712762610e+00
8.408670828321765711e+00
8.414489507892088938e+00
8.401832979135797075e+00
8.411958872025177669e+00
8.396823965144259105e+00
8.398701030922289590e+00
8.405465931172338756e+00
8.402121419201909802e+00
8.386955413053538422e+00
8.388655753942865445e+00
8.403320112395579855e+00
8.405769934862792780e+00
8.405549545626115560e+00
8.404234999491196234e+00
8.409738186969766716e+00
8.413443940724107506e+00
8.415611189247213630e+00
8.408943151482803913e+00
8.411684436541921883e+00
8.411385823213224811e+00
8.411385823213224811e+00
8.412877328250075948e+00
8.417308038905831680e+00
8.414891155772588505e+00
8.415265275593567296e+00
8.418275785245308285e+00
8.415580994387603653e+00
8.413879254074762670e+00
8.414495067891211377e+00
8.413792186499200909e+00
8.418008296208995489e+00
8.416392177412502562e+00
8.418711876843387287e+00
8.429370698803289486e+00
8.430714255643197319e+00
8.433199446843461899e+00
8.430526187632558788e+00
8.429158951387034193e+00
8.437976741969402283e+00
8.439046779976957069e+00
8.440924178396272737e+00
8.442345826517726692e+00
8.447189326597571934e+00
8.443818208686368010e+00
8.446427231757471787e+00
8.447551475041464641e+00
8.448795663407915768e+00
8.443072432503402780e+00
8.442570774490466334e+00
8.443283866538351390e+00
8.443271354108357940e+00
8.442854674252114222e+00
8.440118182519530166e+00
8.441023076922165913e+00
8.442427540305720512e+00
8.440112297004777275e+00
8.443008609309682555e+00
8.447706053036483809e+00
8.448043784005101031e+00
8.449388133565960857e+00
8.450783918685417007e+00
8.451424150773721777e+00
8.448648325202402276e+00
8.447445916025332124e+00
8.447667927524515008e+00
8.450866234992302495e+00
8.451915021315322463e+00
8.454053839963814099e+00
8.452996697611990129e+00
8.453257244709522666e+00
8.452116445438475623e+00
8.453338410107022582e+00
8.455873576743535125e+00
8.448331884887149812e+00
8.446981338210822088e+00
8.450599684119847410e+00
8.452027026958672806e+00
8.455432324624453599e+00
8.455651219798570040e+00
8.452368322857031657e+00
8.454936554864817211e+00
8.453697236836610784e+00
8.445614927046237952e+00
8.446252920196341663e+00
8.446625614273267857e+00
8.448354347073028237e+00
8.448947949601592455e+00
8.451811456204676887e+00
8.451764385107974675e+00
8.451837677780208224e+00
8.451641522680596097e+00
8.451334592147714986e+00
8.452813281512254306e+00
8.452088902399312431e+00
8.453432748485010251e+00
8.453922436304239341e+00
8.453959738941005497e+00
8.449307682856360913e+00
8.449547877265365159e+00
8.446330089624625614e+00
8.446939832885439259e+00
8.447799576887268458e+00
8.451249585321759739e+00
8.447115047730743953e+00
8.447477996716912685e+00
8.442960987893503244e+00
8.443258807338356320e+00
8.443535973310368092e+00
8.443876607171791449e+00
8.445761575140307897e+00
8.442597595187969262e+00
8.443807176163135253e+00
8.443770754115966781e+00
8.444078852860318563e+00
8.445551093533806508e+00
8.448785334386558432e+00
8.449082605628346343e+00
8.445643357762747883e+00
8.446295132829016339e+00
8.446221011470768758e+00
8.449198475430602429e+00
8.449618369536567641e+00
8.446979364692188241e+00
8.447278785930446787e+00
8.448077105456098579e+00
8.450266971520832726e+00
8.448854080531157607e+00
8.449167311940902536e+00
8.448475996037055680e+00
8.446625485740032246e+00
8.447187565932278375e+00
8.446392817460933955e+00
8.447109297201572886e+00
8.447297169845736420e+00
8.444411802960329894e+00
8.445362044768611298e+00
8.445770588134310586e+00
8.442816809498870256e+00
8.443101143163081801e+00
8.443069703746166610e+00
8.441154662744274617e+00
8.443160248936942835e+00
8.443326341984635164e+00
8.442775805048384541e+00
8.443441972943549700e+00
8.444000472205136276e+00
8.444891666167734456e+00
8.445567662353420602e+00
8.445890442115972618e+00
8.444663911682836144e+00
8.444663911682836144e+00
8.445833368553964604e+00
8.445543816922560509e+00
8.445336963753993231e+00
8.442862240807624374e+00
8.431441543117424331e+00
8.425519331062615080e+00
8.426879694489109340e+00
8.425178718687144297e+00
8.425214638435086556e+00
8.425338862819291563e+00
8.425707717598728053e+00
8.425928326007998237e+00
8.423689287841087392e+00
8.424191065841913684e+00
8.424302619231566425e+00
8.424317318308572666e+00
8.424834958258427875e+00
8.425598020772142149e+00
8.425591532466334854e+00
8.425393087491316990e+00
8.425764847826314963e+00
8.426878697571876131e+00
8.427131780509753867e+00
8.427630274763570739e+00
8.427786586839992822e+00
8.425287022472478071e+00
8.425287022472478071e+00
8.426424105306139722e+00
8.427068010988911340e+00
8.427246658060516538e+00
8.427783588910942925e+00
8.427897404518862601e+00
8.427897404518862601e+00
8.428168075557771033e+00
8.429185689622874733e+00
8.429205974849296013e+00
8.429192682962735717e+00
8.429192682962735717e+00
8.429694610674310695e+00
8.429694610674310695e+00
8.430137952355472919e+00
8.430153214463178557e+00
8.429546257537760212e+00
8.429780860086594885e+00
8.429549950254086710e+00
8.429350725493135243e+00
8.429417978438609182e+00
8.429490082795878081e+00
8.430638678449220436e+00
8.430965932642319416e+00
8.429654349487890386e+00
8.429161269821237923e+00
8.427660695014491665e+00
8.427940450555125196e+00
8.427890875801882231e+00
8.427189758517831919e+00
8.427166071043673767e+00
8.427803048905886385e+00
8.428123829552436774e+00
8.428420251990660361e+00
8.423723522057272817e+00
8.423626421315693946e+00
8.424491835148774754e+00
8.424350783140191368e+00
8.424355144105771132e+00
8.424146743136487814e+00
8.425015333762187808e+00
8.424465341275681141e+00
8.424552090970394147e+00
8.424693099693001841e+00
8.424613480953860645e+00
8.424922651675471386e+00
8.424948617508523085e+00
8.424964407902439945e+00
8.424743985897769960e+00
8.425792877565049466e+00
8.425099200463989746e+00
8.425690724157181677e+00
8.425627268902475819e+00
8.426626541149406791e+00
8.427078017337114701e+00
8.427321751728182875e+00
8.427321751728182875e+00
8.427192108346426735e+00
8.427822598726969261e+00
8.428741126778524162e+00
8.427303223193250759e+00
8.427476950299501723e+00
8.427756187404332522e+00
8.428569314843699090e+00
8.429342115340999086e+00
8.428817526863321419e+00
8.427584149992931373e+00
8.427485698580239770e+00
8.427559128934175803e+00
8.427555680866163357e+00
8.427608665947090572e+00
8.427800698852918160e+00
8.427089510607087774e+00
8.426489365969670686e+00
8.426489365969670686e+00
8.426150420685695863e+00
8.426821297151308343e+00
8.425786802166671308e+00
8.425931359035647716e+00
8.425928820177475131e+00
8.426218403542140578e+00
8.426780393367408806e+00
8.426780393367408806e+00
8.425226687804572734e+00
8.425282740845574381e+00
8.425397609500908658e+00
8.426635253260377212e+00
8.426823121856275023e+00
8.427227020938143909e+00
8.427241224834599365e+00
8.427464879166469913e+00
8.427573095068593645e+00
8.427569194733299796e+00
8.427703148214229500e+00
8.427704327753920310e+00
8.427685786576343929e+00
8.427497259566706589e+00
8.427185441365594443e+00
8.427343887652135379e+00
8.426251157915150003e+00
8.426514222272754040e+00
8.426942234512445395e+00
8.427223598346413880e+00
8.427023205238368675e+00
8.427643967349302656e+00
8.428176210448354411e+00
8.426171618127320073e+00
8.427063352850318267e+00
8.427171307274853973e+00
8.427144531865042865e+00
8.427345166660355602e+00
8.425866585124122565e+00
8.425900213649965664e+00
8.425953641888206391e+00
8.425841757505990515e+00
8.425976593612814369e+00
8.425963577565397600e+00
8.425950485455416583e+00
8.426061655901241565e+00
8.426253379731223347e+00
8.426269052131406312e+00
8.425108921741074397e+00
8.425719660602883465e+00
8.425902774837947362e+00
8.425659942915826761e+00
8.426012255406574170e+00
8.424369663963581445e+00
8.424357835048420284e+00
8.424839849336564157e+00
8.424787015692961845e+00
8.424896923391681725e+00
8.424896923391681725e+00
8.424238340865553454e+00
8.424529016173632812e+00
8.424444522742073005e+00
8.425039451462490447e+00
8.425079646782018372e+00
8.426158327405685711e+00
8.426439471205029008e+00
8.427038717431319270e+00
8.426603954113289774e+00
8.426644813857482319e+00
8.426911311298216134e+00
8.427765169888328245e+00
8.427658125717279347e+00
8.427043875765788172e+00
8.427120853580010618e+00
8.427257706576178009e+00
8.427286550015978150e+00
8.427286550015978150e+00
8.427868432078833294e+00
8.427154314298828552e+00
8.427357848246479932e+00
8.427173827564201858e+00
8.427331639636555849e+00
8.427425268751941090e+00
8.426629673309074420e+00
8.426629673309074420e+00
8.426622577764526056e+00
8.427108270776662025e+00
8.427167576968088269e+00
8.427168608351141899e+00
8.428002679401627617e+00
8.428033045559162773e+00
8.428011676012671316e+00
8.428814685264901740e+00
8.428748250965954369e+00
8.428588229890523920e+00
8.428645512816217433e+00
8.428699775948553352e+00
8.427134313775841434e+00
8.427140496640689094e+00
8.427650079238860670e+00
8.428017862954265027e+00
8.427986079426270649e+00
8.427986079426270649e+00
8.428036153499020244e+00
8.428174763356215848e+00
8.428174763356215848e+00
8.428159292731612240e+00
8.428271171361942038e+00
8.428324619027376841e+00
8.428365607687323902e+00
8.428443443344621144e+00
8.427772437345847578e+00
8.427794594056788213e+00
8.427325894357167613e+00
8.427326683959067921e+00
8.427313046426721854e+00
8.427419384394045920e+00
8.427517919687009140e+00
8.427889181597031154e+00
8.428412611275467370e+00
8.428142080622839316e+00
8.427766271147282495e+00
8.427778025036282372e+00
8.427778025036282372e+00
8.427776861118497109e+00
8.427914149169456692e+00
8.427289740059826784e+00
8.427289740059826784e+00
8.427369114540189443e+00
8.427736857015190708e+00
8.427652058234858856e+00
8.427900142960394803e+00
8.428047919114115771e+00
8.427982281544876386e+00
8.427951901999085393e+00
8.427921789542184072e+00
8.427957409947381962e+00
8.427946332790174466e+00
8.428028239491085927e+00
8.428331395503416701e+00
8.428499145037546825e+00
8.428499145037546825e+00
8.428658533756447468e+00
8.428793594093464847e+00
8.428776496350399938e+00
8.428764774842777641e+00
8.428669034274125949e+00
8.428674635991409758e+00
8.428706766313933230e+00
8.428875956321506990e+00
8.428840899490149141e+00
8.428905971195064240e+00
8.429119312015469490e+00
8.429230614137091848e+00
8.429230614137091848e+00
8.429055441454698538e+00
8.429207210845333975e+00
8.429450853921069964e+00
8.429274940350092393e+00
8.429259803755956071e+00
8.429176066678582657e+00
8.429176066678582657e+00
8.429333625669627850e+00
8.429419368606783536e+00
8.428574332894060106e+00
8.428604306493422627e+00
8.428559079570380419e+00
8.428426534259484626e+00
8.428703314533091628e+00
8.429078721759754700e+00
8.429078721759754700e+00
8.429320518657949179e+00
8.429320518657949179e+00
8.429381772125474015e+00
8.429351534376801069e+00
8.429436323541533937e+00
8.429469493770820776e+00
8.429248794198358041e+00
8.429182019518671964e+00
8.429154269462653559e+00
8.429067841380335935e+00
8.429119175415626941e+00
8.429812760003324357e+00
8.429751537541868345e+00
8.429697644432765813e+00
8.430252716434438298e+00
8.430241211765158837e+00
8.430310038346087609e+00
8.430282166613986661e+00
8.430282166613986661e+00
8.430255994265101194e+00
8.430255994265101194e+00
8.430316001001473936e+00
8.430350928163834467e+00
8.430456670176186051e+00
8.430553961305728095e+00
8.430564149104512239e+00
8.430573115097017123e+00
8.430401572297320456e+00
8.430183404190303875e+00
8.431242807064290190e+00
8.431389246596799225e+00
8.431254630754356327e+00
8.431412256633899815e+00
8.431666515400188189e+00
8.431162580011511309e+00
8.431189881537822117e+00
8.431093502430073272e+00
8.431067345600284924e+00
8.431069078727944088e+00
8.431069078727944088e+00
8.431066704080508956e+00
8.431217556026290083e+00
8.431209068247335736e+00
8.431156672979785327e+00
8.431055846340980153e+00
8.431269201746657060e+00
8.431269201746657060e+00
8.430855943809316244e+00
8.430862358970871995e+00
8.431080766902233847e+00
8.431074793411964308e+00
8.431131805228137210e+00
8.431131805228137210e+00
8.429779459433930811e+00
8.429784765519332979e+00
8.429464774750606182e+00
8.429560304299041462e+00
8.429730319649021197e+00
8.429740977099228871e+00
8.430059408598822301e+00
8.429940589944862950e+00
8.429940589944862950e+00
8.430034168283535578e+00
8.430047337349433789e+00
8.430047337349433789e+00
8.430090400493337910e+00
8.430005077943848235e+00
8.430016770355624800e+00
8.430100734230256521e+00
8.430033760411596688e+00
8.430068347453664401e+00
8.430272307881322646e+00
8.430272307881322646e+00
8.430143060823890977e+00
8.430332420784980130e+00
8.430383752697609978e+00
8.430412352556276190e+00
8.430979452283956732e+00
8.431042706619132687e+00
8.430887009814050259e+00
8.430887009814050259e+00
8.431438057975112699e+00
8.431601203706255987e+00
8.431601203706255987e+00
8.431672959117067379e+00
8.431813455719987971e+00
8.431503990568460338e+00
8.431517219741921920e+00
8.431517219741921920e+00
8.431816105313309606e+00
8.431924619205410920e+00
8.432020263165885154e+00
8.432020263165885154e+00
8.431292082642565688e+00
8.431490117379217608e+00
8.431512614522265636e+00
8.431550296414783929e+00
8.431556257759563522e+00
8.431597275910165834e+00
8.431698179510064506e+00
8.431474528090241449e+00
8.431559881952049196e+00
8.431687787147588153e+00
8.431687787147588153e+00
8.431736572752269510e+00
8.431736572752269510e+00
8.431744778819311392e+00
8.431744778819311392e+00
8.431802716887426996e+00
8.431781678508460942e+00
8.431858871396407551e+00
8.431888205871578279e+00
8.431923458945497885e+00
8.431981015072038232e+00
8.430953231018280647e+00
8.430524671540077009e+00
8.430724948298289334e+00
8.431086253721439050e+00
8.431242209196176063e+00
8.431303686359273186e+00
8.431259414841486333e+00
8.431221976378134642e+00
8.431221976378134642e+00
8.431223161865958104e+00
8.431217397057464424e+00
8.431453363267992884e+00
8.431461473986340494e+00
8.431461473986340494e+00
8.431462813092649000e+00
8.431455086543911293e+00
8.431546034013267743e+00
8.431601635794285343e+00
8.432123275519774808e+00
8.432123275519774808e+00
8.432111580559128683e+00
8.432447244269564379e+00
8.432390022893452297e+00
8.432563273416386451e+00
8.432569743451216127e+00
8.432701784417089286e+00
8.432702836390776113e+00
8.432760576589121371e+00
8.432882658249937435e+00
8.432763997457772831e+00
8.432788137304214615e+00
8.432552876699688227e+00
8.432567782682466984e+00
8.432410232459574218e+00
8.432378407975283707e+00
8.432382915041745974e+00
8.432380663862517167e+00
8.432372218549307519e+00
8.432396694641896673e+00
8.432887625362207373e+00
8.432830847439625188e+00
8.433011735883438220e+00
8.433051952237121895e+00
8.433071489333256565e+00
8.433093573756247352e+00
8.433093573756247352e+00
8.433093573756247352e+00
8.432944120592191339e+00
8.433173421307046169e+00
8.433390664805857639e+00
8.433475860192844564e+00
8.433323877887701769e+00
8.433323877887701769e+00
8.433257696163208195e+00
8.433220690646500373e+00
8.433364487454175773e+00
8.433413180974282497e+00
8.433357837476265217e+00
8.433424997794050526e+00
8.433434512710363151e+00
8.432968382151628361e+00
8.432949286133547773e+00
8.432971841780116051e+00
8.432996176566829760e+00
8.432988422108245175e+00
8.433082639011900028e+00
8.433082639011900028e+00
8.433104502265178937e+00
8.433137652320743527e+00
8.433149358807497720e+00
8.433267684224736271e+00
8.433270887461260301e+00
8.433196606032264953e+00
8.433498795870059794e+00
8.433563439434303532e+00
8.433561046681390394e+00
8.433566985657357407e+00
8.433576377049325501e+00
8.433581651091888176e+00
8.433609240653577643e+00
8.433609240653577643e+00
8.433609240653577643e+00
8.433608338905392188e+00
8.433608338905392188e+00
8.433610577723031909e+00
8.433665412415951579e+00
8.433161305142988340e+00
8.432877847266807336e+00
8.432897352189117512e+00
8.433019607384023786e+00
8.432981620992624272e+00
8.432983993447042081e+00
8.432983993447042081e+00
8.432980349742260628e+00
8.432958952096740290e+00
8.432952086794127666e+00
8.432812433596994950e+00
8.432823381655238038e+00
8.432843909224953194e+00
8.432683785746105443e+00
8.432791993004252973e+00
8.432893283425093145e+00
8.432900645066530032e+00
8.433065972072492755e+00
8.433065972072492755e+00
8.432455697936713790e+00
8.432616929015820162e+00
8.432331007408157220e+00
8.432331007408157220e+00
8.432439415920541137e+00
8.432481874961750279e+00
8.432361057798788195e+00
8.432346352665760492e+00
8.432347094910534580e+00
8.432348709444255519e+00
8.432212976298211871e+00
8.432212976298211871e+00
8.432203252789683745e+00
8.432203252789683745e+00
8.431707860036510738e+00
8.431707860036510738e+00
8.431708014316441790e+00
8.431708014316441790e+00
8.431959977756175562e+00
8.431893231538468925e+00
8.431982577726181205e+00
8.432011904696805615e+00
8.431905479572302298e+00
8.431873394066546012e+00
8.431908196567723834e+00
8.431935946315777031e+00
8.431941395633721470e+00
8.431953306871347920e+00
8.432156113654409424e+00
8.432118475143710157e+00
8.432285920939271762e+00
8.432285920939271762e+00
8.432285190443778333e+00
8.432352109548489238e+00
8.432361594020203910e+00
8.432317679675014332e+00
8.432291775975700787e+00
8.432329541387781902e+00
8.432360888699891532e+00
8.432358711012646779e+00
8.432362422396714408e+00
8.432339752995343218e+00
8.432380167110268943e+00
8.432314597800038669e+00
8.432301213699917142e+00
8.432357361339375856e+00
8.432357361339375856e+00
8.432357782803805435e+00
8.432028432036368315e+00
8.432028378743584796e+00
8.432141221844865697e+00
8.432182072906806880e+00
8.432336014294673276e+00
8.432336014294673276e+00
8.432330249153576318e+00
8.432318517115939827e+00
8.432428771696748981e+00
8.432444541599565468e+00
8.432498109062315450e+00
8.432489613314919197e+00
8.432517903593289788e+00
8.432526187698442754e+00
8.432419331187803735e+00
8.432411526520173339e+00
8.432411526520173339e+00
8.432572973801940819e+00
8.432567853899264776e+00
8.432459703348087032e+00
8.432403801967826240e+00
8.432417000891330616e+00
8.432440840619118916e+00
8.432391327117308322e+00
8.432411852803467056e+00
8.432435159716835216e+00
8.432491828682818991e+00
8.432491828682818991e+00
8.432943202809614291e+00
8.432983271276313531e+00
8.433021721102244683e+00
8.433003084381457626e+00
8.433003510487212750e+00
8.432989486596873974e+00
8.433088606538321486e+00
8.433088606538321486e+00
8.433083793702854436e+00
8.432876883374717636e+00
8.432876883374717636e+00
8.432864288282125642e+00
8.432947754172868571e+00
8.432980315191379361e+00
8.432980315191379361e+00
8.432980315191379361e+00
8.432980315191379361e+00
8.433000096570326676e+00
8.433048949608862088e+00
8.433485195256128719e+00
8.433540939576204210e+00
8.433591436033218258e+00
8.433434659175174986e+00
8.433375401841106012e+00
8.433375401841106012e+00
8.433396460313421272e+00
8.433423767795293458e+00
8.433431510804963338e+00
8.433408079550467562e+00
8.433525143896956067e+00
8.433520807694703691e+00
8.433477823985809252e+00
8.433545635580161459e+00
8.433545176461201720e+00
8.433538843682757857e+00
8.433538843682757857e+00
8.433322068284089923e+00
8.433322068284089923e+00
8.433289496138517194e+00
8.433286981989931874e+00
8.433207465310978534e+00
8.433221062989336048e+00
8.433245369102850830e+00
8.433479682261703303e+00
8.433479682779344344e+00
8.433643822196293272e+00
8.433643822196293272e+00
8.433619689949411580e+00
8.433872352247773208e+00
8.433890995933165158e+00
8.433890995933165158e+00
8.433749522375427077e+00
8.433776293649597022e+00
8.433688418706848822e+00
8.433701992567913308e+00
8.433722849137780031e+00
8.433716405503524527e+00
8.433716794785764748e+00
8.433815867785387610e+00
8.433767667313949445e+00
8.433617643077973014e+00
8.433751829869429173e+00
8.433748732699545059e+00
8.433762811870254339e+00
8.433762811870254339e+00
8.433763094552571005e+00
8.433787022223055985e+00
8.433793554619120059e+00
8.433793554619120059e+00
8.433838784555854673e+00
8.433831054808919703e+00
8.433846193060571039e+00
8.433837613783852660e+00
8.433861330056497962e+00
8.433861330056497962e+00
8.433909675007242868e+00
8.433525859752649012e+00
8.433497973849453544e+00
8.433562331357833841e+00
8.433566083906045563e+00
8.433940117490998034e+00
8.434133530526239042e+00
8.434138112258905196e+00
8.434174177623638968e+00
8.434230901981980111e+00
8.434230901981980111e+00
8.434258840411736458e+00
8.434258840411736458e+00
8.434077907431705157e+00
8.434054669696044115e+00
8.434054669696044115e+00
8.434054669696044115e+00
8.434045178866510284e+00
8.434125477002481830e+00
8.433537109369884988e+00
8.433848271196254132e+00
8.434019566202801244e+00
8.434007397498902492e+00
8.434051404168927846e+00
8.434142765840251244e+00
8.434142765840251244e+00
8.434148456309170427e+00
8.434153464693588731e+00
8.434219285514412690e+00
8.434276435388692761e+00
8.434281687993641086e+00
8.434072878059868827e+00
8.433692690183324459e+00
8.433693588122245899e+00
8.433693588122245899e+00
8.433720634999234633e+00
8.433683235575813342e+00
8.433696011499407064e+00
8.433697174091543403e+00
8.433697174091543403e+00
8.433800409115535857e+00
8.433800409115535857e+00
8.433794466538063972e+00
8.433811216492994589e+00
8.433689869692823748e+00
8.433740135334563348e+00
8.433802575400644486e+00
8.433803104660315242e+00
8.433767960944679842e+00
8.433783205413522666e+00
8.433803069288718035e+00
8.433809477435357138e+00
8.433882368604477264e+00
8.434124466192706393e+00
8.434107948124458076e+00
8.434107948124458076e+00
8.434127398641040330e+00
8.434140844302577378e+00
8.434189467704195309e+00
8.434184001700320010e+00
8.434182250549071114e+00
8.434185117143549348e+00
8.434185117143549348e+00
8.434207747741055528e+00
8.434219118418127437e+00
8.434254963667553895e+00
8.434237501531747228e+00
8.434237501531747228e+00
8.434260553871165911e+00
8.434270368859349887e+00
8.434248980111068050e+00
8.434357907669156162e+00
8.434360973195495603e+00
8.434353653247926630e+00
8.434409215513280600e+00
8.434415991244954114e+00
8.434422574533130046e+00
8.434422448402917993e+00
8.434465400213655428e+00
8.434370062159915804e+00
8.434191504638199888e+00
8.434192018740498398e+00
8.434226655519621474e+00
8.434226155912183387e+00
8.434164773112064140e+00
8.434111659253227700e+00
8.434123296703601724e+00
8.434303969154029801e+00
8.434358029715252059e+00
8.434395844293096189e+00
8.434395844293096189e+00
8.434394295979958045e+00
