2.140274877870694537e-01
3.123906424251801650e-01
4.956977020794512412e-01
6.345555305538703728e-01
5.096240427246938598e-01
6.045311508810023993e-01
7.395950661064245590e-01
7.100519737468136139e-01
7.110158479307340240e-01
7.031931266307980266e-01
6.802137200226860969e-01
6.951400962676941298e-01
7.264224203907514443e-01
7.173234761946285509e-01
7.036913870001711979e-01
7.179811000343223615e-01
7.130110321614355762e-01
6.978806455128835351e-01
6.960499380996076901e-01
6.935163359308460507e-01
6.854427793728108398e-01
6.998185494586304234e-01
6.923253515473268838e-01
7.197360725188014507e-01
7.163884333298258245e-01
7.130732606502878657e-01
7.149066649102744364e-01
7.102550922162758074e-01
7.000521924347451463e-01
7.069990202569512716e-01
6.945307644268545744e-01
7.034841403384706204e-01
6.961904675417598387e-01
7.001143446595343711e-01
7.046481624840792435e-01
7.034289455600049035e-01
7.147638341873965295e-01
7.197256668117719691e-01
7.216041411232848590e-01
7.110495810342953860e-01
7.107634627142915829e-01
7.141991021426804531e-01
7.153425991302111431e-01
7.183769386280239866e-01
7.176284526292873167e-01
7.196973621258189180e-01
7.168744158918527454e-01
7.234630130596637620e-01
7.254957230455970629e-01
7.271437880264334241e-01
7.253221185411404814e-01
7.267898831594008513e-01
7.295358237413770430e-01
7.324881680973582831e-01
7.309579947887706597e-01
7.343596900767952462e-01
7.366814029186660173e-01
7.365524287610919485e-01
7.368228811597695715e-01
7.374722074077352252e-01
7.375974339989542772e-01
7.381052562723547927e-01
7.377146636870324237e-01
7.381910638425148719e-01
7.397553009286910175e-01
7.389327849450108010e-01
7.417076783665357276e-01
7.416734820695746189e-01
7.409677431223294919e-01
7.426521898155902246e-01
7.468476517246132040e-01
7.461749861156421471e-01
7.465226492180767615e-01
7.455580095346849845e-01
7.456884736328210916e-01
7.463463607830693736e-01
7.473687061137617160e-01
7.466554416146931050e-01
7.450220814721051354e-01
7.476634145833856993e-01
7.466371704499644713e-01
7.480455342753083992e-01
7.486494229858687843e-01
7.503938637905729347e-01
7.493485978181259055e-01
7.484128906845016749e-01
7.510772222751315175e-01
7.513781208926739730e-01
7.513308633998864172e-01
7.486180611149618747e-01
7.504731188318852775e-01
7.504671228658940096e-01
7.502536168242603942e-01
7.497475848305840129e-01
7.428936072128056178e-01
7.444537865200689941e-01
7.447196918339605842e-01
7.448310285400276953e-01
7.440104589351661524e-01
7.452074354163257253e-01
7.423949727426029099e-01
7.423633953289694443e-01
7.427084219979753765e-01
7.424412011988934523e-01
7.415495129876247260e-01
7.412893963560950317e-01
7.450172963008596660e-01
7.449922990722163130e-01
7.454357085904605995e-01
7.456490188259781160e-01
7.463516327204533507e-01
7.545411810609600201e-01
7.551880418528756911e-01
7.546431118280096939e-01
7.544919883412688488e-01
7.549271152855664413e-01
7.572813580720307858e-01
7.576334456783615501e-01
7.593282662433514796e-01
7.592955854362324342e-01
7.606024132451446595e-01
7.612706467623956419e-01
7.634154606813364774e-01
7.639330303540020628e-01
7.641581208870112940e-01
7.662706775440383256e-01
7.670091913721456267e-01
7.652043646481202499e-01
7.648889469965255428e-01
7.644639198254754575e-01
7.646332302985437979e-01
7.647810305620287297e-01
7.662830112717199382e-01
7.697228193588930845e-01
7.699116070102164366e-01
7.699498602200146591e-01
7.703358557533434015e-01
7.703521583640720038e-01
7.698929869869298726e-01
7.721477964636670466e-01
7.720507623322708790e-01
7.731111463466929790e-01
7.731198855333561992e-01
7.734604002229430453e-01
7.736692687515855926e-01
7.740544120570120867e-01
7.750556802052023242e-01
7.756118939511307264e-01
7.755550948498745045e-01
7.755961473180549293e-01
7.757917460105170360e-01
7.762098463834017359e-01
7.768433309501451278e-01
7.771472147781672835e-01
7.788065783708433276e-01
7.813141190704023797e-01
7.812156708934255844e-01
7.798983866788787855e-01
7.800083272124372913e-01
7.802166461383331919e-01
7.762818985089271484e-01
7.761449827118535039e-01
7.767648739471129105e-01
7.768515059174818660e-01
7.774008205776324898e-01
7.739664559255439169e-01
7.738414161511444345e-01
7.738542334490667862e-01
7.736057648934552278e-01
7.736306446489740196e-01
7.745485021470372988e-01
7.747705439011010053e-01
7.794808388356555540e-01
7.796844213100552201e-01
7.783454326683755253e-01
7.788752496014773596e-01
7.787820300937416951e-01
7.751964326705235164e-01
7.751962454700547234e-01
7.769373971997193262e-01
7.759300560616706477e-01
7.760728414215825044e-01
7.753728453738422122e-01
7.761889925417235769e-01
7.761881426747144763e-01
7.761735338789262917e-01
7.758091419655187559e-01
7.756473795768344948e-01
7.758304415770137519e-01
7.762904494769816699e-01
7.760144918519886748e-01
7.763017494689044007e-01
7.766394031512718898e-01
7.763400212438161807e-01
7.757516365131733593e-01
7.757201246156764096e-01
7.759922088292642295e-01
7.754510362306050730e-01
7.749465593787679962e-01
7.750938285131733219e-01
7.750623570108692295e-01
7.748344057258419459e-01
7.748269905026294868e-01
7.752164913890886577e-01
7.752104401343326012e-01
7.750489760339867029e-01
7.751533330669547750e-01
7.751536087884463022e-01
7.767989098743856013e-01
7.792461240136839828e-01
7.795661868196159805e-01
7.794868964681430645e-01
7.793360366026040875e-01
7.796994909257430884e-01
7.795945798573282737e-01
7.798070666258311023e-01
7.796832703923841645e-01
7.824270273484126292e-01
7.823026021127134078e-01
7.824340501083145716e-01
7.830336031619650194e-01
7.830346669092322909e-01
7.831720723069621748e-01
7.827165953322759995e-01
7.837879186649524543e-01
7.839067046015422147e-01
7.832737065950550193e-01
7.814936184963550136e-01
7.823275485802317908e-01
7.821773422828556255e-01
7.851754644473015743e-01
7.856381988403188243e-01
7.855235284266206541e-01
7.854451396890350656e-01
7.854561640179358317e-01
7.853468218811126000e-01
7.858445179816612169e-01
7.864560053774330983e-01
7.865688282259076791e-01
7.866212243145127569e-01
7.941569759786869520e-01
7.945638456461192600e-01
7.957129761938593893e-01
7.957250598114763429e-01
7.956401255803532413e-01
7.957211945004557530e-01
7.943431961104044925e-01
7.949530022250949068e-01
7.949322640009168772e-01
7.953209234957191454e-01
7.942579391471539241e-01
7.944898120239667350e-01
7.946829690839495308e-01
7.946526489023709727e-01
7.944809550397805564e-01
7.945604726986474908e-01
7.950990178207285597e-01
7.951533011806423135e-01
7.953317220347504435e-01
7.953399806547163386e-01
7.962007044925583088e-01
7.963893496017100393e-01
7.960658872154789956e-01
7.962278984512295432e-01
7.970668552605149060e-01
7.969026830763952240e-01
7.974864453433074818e-01
7.955466426405328750e-01
7.960062141121188040e-01
7.965233957148772914e-01
7.968179190690597435e-01
7.977455362684510165e-01
7.978224763651593499e-01
7.981205774580886203e-01
7.981240050667419705e-01
7.972028929629302318e-01
7.987792202003237696e-01
7.988227753668862841e-01
7.988335812868130326e-01
7.985096790205422623e-01
7.985071028453855080e-01
7.981643629505326132e-01
7.983830300992922346e-01
8.001857431152656908e-01
8.002273085891522530e-01
8.002759233665848182e-01
8.007713647777201516e-01
8.006407189313302641e-01
8.006288527615573747e-01
8.005512637547629318e-01
8.009578306217441934e-01
8.016005947021338507e-01
8.007521741461051112e-01
8.037007112229654915e-01
8.037516878749514371e-01
8.038891135898719176e-01
8.038911036631521956e-01
8.039259104902816144e-01
8.034071462521149565e-01
8.034126042852249849e-01
8.033970564803105674e-01
8.034265163688486533e-01
8.034143663741599717e-01
7.989963316926986803e-01
7.998472817705976068e-01
8.003221892121873404e-01
7.998734360000443466e-01
7.984406732058322298e-01
7.963826269081695219e-01
7.963812764449941239e-01
7.963913124014544431e-01
7.963734435938778500e-01
7.958608168305884023e-01
7.958474572121488899e-01
7.960386062698386889e-01
7.940421248916347263e-01
7.941227947332730741e-01
7.936554041216983268e-01
7.936587034210472735e-01
7.937070312767553482e-01
7.935073864955479728e-01
7.923633347148621997e-01
7.907671459683984772e-01
7.904534516200029115e-01
7.907615372091334471e-01
7.910206017702646752e-01
7.910213016346779868e-01
7.910695714371298592e-01
7.922189297853388101e-01
7.918520652169885876e-01
7.879206081003318207e-01
7.922750581814334003e-01
7.884814454725707078e-01
7.888880440726271370e-01
7.888314025424050246e-01
7.887116989102932463e-01
7.885778477292912925e-01
7.893354564195316225e-01
7.890683814892109904e-01
7.892037056525963434e-01
7.889825680152598997e-01
7.878262445381011281e-01
7.870787548808191314e-01
7.846153638166990518e-01
7.850549430786620819e-01
7.854945240591020283e-01
7.854326893476485383e-01
7.848254416313740212e-01
7.848084184935191221e-01
7.855174271929961094e-01
7.855149464436472773e-01
7.850946376211844768e-01
7.845688265307881881e-01
7.844933768032845700e-01
7.838334807184311748e-01
7.838176154276974561e-01
7.841176084503965749e-01
7.842188491213496482e-01
7.849570218491341844e-01
7.850757107140428070e-01
7.862626641104516478e-01
7.888439407484890697e-01
7.871468131116352573e-01
7.873757813984942899e-01
7.874385965275553234e-01
7.874244057543636766e-01
7.878913858990311825e-01
7.883909956409058672e-01
7.890697180212903339e-01
7.897582254471360308e-01
7.900642992624246075e-01
7.901017008084871840e-01
7.900233787381347739e-01
7.910421483073928339e-01
7.903108913719780748e-01
7.886441599490295884e-01
7.880895704011776637e-01
7.885839550472277804e-01
7.880657418931142910e-01
7.882219515009174504e-01
7.881251320893150059e-01
7.883964764309732143e-01
7.884201072928463949e-01
7.885679934082319154e-01
7.890213003388651947e-01
7.892103025805226046e-01
7.900181175684863888e-01
7.904048945828416883e-01
7.905285000609527657e-01
7.893863752848538917e-01
7.894500186980403234e-01
7.885143907120185647e-01
7.885488928364567940e-01
7.885975022530125056e-01
7.894077175981135674e-01
7.894481782916330515e-01
7.894686139162622185e-01
7.884176224491211693e-01
7.884359613495870445e-01
7.884268793645528017e-01
7.886922741032901252e-01
7.888645047072104788e-01
7.888035966629864948e-01
7.855742627889146235e-01
7.857042184914930782e-01
7.856892070687223617e-01
7.856902784643183812e-01
7.856504698766977324e-01
7.857187865155762507e-01
7.861172511915092143e-01
7.860564035168692287e-01
7.860955391711241802e-01
7.861809409068868382e-01
7.861115771444412426e-01
7.863122654880558837e-01
7.863067711820114214e-01
7.863352723147978285e-01
7.863259817386075712e-01
7.863245194636170332e-01
7.887059434205214714e-01
7.887034789058715578e-01
7.887997344585698789e-01
7.887951047179647679e-01
7.888654727354286189e-01
7.885022769798989417e-01
7.885017462592669446e-01
7.885714358229125587e-01
7.885810747007585553e-01
7.909846944421226045e-01
7.909637318273213813e-01
7.909933074558047617e-01
7.912213956804493575e-01
7.913126775324895723e-01
7.865845561892160775e-01
7.865103663141077561e-01
7.872829569215061829e-01
7.872708742814737981e-01
7.872690582369146206e-01
7.875414868188495010e-01
7.910055858563335152e-01
7.903134411428931472e-01
7.902796845648408786e-01
7.909880011209947659e-01
7.909879648035554878e-01
7.909618243034163276e-01
7.900105914472683732e-01
7.913566380960964652e-01
7.939591964142522773e-01
7.955482478899921217e-01
7.954611165200654588e-01
7.954691435172743796e-01
7.956003953806269902e-01
7.956061370071806360e-01
7.956111264846102982e-01
7.959082855993551142e-01
7.960357166049233379e-01
7.983642060714836175e-01
7.991042790876323743e-01
7.991042790876323743e-01
7.992255757211992329e-01
7.985489467511378558e-01
7.993480554511597225e-01
8.005841314101779238e-01
8.007052546620604394e-01
8.033727522840760082e-01
8.040863807827387522e-01
8.038870424114695767e-01
8.038946080499628222e-01
7.990523871470425199e-01
8.023603328820312353e-01
8.035884082821613816e-01
8.036279223790727677e-01
8.058034337718141815e-01
8.060594998254694277e-01
8.076331659422437692e-01
8.085147706736846018e-01
8.086478203163062206e-01
8.089411237333102855e-01
8.089875053947920280e-01
8.089595779607720027e-01
8.104742811551460813e-01
8.105391159094882392e-01
8.104600661913905491e-01
8.105633310583925111e-01
8.104755822278509880e-01
8.112779154873798193e-01
8.124673124691463855e-01
8.129625376247261448e-01
8.126660240242064015e-01
8.128216444478368885e-01
8.145458150742356240e-01
8.148001086746695654e-01
8.132395535692263921e-01
8.148345894366655351e-01
8.146908539345197875e-01
8.147251701483133601e-01
8.160546196346348813e-01
8.172547255267017530e-01
8.176394071185855150e-01
8.149684672237820227e-01
8.150782251074346618e-01
8.150442014738161767e-01
8.151026389988516030e-01
8.151521727465510514e-01
8.123444140824296333e-01
8.123719496145032082e-01
8.125174982403479129e-01
8.131677094482880896e-01
8.134378634241775652e-01
8.135908310284105660e-01
8.135307182421511740e-01
8.140293144502106504e-01
8.132925743099913563e-01
8.134965508480734853e-01
8.133237182164768653e-01
8.133024961146766429e-01
8.132728575775890478e-01
8.119999970318106941e-01
8.129846956805255598e-01
8.142569787112917679e-01
8.145911866499450094e-01
8.135863235725788734e-01
8.135282574751663276e-01
8.135110063961518145e-01
8.134811671180727233e-01
8.132838164969338202e-01
8.131547374535502692e-01
8.142623922704640416e-01
8.142149248460731625e-01
8.141577313137497995e-01
8.151064388484802192e-01
8.145980438206302798e-01
8.174253612710628003e-01
8.169851423751935959e-01
8.169699261459627548e-01
8.160559913324223480e-01
8.160598509153478286e-01
8.160239069715470306e-01
8.159450417346159057e-01
8.137454202556548832e-01
8.188703775294884357e-01
8.187522400586444427e-01
8.189412263192910046e-01
8.201264401635545154e-01
8.204472919381986529e-01
8.202879781992684638e-01
8.199320933316165405e-01
8.185146164099351695e-01
8.193890243469242884e-01
8.189067625864796529e-01
8.188874198560136541e-01
8.188504855955835993e-01
8.194986219063108424e-01
8.191719098853998959e-01
8.191316592872013302e-01
8.187557699831008451e-01
8.178542037356597572e-01
8.171314130844586909e-01
8.171253125957488317e-01
8.173015580649525269e-01
8.180277176005662509e-01
8.182188455835562868e-01
8.180453794044229010e-01
8.179079450544289864e-01
8.177640490794730876e-01
8.176235887404377234e-01
8.185717260573641685e-01
8.185666415115352423e-01
8.185016025571629772e-01
8.185380092621862280e-01
8.181620724959146607e-01
8.178129429068977663e-01
8.176212527530364316e-01
8.185568737352126867e-01
8.180304576775982994e-01
8.180453278389094862e-01
8.179341296883164691e-01
8.179244748762045658e-01
8.179459060310086960e-01
8.178357412604424503e-01
8.178122068177914317e-01
8.177250084016115528e-01
8.176956419745419202e-01
8.176972531734795213e-01
8.179776284422243249e-01
8.178987414854408389e-01
8.177326471521941809e-01
8.152332938728386047e-01
8.154336512649092983e-01
8.154504711742184275e-01
8.180082792143494874e-01
8.207988793008837991e-01
8.210394039372754804e-01
8.214244151347056544e-01
8.249727884004034451e-01
8.249878086650161979e-01
8.256159726250363873e-01
8.258427106322084876e-01
8.257812448903731894e-01
8.271430875495037194e-01
8.269090818946390753e-01
8.293387108537084718e-01
8.302892472316071304e-01
8.302982669862457588e-01
8.303595421510634456e-01
8.299974705752481974e-01
8.315467957208860783e-01
8.316365180676406066e-01
8.318530346288096622e-01
8.322902247367653938e-01
8.321621452278016307e-01
8.326414911771813365e-01
8.327496408922822058e-01
8.332894855534344059e-01
8.366179685431083257e-01
8.386121687628600441e-01
8.390476277567023855e-01
8.390405238584469627e-01
8.379116200913893087e-01
8.382470581694246858e-01
8.383348485552001295e-01
8.385856096228559986e-01
8.383745008401631837e-01
8.384930267546912841e-01
8.385913266195462734e-01
8.386964889732547723e-01
8.383703501192792951e-01
8.381379612304475923e-01
8.383029956562014773e-01
8.382668014899570252e-01
8.382748913112483269e-01
8.382892092276097440e-01
8.385126276394881950e-01
8.385187684636408179e-01
8.369820741623290594e-01
8.392310331691957836e-01
8.379535338244689102e-01
8.379262924642190136e-01
8.379283259739673806e-01
8.377878676545849057e-01
8.384445416867928325e-01
8.384455865533479990e-01
8.384849614994177580e-01
8.389582174116829716e-01
8.392254522034634512e-01
8.389212660335892968e-01
8.450951067409571138e-01
8.449025929782212341e-01
8.448562343565595434e-01
8.457553036399890756e-01
8.454820660027518864e-01
8.371500197479431193e-01
8.371925204664909526e-01
8.374570096659337270e-01
8.395252409515184810e-01
8.395959353924209445e-01
8.401010649879123715e-01
8.383938126386798473e-01
8.386273567014073116e-01
8.392766280453923811e-01
8.399949414340839304e-01
8.408749354887914418e-01
8.425608863522029424e-01
8.449469312472541738e-01
8.462418779323098716e-01
8.461372060071937762e-01
8.462633454997334770e-01
8.461369604052454418e-01
8.461589733009965419e-01
8.462686220352055866e-01
8.462350831518776761e-01
8.464800893660721082e-01
8.469186691582837323e-01
8.464075356031026676e-01
8.464380062532529392e-01
8.465612471640283632e-01
8.467869269491422601e-01
8.449466707846562397e-01
8.451263517139241399e-01
8.444672743280658977e-01
8.445140537659414637e-01
8.334706881844574644e-01
8.330656941289756867e-01
8.323447402844648124e-01
8.333373618476000999e-01
8.330493665729595820e-01
8.328100509537614826e-01
8.330267916969654740e-01
8.325582582453712188e-01
8.332687556920892469e-01
8.328245681164523351e-01
8.323205054549159820e-01
8.320674828751946084e-01
8.323359279937415645e-01
8.323275045525116989e-01
8.324417933927815705e-01
8.328807554584071182e-01
8.329021700314463983e-01
8.313852639233191288e-01
8.309635389716030218e-01
8.303126092063639607e-01
8.303071704724807045e-01
8.299468105926084416e-01
8.313223082417487975e-01
8.307165228393915690e-01
8.309545310712177502e-01
8.319261369080483970e-01
8.318090849624487637e-01
8.319957786307278225e-01
8.315376935917127010e-01
8.314177189115239397e-01
8.313917107983597177e-01
8.317000662720381854e-01
8.314812180848569767e-01
8.314516359743709950e-01
8.313522493652100165e-01
8.312314294967957373e-01
8.310222982841090067e-01
8.288575033453889906e-01
8.291313162718698671e-01
8.290584916136101157e-01
8.290603848785085273e-01
8.285073547574016706e-01
8.311684077209705590e-01
8.308855733961000301e-01
8.308937806541489834e-01
8.309919308244551051e-01
8.309987512232970275e-01
8.303295921016046188e-01
8.314872802782796724e-01
8.333408271372840792e-01
8.332358828334371914e-01
8.333137410206209461e-01
8.334327569258112023e-01
8.334164495882038226e-01
8.363641490633826336e-01
8.365818155374196152e-01
8.366131575371839046e-01
8.361933727684336404e-01
8.371312291868941990e-01
8.373817539919478081e-01
8.374382096349917148e-01
8.372125241413930219e-01
8.373835127223322461e-01
8.379541387205923231e-01
8.381441810316690999e-01
8.388383384020056122e-01
8.394296958342374326e-01
8.395103188080322854e-01
8.412040608171036382e-01
8.409925870812683391e-01
8.410903195723449244e-01
8.418772961219640472e-01
8.439881805100216683e-01
8.440750783323932582e-01
8.422176620674967085e-01
8.427681291510531469e-01
8.433306560079629755e-01
8.435052682857014927e-01
8.450454810967492625e-01
8.453258645449391873e-01
8.451793368879378932e-01
8.457826430297791243e-01
8.487620848413299779e-01
8.490128444276119346e-01
8.491054127567323473e-01
8.493835896625219206e-01
8.495537751886255151e-01
8.499927649383229866e-01
8.502964663887256913e-01
8.502929407733721412e-01
8.517314441704042505e-01
8.516330037197071823e-01
8.516193150901013587e-01
8.518686449494606849e-01
8.518755651318610234e-01
8.518951360766243708e-01
8.519287876059600251e-01
8.521657667726452168e-01
8.528723087373717426e-01
8.528219195934290120e-01
8.527571815004297839e-01
8.527927401900836646e-01
8.528490520355611615e-01
8.536170845757993231e-01
8.546790904632928232e-01
8.546719681908676591e-01
8.541128353765000680e-01
8.541061146828590189e-01
8.541363121776257561e-01
8.542930598713661672e-01
8.543299908395108888e-01
8.543765542015083758e-01
8.526152015768562187e-01
8.527322943946621381e-01
8.529955336462476945e-01
8.528610227696119539e-01
8.528340423104410206e-01
8.528340423104410206e-01
8.519725702264575595e-01
8.519825287183426799e-01
8.519282893670002688e-01
8.500490855743094709e-01
8.501199370391926413e-01
8.502863921380569012e-01
8.503235676212753669e-01
8.504158445297502755e-01
8.503494963781763616e-01
8.521628834592838153e-01
8.521689998955085388e-01
8.517533446386045259e-01
8.517657603556697543e-01
8.511214658224043328e-01
8.521523774790189520e-01
8.523773249360848681e-01
8.517344064160281558e-01
8.525500998486363891e-01
8.527395553093515268e-01
8.536322164281524572e-01
8.533595127494907340e-01
8.533449257362624163e-01
8.531903028741966155e-01
8.527830540445208163e-01
8.535858767695003735e-01
8.535297450241905448e-01
8.534590915680478895e-01
8.529767609512715065e-01
8.522539092277584549e-01
8.522614197667365277e-01
8.528868904452905353e-01
8.529552744594636193e-01
8.525899619202229607e-01
8.525892405960036058e-01
8.526338614051555131e-01
8.527774840202443363e-01
8.500804117720256459e-01
8.501595245962531022e-01
8.505666690847540901e-01
8.510025691736300413e-01
8.510619140517114989e-01
8.511853124166181006e-01
8.511963995980942332e-01
8.489046779745638149e-01
8.489060640434773486e-01
8.489910787817134263e-01
8.493738128220094108e-01
8.493660120882347009e-01
8.492322983660656188e-01
8.492134799013156821e-01
8.494821938545494833e-01
8.527402890324549123e-01
8.521669939471970823e-01
8.519460298581084112e-01
8.518720397806408551e-01
8.518672974891992045e-01
8.521766248926977427e-01
8.516375459518502611e-01
8.517093588110014046e-01
8.516324495626533819e-01
8.514404592496955804e-01
8.528971600786896534e-01
8.528165941858585342e-01
8.519890247605622635e-01
8.521886935240001737e-01
8.522037044388225402e-01
8.521571178803213353e-01
8.511445817564476934e-01
8.511445817564476934e-01
8.513177949205127382e-01
8.510913116977987247e-01
8.511547036059561311e-01
8.512156547582480082e-01
8.514017175039499952e-01
8.513930344241302794e-01
8.515171702661445963e-01
8.516803902627152478e-01
8.517570404884753366e-01
8.516432022780595634e-01
8.515989800671737164e-01
8.508820926339001334e-01
8.508926188614578390e-01
8.512140002009886963e-01
8.513079951795676781e-01
8.513376731627336769e-01
8.513319055292370985e-01
8.521305147898371457e-01
8.509151651718533937e-01
8.512046040270113689e-01
8.512726028268491341e-01
8.512765799447572501e-01
8.506023382541149092e-01
8.506109120132150370e-01
8.506224518329146278e-01
8.504488262823158840e-01
8.505007663256315409e-01
8.504906533917342415e-01
8.507080205744387280e-01
8.506923211654843220e-01
8.469646835215286496e-01
8.469997517920218044e-01
8.468159242295989486e-01
8.468466072080552687e-01
8.468354008373796260e-01
8.468146011587934785e-01
8.477761046175369408e-01
8.474757497104484782e-01
8.474020182192978368e-01
8.464592288623775662e-01
8.463852675170558948e-01
8.450147436887754937e-01
8.451568078442616150e-01
8.451445099779605341e-01
8.453001050067764366e-01
8.453007108015371251e-01
8.453926047768617336e-01
8.457225976771753917e-01
8.465398519164571978e-01
8.444335106637197441e-01
8.444422585816745430e-01
8.439632224140640737e-01
8.429911397441743892e-01
8.429792281237162843e-01
8.425039757901414683e-01
8.425070072727383064e-01
8.410373111320942341e-01
8.402146768161313783e-01
8.416124427706248579e-01
8.409013829032787601e-01
8.411270223378300992e-01
8.412300587859434797e-01
8.412038532590461193e-01
8.404472067765185184e-01
8.398310616842279419e-01
8.393296451657631385e-01
8.400116588395768469e-01
8.419022027757016025e-01
8.418995772114166165e-01
8.418330096731179157e-01
8.409913713018499770e-01
8.410203459469530740e-01
8.419961245535638739e-01
8.427653866610086419e-01
8.430627487821167332e-01
8.436558405819379880e-01
8.437163977783060931e-01
8.410606665835826945e-01
8.452919050721943162e-01
8.452619089935650143e-01
8.476446474684569132e-01
8.480718104537434687e-01
8.483631622613341250e-01
8.480223801218964574e-01
8.479240401039430663e-01
8.480109834135708402e-01
8.508834344574215391e-01
8.508140729835945715e-01
8.507987259065661334e-01
8.514482875630019487e-01
8.514874680131669926e-01
8.534772809972035468e-01
8.520816292146190518e-01
8.522136302306091427e-01
8.523693044416580378e-01
8.524362479974901818e-01
8.520812227679092077e-01
8.520173097803342976e-01
8.520720635392700082e-01
8.525143378048882781e-01
8.527694656536251028e-01
8.528067773639200766e-01
8.532733651718051870e-01
8.533218659037730136e-01
8.533300325203585501e-01
8.530183924732068768e-01
8.527206773929220107e-01
8.525814811281745564e-01
8.524186359451364492e-01
8.525640075450342525e-01
8.526915377797942286e-01
8.531959506527952986e-01
8.533683475259546958e-01
8.538650667347689183e-01
8.574143235033324650e-01
8.574448094545030763e-01
8.596233028619013616e-01
8.596493683030828059e-01
8.597305651555943173e-01
8.593197655496064291e-01
8.590965519009581275e-01
8.605911131870734865e-01
8.596558430164101816e-01
8.588265352811221831e-01
8.583057233461507396e-01
8.580377218888659563e-01
8.585486221820706199e-01
8.578576079706651258e-01
8.603537232818758707e-01
8.603669414556169848e-01
8.604261679143150321e-01
8.603103640074507563e-01
