2.201862795473685352e+00
1.680402114124084800e+00
1.986248031556838711e+00
2.632641907567540684e+00
1.433081057228067667e+00
1.617647020473691244e+00
2.721691040452450139e+00
1.880570653860400343e+00
3.639805842623523802e+00
3.035302485188030808e+00
1.870101564497178348e+00
2.023539526426337609e+00
1.843751956634982037e+00
1.331350316378358434e+00
3.073977800746788169e+00
2.553824857923828073e+00
2.608681597501713689e+00
2.021932318029726172e+00
2.082136434472322772e+00
1.596884527487122174e+00
2.749153321248856585e+00
2.387916822873768830e+00
1.491823546466680916e+00
2.995988278039954267e+00
1.754421000692163890e+00
1.307420742338736730e+00
1.384992202547472351e+00
2.075775793241537048e+00
2.194196041432184607e+00
1.485307549313197306e+00
