7.514053717796688034e+03
7.562806833095815819e+03
7.691272914986793694e+03
7.902896042720699370e+03
6.713956308073543369e+03
6.612128493397462080e+03
7.007903518665512820e+03
6.992813452303534177e+03
7.677843270532353927e+03
7.107480863035953007e+03
7.503722548388806899e+03
7.335334410021342592e+03
6.855843364676317833e+03
7.736325249680055094e+03
7.849890320566098126e+03
7.269617098299088866e+03
8.174285476196632771e+03
7.525576948047277256e+03
7.891504060792686687e+03
7.227315452079646093e+03
7.265493953149643858e+03
8.152967093598052088e+03
7.147484400953121622e+03
7.383919808253563133e+03
6.900223151175223393e+03
7.067920939392603941e+03
6.453825239612343466e+03
7.613737778105254620e+03
8.528895267727166356e+03
6.974188407869031835e+03
