9.603532863334308786e+03
9.522780739884878130e+03
9.411258183442021618e+03
9.368298126721883818e+03
9.315395817789041757e+03
9.261278251478279344e+03
9.232907338999735657e+03
9.210078922488726676e+03
9.178893203873200036e+03
9.159081111208319271e+03
9.149334491438650730e+03
9.132040221072775239e+03
9.103918280904368658e+03
9.094090992530082076e+03
9.085386389894052627e+03
9.080512083445966709e+03
9.075721403437741174e+03
9.073260213818966804e+03
9.070218981385440202e+03
9.069630494025526787e+03
9.067089106202709445e+03
9.066118061564477102e+03
9.063655970713714851e+03
9.058452498449092673e+03
9.057157447101117214e+03
9.054866984489661263e+03
9.053357867387054284e+03
9.051601107771735769e+03
9.050091453863456991e+03
9.048758432499016635e+03
9.047493928234842315e+03
9.044520253192091332e+03
9.042315756102503656e+03
9.041028663496079389e+03
9.039076730778217097e+03
9.037051084036173052e+03
9.035744393044635217e+03
9.033992437903685641e+03
9.032089316013843927e+03
9.030571292504417215e+03
9.028490436200214390e+03
9.026191301820077570e+03
9.024826515409979038e+03
9.023011652346358460e+03
9.021275989001700509e+03
9.019211571342439129e+03
9.016903263226851777e+03
9.015225455841156872e+03
9.013302173142301399e+03
9.011442709988050410e+03
9.009588216301355715e+03
9.007771498918869838e+03
9.005697487618150262e+03
9.003916394564788789e+03
9.002032041091546489e+03
8.999994934149399342e+03
8.998425146794692409e+03
8.996634742627054948e+03
8.994242405849392526e+03
8.992310397554438168e+03
8.990799364495996997e+03
8.988860888664807135e+03
8.987071439334207753e+03
8.985662473614571354e+03
8.983828599424434287e+03
8.981313005831649207e+03
8.980051200754905949e+03
8.977765833598694371e+03
8.975957429554371629e+03
8.973707546612637088e+03
8.972270810097679714e+03
8.970250652163063933e+03
8.968394892235402949e+03
8.966329126843049380e+03
8.964720703539611350e+03
8.963006698989169308e+03
8.960916287920474133e+03
8.959022716644150933e+03
8.956833188497188530e+03
8.954998217853606548e+03
8.952809282897485900e+03
8.951325455364560185e+03
8.949604743029603924e+03
8.947701314832649587e+03
8.945893593441998746e+03
8.943607096899886528e+03
8.942270460903831918e+03
8.940139962825760449e+03
8.938856942303757023e+03
8.937140007383681223e+03
8.935354725664936268e+03
8.933517615237848077e+03
8.931646296618684573e+03
8.929183541170321405e+03
8.927310088227906817e+03
8.925105990913154528e+03
8.924106842400169626e+03
8.922359037617101421e+03
8.920437953291779195e+03
8.917739987202503471e+03
8.916007057092481773e+03
8.914536004279099870e+03
8.912693255098007285e+03
8.910977828028977456e+03
8.908490365392732201e+03
8.906639707954713231e+03
8.904997294246750243e+03
8.903324083451298065e+03
8.901269455880741589e+03
8.899290828207002050e+03
8.897206714721218304e+03
8.895331653318620738e+03
8.893945265692986140e+03
8.892083516393426180e+03
8.890461605605934892e+03
8.888603739865500756e+03
8.886523131541303883e+03
8.884720897477009203e+03
8.882711313090712792e+03
8.881059331837395803e+03
8.879237824961624938e+03
8.877352531302276475e+03
8.875324557380825354e+03
8.873943978736235294e+03
8.871983614663065964e+03
8.869391164408794793e+03
8.867715884465718773e+03
8.865911086994110519e+03
8.864010685465367715e+03
8.862200367971494416e+03
8.860262435295268006e+03
8.858525704800151289e+03
8.856792807769590581e+03
8.854613354387565778e+03
8.852885180368204601e+03
8.851121922970529340e+03
8.849368650875041567e+03
8.847176650700870596e+03
8.845429819417866383e+03
8.843401853664388909e+03
8.841937414583282589e+03
8.839695416085005490e+03
8.837743102919308512e+03
8.835995853947992146e+03
8.834329921167098291e+03
8.832496913950390081e+03
8.830834266422463770e+03
8.829084101153866868e+03
8.827050898344290545e+03
8.824929153068987944e+03
8.823405683447877891e+03
8.821553311967492846e+03
8.819756792453128583e+03
8.817356090121351372e+03
8.815581458302362080e+03
8.814108773036083221e+03
8.812050709562165139e+03
8.810290741644905211e+03
8.808276435130392201e+03
8.806697450233976269e+03
8.804517838567398940e+03
8.802887855985949500e+03
8.800912655230726159e+03
8.798862158748959700e+03
8.797236541804995795e+03
8.795148401288812238e+03
8.793944693206880402e+03
8.792127854169131751e+03
8.790271046730216767e+03
8.788152386848281822e+03
8.786114389590082283e+03
8.784376803491417377e+03
8.782364036928493078e+03
8.780678291161404559e+03
8.778719405605357679e+03
8.777158266105983785e+03
8.775017931968606717e+03
8.773443446586745267e+03
8.771503274595703260e+03
8.769951033330604332e+03
8.767721845310092249e+03
8.765725172050555557e+03
8.764123782996519367e+03
8.761523062353497153e+03
8.759956475959401359e+03
8.758201115240515719e+03
8.756230316833321922e+03
8.754538774660964918e+03
8.752819240918006471e+03
8.750856237574018451e+03
8.748933857187708782e+03
8.747275006107667650e+03
8.745455829506774535e+03
8.743640715843263024e+03
8.741846866240228337e+03
8.739652909587628528e+03
8.738039680390160356e+03
8.736010463183232787e+03
8.734214169450364352e+03
8.732092593449478954e+03
8.729904474312206730e+03
8.728550870139086328e+03
8.726694715934339911e+03
8.724953771361300824e+03
8.723245892265587827e+03
8.721596758050405697e+03
8.719610555707056847e+03
8.717768235878804262e+03
8.715703750765167570e+03
8.713912014039395217e+03
8.712030776573112234e+03
8.709926342278906304e+03
8.708189936618233332e+03
8.706434448046655234e+03
8.705041189260304236e+03
8.702632008241294898e+03
8.700921736935444642e+03
8.698913642090843496e+03
8.697021367242710767e+03
8.694895750602274347e+03
8.693155709050835867e+03
8.691244426846556962e+03
8.689288777855206718e+03
8.687770263044914827e+03
8.685724748967501000e+03
8.683995904086747032e+03
8.681973505911721077e+03
8.680380945192027866e+03
8.678535472865225529e+03
8.676932990901408630e+03
8.675167840947489822e+03
8.673213440225577870e+03
8.670681996203747985e+03
8.669143979727992701e+03
8.667167113339703064e+03
8.665885127268518772e+03
8.663875453217588074e+03
8.662220955157175922e+03
8.660892565409156305e+03
8.658694643493192416e+03
8.656674082824350990e+03
8.655015110262180315e+03
8.652792945558334395e+03
8.651010709563784985e+03
8.649306811515016307e+03
8.647196639196818069e+03
8.645648249295098140e+03
8.643932447704331935e+03
8.642213880341048934e+03
8.640411745080920809e+03
8.638338694999982181e+03
8.635636028519169486e+03
8.634306269801287272e+03
8.632928990207276001e+03
8.630734044622175134e+03
8.628809217965290372e+03
8.627315544961997148e+03
8.625168134803592693e+03
8.623318507829464579e+03
8.621451487026877658e+03
8.619826869274245837e+03
8.618018260264314449e+03
8.615977631804043995e+03
8.614163447184551842e+03
8.612465893515864082e+03
8.610562270160206026e+03
8.608636092853888840e+03
8.607234709300877512e+03
8.605340196195254975e+03
8.603253771936866542e+03
8.601334234348203609e+03
8.599415916323510828e+03
8.597721008986925881e+03
8.595985715152386547e+03
8.594648256453541762e+03
8.592316288444870224e+03
8.590589812059281030e+03
8.588842126412675498e+03
8.586896919596749285e+03
8.584941817128021285e+03
8.583181106179952621e+03
8.581714837595862264e+03
8.579832198596881426e+03
8.578090920929560525e+03
8.575758639719759231e+03
8.574243180936859062e+03
8.572625959308859819e+03
8.570889379942116648e+03
8.568815859844298757e+03
8.566847984511350660e+03
8.565160470444181556e+03
8.563223133167723063e+03
8.561553514159742917e+03
8.559746723869162452e+03
8.558134608707985535e+03
8.556306978980295753e+03
8.554259325982095106e+03
8.552583589596022648e+03
8.550706821262519952e+03
8.548889580261571609e+03
8.547341205917247862e+03
8.545481039500822590e+03
8.543810491539163195e+03
8.541623580282363037e+03
8.539714488962714313e+03
8.538434368763251769e+03
8.536584818180279399e+03
8.534935810892991867e+03
8.533032699054219847e+03
8.531208681608886764e+03
8.529577273810851693e+03
8.527854943907788766e+03
8.525990315880721027e+03
8.523864975171558399e+03
8.521968221064542377e+03
8.520076981796510154e+03
8.518527602378484517e+03
8.516730756350911179e+03
8.515105931499538201e+03
8.513250312386975565e+03
8.511594930572926387e+03
8.509263797736772176e+03
8.507525445001861954e+03
8.506087444790544396e+03
8.504340368044244315e+03
8.502519817739555947e+03
8.500735600349229571e+03
8.499578278719982336e+03
8.497237194460954925e+03
8.495777323083118972e+03
8.493943945958335462e+03
8.491800827165399824e+03
8.489885123551128345e+03
8.488282315258153176e+03
8.486816165540883958e+03
8.484782839245086507e+03
8.483206467743275425e+03
8.481259159049761365e+03
8.479356969209711679e+03
8.477836784433418870e+03
8.475847485130423593e+03
8.474308661429860877e+03
8.472389420037048694e+03
8.470724443700046322e+03
8.468990732126947478e+03
8.467190700707475116e+03
8.465356885684079316e+03
8.464005576445792030e+03
8.462098173039563335e+03
8.460403256028281248e+03
8.458868125992805290e+03
8.456969356141695243e+03
8.455341255791941876e+03
8.453138655158842084e+03
8.450675191665593957e+03
8.449119507360919670e+03
8.447415253060069517e+03
8.445340494049505651e+03
8.443907935250035734e+03
8.442276881989113463e+03
8.440415347307894990e+03
8.438228166877161129e+03
8.436941349235312373e+03
8.435153915914177560e+03
8.433564414676982778e+03
8.431884522220305371e+03
8.430021640767476129e+03
8.428441527449393107e+03
8.426274238765718110e+03
8.424897391012253138e+03
8.422881516223618746e+03
8.421015352248296040e+03
8.419578604780874230e+03
8.418000436066147813e+03
8.416000204806401598e+03
8.414575588368588797e+03
8.412615572844140843e+03
8.410967128786955072e+03
8.408917208398461298e+03
8.407119197577163504e+03
8.405742253072026870e+03
8.404183934126882377e+03
8.402349840333243264e+03
8.399990432553502615e+03
8.398121121435167879e+03
8.396774390970966124e+03
8.395047876238382742e+03
8.392813646658980360e+03
8.391429981451912681e+03
8.389455553142122881e+03
8.387893128592046196e+03
8.386193616426055087e+03
8.384612664883376056e+03
8.382654122303321856e+03
8.380765981902966814e+03
8.379021423722249892e+03
8.377184410154326542e+03
8.375431357076186032e+03
8.373546259886905318e+03
8.372028633876652748e+03
8.370210168426881864e+03
8.368156726473036542e+03
8.366882872399164626e+03
8.364638512989526134e+03
8.362981195621781808e+03
8.361429322622387190e+03
8.359385128530468137e+03
8.357988770384507006e+03
8.356715226584250559e+03
8.354587883139010955e+03
8.352756723881971993e+03
8.350674547448539670e+03
8.349087563832817978e+03
8.347351495045888441e+03
8.345417218654727549e+03
8.343614043705783843e+03
8.342084318339480888e+03
8.340157624319641400e+03
8.338347381651930846e+03
8.336696319368184049e+03
8.335208456121397830e+03
8.333835002948520923e+03
8.331297030784064191e+03
8.329526479418329473e+03
8.327842371667267798e+03
8.326243378021219542e+03
8.324545248514381456e+03
8.322881454048285377e+03
8.321142949762741409e+03
8.319130581154446190e+03
8.317635655656667950e+03
8.315853789297698313e+03
8.313678092465188456e+03
8.312363915699597783e+03
8.310583547829011877e+03
8.309074462628521360e+03
8.307188643988933109e+03
8.305408213040844203e+03
8.304036479350847003e+03
8.302435571976999199e+03
8.300763118569897415e+03
8.298552830103970336e+03
8.297186334628229815e+03
8.295463616676828678e+03
8.293574854531290839e+03
8.291360486564333769e+03
8.290122691665534148e+03
8.288363220661305604e+03
8.286713386134466418e+03
8.284989720052271878e+03
8.283101624865557824e+03
8.281100018461471336e+03
8.279575881683103944e+03
8.277620196602390934e+03
8.276346408919604073e+03
8.274759279020645408e+03
8.273161904159414917e+03
8.271424272247348199e+03
8.269817323903191209e+03
8.267642136952334113e+03
8.265665928472795713e+03
8.264222580491034023e+03
8.262421910245879189e+03
8.260575517523584494e+03
8.258843487760728749e+03
8.257297031534055350e+03
8.255689376574768175e+03
8.253704362129954461e+03
8.252194252341832907e+03
8.250394929369609599e+03
8.248344917660993815e+03
8.246175569654009450e+03
8.244657878993495615e+03
8.243110012819042822e+03
8.241030917830981707e+03
8.239584869956664988e+03
8.237769020881612960e+03
8.236104356642184939e+03
8.234538580849541177e+03
8.232521139728698472e+03
8.231184442988789669e+03
8.229223681570201734e+03
8.227667482353563173e+03
8.226143075886537190e+03
8.224023207817532239e+03
8.222321742605472537e+03
8.220683086616571018e+03
8.218926336055470529e+03
8.216919636502945650e+03
8.215047160768530375e+03
8.213283571426884009e+03
8.211691609213014090e+03
8.210257486363940188e+03
8.208555178958084070e+03
8.206632570100282464e+03
8.204993165317948296e+03
8.203629243980120009e+03
8.201508669936501974e+03
8.199772401378992072e+03
8.197868231253714839e+03
8.196252900630428485e+03
8.194349429832127498e+03
8.192472971551251248e+03
8.190871600566346387e+03
8.189677983021234468e+03
8.188106949205987803e+03
8.186087320837005791e+03
8.184642668738539214e+03
8.182974334862045907e+03
8.181170635681030944e+03
8.179604673229156106e+03
8.177944402483598424e+03
8.176068951553447732e+03
8.174226227679906515e+03
8.172583145364017582e+03
8.170837145252562550e+03
8.169076017755934117e+03
8.167206370210397836e+03
8.165627537188629503e+03
8.163831359156853068e+03
8.162321135446107292e+03
8.160442046150546958e+03
8.158936101031503313e+03
8.157131535526259540e+03
8.155492467858969576e+03
8.153678911098329081e+03
8.151955571877756483e+03
8.150292803615736375e+03
8.148617085361772297e+03
8.146946798090826633e+03
8.145061692424244939e+03
8.143243652496073992e+03
8.142082421344813156e+03
8.140083330885251598e+03
8.138582327095926303e+03
8.136841771320683620e+03
8.134750596727776610e+03
8.132921523213883120e+03
8.131434940307777651e+03
8.129048500880836400e+03
8.127866141870215870e+03
8.126287774952243126e+03
8.124721390695317496e+03
8.122772196349727892e+03
8.120904818612653798e+03
8.119338839448919316e+03
8.117530498757041642e+03
8.116110623194910659e+03
8.114596325023523605e+03
8.112943250671224632e+03
8.111025965630442442e+03
8.109200833499973669e+03
8.107462801488148216e+03
8.105865777196147974e+03
8.104204793553582022e+03
8.102371774496479702e+03
8.100868325589599408e+03
8.099197352121196673e+03
8.097392929137131432e+03
8.095715892053892276e+03
8.094247275853820611e+03
8.092361159952347407e+03
8.090549572485085264e+03
8.089292758627315379e+03
8.087737215930724233e+03
8.085655639227142274e+03
8.084295031003764961e+03
8.082469159733209381e+03
8.080569358084085252e+03
8.078952630940205381e+03
8.077180889419713822e+03
8.075496744838680570e+03
8.073716831983604607e+03
8.072197811377093785e+03
8.070196172951523295e+03
8.068577774271599083e+03
8.066959225611195507e+03
8.065003563602881513e+03
8.063074901007623339e+03
8.061554629300389934e+03
8.060165771313999358e+03
8.058695162814502510e+03
8.056647289615562840e+03
8.054425320927868597e+03
8.053223438239304414e+03
8.051807422511526056e+03
8.049872020045041609e+03
8.048370293350798420e+03
8.046309728704251029e+03
8.044102300910528356e+03
8.042471207771752233e+03
8.041128097886068645e+03
8.039321055757026443e+03
8.037619865581166778e+03
8.035836762923911010e+03
8.034202739209178617e+03
8.032647125523259092e+03
8.031079026072063243e+03
8.029413582611277889e+03
8.027462126556188196e+03
8.026018919952165561e+03
8.024279295396422640e+03
8.022509248597312762e+03
8.021077646862807342e+03
8.019514869127253405e+03
8.017656999988014832e+03
8.015982836731630414e+03
8.014463793290156900e+03
8.012713360438026939e+03
8.011261151118100315e+03
8.009190804497659883e+03
8.007547836295207162e+03
8.006100641639205605e+03
8.004548250885229209e+03
8.002915573710996796e+03
8.001332035324316166e+03
7.999528241308886209e+03
7.997947995176800760e+03
7.995747357219250262e+03
7.994314532156653513e+03
7.992846597858471796e+03
7.991229205709601047e+03
7.989369572827326010e+03
7.987932341337750586e+03
7.986245964389234359e+03
7.984659431187243172e+03
7.983218761842549611e+03
7.981619207679042120e+03
7.980041671745578242e+03
7.977904458984043231e+03
7.976687908447608606e+03
7.974727937199624648e+03
7.973222980125282447e+03
7.971916240241715968e+03
7.969585071524625164e+03
7.968321952517233512e+03
7.966356442317223809e+03
7.964827299331689574e+03
7.963077534896268844e+03
7.961722907466015386e+03
7.960178724781612800e+03
7.958310340782390085e+03
7.956525544399792125e+03
7.954681939986029647e+03
7.953141313651033670e+03
7.951450566818160951e+03
7.950125091658309429e+03
7.948535634765044051e+03
7.946179916421870985e+03
7.944812425293256638e+03
7.942707681487381706e+03
7.940881278375095462e+03
7.939686899982431896e+03
7.938308273804414057e+03
7.936356016430562704e+03
7.934860617311255737e+03
7.932951552259458367e+03
7.931381348466958116e+03
7.929387480823434998e+03
7.928304824038473271e+03
7.926626288890588512e+03
7.924594607068157529e+03
7.922718413340366169e+03
7.921349350164646239e+03
7.919889934408204681e+03
7.918237655929919129e+03
7.916445649498999046e+03
7.915251200789087306e+03
7.913257896256457570e+03
7.911808132676795140e+03
7.910279163619356950e+03
7.908315048496061536e+03
7.906612045654288522e+03
7.904874021303598965e+03
7.903201837920742946e+03
7.901347975668122672e+03
7.900268361358340371e+03
7.898643775309526063e+03
7.896708635183556908e+03
7.894986648031173900e+03
7.893418314741134964e+03
7.891814026831034425e+03
7.890242875643553816e+03
7.888671294872624458e+03
7.887011104323030850e+03
7.885227870492867623e+03
7.883469709843005148e+03
7.882451821816541269e+03
7.880237777641861612e+03
7.878744571711771641e+03
7.876853343949566806e+03
7.875719769106852254e+03
7.873968554274152666e+03
7.871917936664251101e+03
7.870395580670907293e+03
7.868987651031831774e+03
7.867385250846972667e+03
7.865673518386070100e+03
7.863973644022449662e+03
7.862063347803108627e+03
7.860624187368007370e+03
7.859332522994635838e+03
7.857566691316610559e+03
7.855579944702195462e+03
7.854154435658475450e+03
7.852378759609408007e+03
7.851062307465567756e+03
7.849273897625520476e+03
7.847908085296855461e+03
7.845829086574567555e+03
7.844384243979916391e+03
7.842737861664448246e+03
7.840902314451185703e+03
7.838996917895848128e+03
7.837778231815275831e+03
7.836187729961510740e+03
7.834665280671191795e+03
7.832867182402362232e+03
7.830792160329506260e+03
7.829411990129609876e+03
7.827318218071018237e+03
7.825911536514940053e+03
7.824441391941743859e+03
7.822836337200556045e+03
7.821288220756294322e+03
7.819363442332786690e+03
7.818077093341335967e+03
7.816280141137373903e+03
7.814466988650449821e+03
7.813080032458417918e+03
7.811747823248691020e+03
7.809824830232738350e+03
7.808199301665549683e+03
7.806643498392973015e+03
7.805018136463594601e+03
7.803483929802609964e+03
7.801902936015985688e+03
7.800462163908107868e+03
7.798673730036217421e+03
7.797068468435016257e+03
7.794931310681842660e+03
7.793394146187963997e+03
7.791401745026469143e+03
7.789777427183038526e+03
7.788520836385350776e+03
7.786599163444579972e+03
7.784784515508824370e+03
7.783256032437250724e+03
7.781534664223706386e+03
7.780232056262680999e+03
7.778730228192651339e+03
7.777269291291057016e+03
7.775487053599948013e+03
7.773918398394192991e+03
7.771997661943395542e+03
7.770489746879064114e+03
7.768556231111081615e+03
7.767238671952023651e+03
7.765244380568806264e+03
7.763684832373457539e+03
7.762240415445103281e+03
7.760776137512761125e+03
7.759170743087600385e+03
7.757716323325049416e+03
7.755307314656784911e+03
7.753835999765057750e+03
7.752420677202549996e+03
7.751200076149229062e+03
7.748958366850344646e+03
7.747716117152428524e+03
7.745968038762463038e+03
7.744228850674029673e+03
7.742931268178116625e+03
7.741237619646271924e+03
7.739779484223990039e+03
7.738102461148914699e+03
7.736379099326298274e+03
7.734983777719006866e+03
7.733730928940735794e+03
7.731961560802405074e+03
7.730290116925130860e+03
7.728516067802223006e+03
7.726725473629569024e+03
7.725139743501326848e+03
7.723126215891965330e+03
7.721730692820914555e+03
7.720521463990120537e+03
7.718881658928492470e+03
7.717341545394740933e+03
7.715804680652219758e+03
7.713884006899212181e+03
7.712402454180280984e+03
7.710884761514694219e+03
7.708848762662913032e+03
7.707389720157864758e+03
7.705842861203393113e+03
7.704201386313407056e+03
7.702362933496872756e+03
7.701120791342744269e+03
7.699318513173266183e+03
7.697918708546861126e+03
7.696551200920153860e+03
7.694666430963795392e+03
7.693045961386159433e+03
7.691627696955871215e+03
7.689877484305624421e+03
7.688129752197233756e+03
7.686428618567203557e+03
7.685153852957932941e+03
7.683962670897064527e+03
7.682039466288665608e+03
7.680279713849046857e+03
7.678827466107738474e+03
7.677095231609141592e+03
7.675620036226712728e+03
7.674090497688531286e+03
7.672619884478953281e+03
7.671103661900607221e+03
7.669640860429788518e+03
7.667325074059691360e+03
7.665644844349328196e+03
7.664186110429442124e+03
7.662755297475856423e+03
7.661465617546337853e+03
7.659398084334984560e+03
7.658034766736207530e+03
7.656645640624138650e+03
7.655050186215089525e+03
7.653208042258498608e+03
7.651998567060264577e+03
7.650150893850121065e+03
7.648814058983348332e+03
7.646993134840543462e+03
7.645348190414785677e+03
7.643417400708910463e+03
7.641896676517628293e+03
7.640202133091096584e+03
7.638548351065508541e+03
7.637126284196408051e+03
7.635600707722388506e+03
7.634169802654042542e+03
7.632502602149787890e+03
7.630739025647777453e+03
7.629711951851487356e+03
7.627540836137583938e+03
7.625849793717252396e+03
7.624157761470052719e+03
7.622649520925728211e+03
7.621248525122873616e+03
7.620139611691034588e+03
7.618438258675204452e+03
7.616697105489251953e+03
7.615128133851488201e+03
7.613753111415989224e+03
7.612307954892919952e+03
7.610433305890357587e+03
7.609122352250959011e+03
7.607895421877682566e+03
7.605704562467410142e+03
7.604005449168128507e+03
7.602753513942013342e+03
7.601105128474976482e+03
7.599459749436412494e+03
7.597879444200492799e+03
7.596229785435886697e+03
7.594977944311099236e+03
7.593158367048915352e+03
7.591601400265005395e+03
7.589930377678507284e+03
7.588699719093455315e+03
7.587010474875737600e+03
7.585525191308266585e+03
7.584001302970559664e+03
7.582522264296650974e+03
7.580978943942615842e+03
7.578912150056249629e+03
7.577753433498618506e+03
7.576049937482474888e+03
7.574385832391713848e+03
7.572833449389174348e+03
7.571188248943415601e+03
7.569924757943098484e+03
7.568420813242473741e+03
7.566595181544897969e+03
7.565096251475238205e+03
7.563816851269663857e+03
7.561947493716465942e+03
7.560105003135478000e+03
7.558755979777342873e+03
7.557410207484571401e+03
7.555893886941692472e+03
7.554559259575355100e+03
7.552886139484141495e+03
7.551253765731536987e+03
7.549797736947730300e+03
7.548450700534204771e+03
7.546590738417871762e+03
7.545587056674619816e+03
7.543917942910685269e+03
7.542182831987907775e+03
7.540605703698853176e+03
7.538917304566141866e+03
7.537206701581234483e+03
7.535355600305469125e+03
7.533650265493183724e+03
7.532321634578279372e+03
7.530534946607545862e+03
7.529457449775703935e+03
7.528247614944560155e+03
7.526427023632307282e+03
7.525133443938335404e+03
7.523295537646560661e+03
7.522081659172822583e+03
7.520634875914333861e+03
7.519222446681549627e+03
7.516947184607861345e+03
7.515402905424936762e+03
7.513937790416936878e+03
7.512546732677665204e+03
7.511041183695580003e+03
7.509583167241185038e+03
7.508201730320535717e+03
7.506829574414823583e+03
7.505352183953987151e+03
7.503733071834320981e+03
7.502335754627422830e+03
7.500489749628105528e+03
7.498914610445337530e+03
7.497055777969360861e+03
7.495794204993554558e+03
7.494589412381964394e+03
7.493076647404757750e+03
7.491600315753853465e+03
7.489652179654313841e+03
7.488086781770399284e+03
7.486481850764183946e+03
7.484874352905834712e+03
7.483496330011617829e+03
7.482024963474646938e+03
7.480305830529072409e+03
7.478660477543739034e+03
7.477324182331222801e+03
7.476110865024681516e+03
7.474581582226614046e+03
7.472580930980530866e+03
7.471214821085678523e+03
7.469687891386973206e+03
7.468061591448364197e+03
7.466548283568295119e+03
7.465138169645179914e+03
7.463693274066324193e+03
7.462125585946309911e+03
7.460555920256636455e+03
7.459061359058634480e+03
7.457424016565827515e+03
7.456039187692726955e+03
7.454568891397835614e+03
7.453058137327288932e+03
7.451242722586334821e+03
7.449559099274905748e+03
7.448621288853555598e+03
7.446450690877088164e+03
7.445154156951120058e+03
7.443693320737680551e+03
7.442055716038638820e+03
7.440391891672497877e+03
7.439206216700653385e+03
7.437527013696615541e+03
7.435921342669662408e+03
7.434596721063156110e+03
7.432866897280351623e+03
7.431218312039422926e+03
7.430005486016536452e+03
7.428403449870817894e+03
7.427302900650384800e+03
7.425425201270755679e+03
7.423611348564847503e+03
7.422350201325809394e+03
7.420967508653183359e+03
7.419506505068357910e+03
7.418082980943273469e+03
7.416150985898476392e+03
7.414896557931626376e+03
7.413184779267258818e+03
7.411996290266383767e+03
7.410513235685739346e+03
7.408970794244448371e+03
7.407538910172177566e+03
7.405941679538437711e+03
7.404605218794898065e+03
7.402793371631221817e+03
7.401723920477257707e+03
7.399949323555008959e+03
7.398499653364188816e+03
7.396946458961588178e+03
7.395357045923275109e+03
7.394185509838170219e+03
7.392323752249843892e+03
7.390899056253450908e+03
7.389453897240800870e+03
