2.042990587263813751e+01
1.888761294583226302e+01
1.678181219649867373e+01
1.461871009407492217e+01
1.274114211616891978e+01
1.101783286565780173e+01
9.835578184418164227e+00
8.988518754745884465e+00
8.576770314553439079e+00
8.281648618323236732e+00
8.118349777623175001e+00
7.974403627180020493e+00
7.884162543368207210e+00
7.817146214930215997e+00
7.762253227438865366e+00
7.705079012244301140e+00
7.653979904997672001e+00
7.598039572832734123e+00
7.538871370543820838e+00
7.502514815978682527e+00
7.449270209184319036e+00
7.396710436848569437e+00
7.354390511879410397e+00
7.281116720538383547e+00
7.247698187576409268e+00
7.216078439922786636e+00
7.163006865083429986e+00
7.098822777348292590e+00
7.061776833409690646e+00
7.012878529531918481e+00
6.972507983532162612e+00
6.941873987536038904e+00
6.908496901720400096e+00
6.854976659961004692e+00
6.821667276584959971e+00
6.784193936565051430e+00
6.750534064962812941e+00
6.706267729485049678e+00
6.690586900779332602e+00
6.659332348546159963e+00
6.638366533645208456e+00
6.608248338811691269e+00
6.581393836594195967e+00
6.558498235152122824e+00
6.535722470648589244e+00
6.523987736472807164e+00
6.498141222310262144e+00
6.476464743339913177e+00
6.463698891916613398e+00
6.451931974591494701e+00
6.442840543116570728e+00
6.429056954605920637e+00
6.417855891597246121e+00
6.406951697127899692e+00
6.399232013008601783e+00
6.387103403662958812e+00
6.382276197715894384e+00
6.376986911667870572e+00
6.371735724507640697e+00
6.365202367502996950e+00
6.359884791597286480e+00
6.355415181917314804e+00
6.348845977429879994e+00
6.345233447729893506e+00
6.337707056858779886e+00
6.334127917639313488e+00
6.326681586574540717e+00
6.325260376401775630e+00
6.319939530033204633e+00
6.317788008615980999e+00
6.311868588877834085e+00
6.309482824410918234e+00
6.308954640017238269e+00
6.304953735579720941e+00
6.303890927644146380e+00
6.302709199209061808e+00
6.299175459404958488e+00
6.296845805819311082e+00
6.290527960445786881e+00
6.287737726259785553e+00
6.285708674897608539e+00
6.284031814898915158e+00
6.282557232523794610e+00
6.276151203646907817e+00
6.272608660091360200e+00
6.269665739618111466e+00
6.266825810954065545e+00
6.266395501347985508e+00
6.265682803762683939e+00
6.261873511841698381e+00
6.259545941860183760e+00
6.259160322528064313e+00
6.258158264527578396e+00
6.256831822509142604e+00
6.252068476764664595e+00
6.249990948917557354e+00
6.249384133935608432e+00
6.248636407449354557e+00
6.247253262559131493e+00
6.245356314390625663e+00
6.240567967532689941e+00
6.240460443693715220e+00
6.239369017628790814e+00
6.239011690306726088e+00
6.238244959070116558e+00
6.237909612233646151e+00
6.234574556244634636e+00
6.234325948978209908e+00
6.233801617214558277e+00
6.232550425220219736e+00
6.231698988712208731e+00
6.223727724927259786e+00
6.222875763912204761e+00
6.220477204776337921e+00
6.220328040457006047e+00
6.219624807337157613e+00
6.214776106988867177e+00
6.213509819168340442e+00
6.211566952618628790e+00
6.209599236031696279e+00
6.207907594049752120e+00
6.206218483073279835e+00
6.203270228063950675e+00
6.202149221481644936e+00
6.201693751535120036e+00
6.198744070467923528e+00
6.194111397846550737e+00
6.191024955941207608e+00
6.190744959878333731e+00
6.190043377873645447e+00
6.189700902135474969e+00
6.189483761072154699e+00
6.187496641271433617e+00
6.183998961549096229e+00
6.183572803472558554e+00
6.182529709227154058e+00
6.181794269872805003e+00
6.181580422044283374e+00
6.181089559291924829e+00
6.179012161186272500e+00
6.178921537802468222e+00
6.175585751821548008e+00
6.174195411357149332e+00
6.173392282016270549e+00
6.173014898161524044e+00
6.172519999701076010e+00
6.170345108811784662e+00
6.169509944788868161e+00
6.169427898872952731e+00
6.166592563138318717e+00
6.166125759485671765e+00
6.164731306073837125e+00
6.163742544740158813e+00
6.163371150476794291e+00
6.161570838286634100e+00
6.158671132741488030e+00
6.157838204979345420e+00
6.156259133439802689e+00
6.155943444742325354e+00
6.154847978949379517e+00
6.151596921033243959e+00
6.151364675820773620e+00
6.150680110338106132e+00
6.150337225276063968e+00
6.146848687493733365e+00
6.144064496489604288e+00
6.143250557620697272e+00
6.142990215109663588e+00
6.141790817925302015e+00
6.141503013813963463e+00
6.139898976177126322e+00
6.139541398766480640e+00
6.134596984059609071e+00
6.134223905049453585e+00
6.132313968929930859e+00
6.129499004195161582e+00
6.128062922487457875e+00
6.123423289674604142e+00
6.123422815037674383e+00
6.120304720830920253e+00
6.118567746262744578e+00
6.117939215512146589e+00
6.116921882042817948e+00
6.115823580446384966e+00
6.115784249344931922e+00
6.115555343337287120e+00
6.114282003187804015e+00
6.113544674339855156e+00
6.113368292803991189e+00
6.112253138953541942e+00
6.111717250678812441e+00
6.111336313918908303e+00
6.110187366078207560e+00
6.109207464424942557e+00
6.108695204676456214e+00
6.108621736234542965e+00
6.108081161028939832e+00
6.106415217533862183e+00
6.105784407214458476e+00
6.105067665495032436e+00
6.104960690237184018e+00
6.104590678479250521e+00
6.103878455501219769e+00
6.103326993760328278e+00
6.102835728803129633e+00
6.102257372950350423e+00
6.101715760501904562e+00
6.101479765799222577e+00
6.099310310251683909e+00
6.097444275231932664e+00
6.096937676546079210e+00
6.096752789684147800e+00
6.096293722978669116e+00
6.095900519351429736e+00
6.095632574189191466e+00
6.095169032750146876e+00
6.094982367120014288e+00
6.092937835352814524e+00
6.092684617122681168e+00
6.092458488501559799e+00
6.091710548755314036e+00
6.091627696661646496e+00
6.089786326108344916e+00
6.085520510518320769e+00
6.083077795296333967e+00
6.082813370675874687e+00
6.080883943195726005e+00
6.078849655301794996e+00
6.077642877741033622e+00
6.077016009475277869e+00
6.074351983576348424e+00
6.073703027539221644e+00
6.073335818064208524e+00
6.071837126330938972e+00
6.071721049457702080e+00
6.070656703514666575e+00
6.069160467067818310e+00
6.068469772239522442e+00
6.068330292939497106e+00
6.068135337790558914e+00
6.060787119097077458e+00
6.060202464189311300e+00
6.058240674267650228e+00
6.057950482217543176e+00
6.056584843260481854e+00
6.056513495047642692e+00
6.052694699896070674e+00
6.048475908179044680e+00
6.048239468090458537e+00
6.047624382182809732e+00
6.044794105273830986e+00
6.044428846452481352e+00
6.044196237396792348e+00
6.043884167130296525e+00
6.043477143498370729e+00
6.043230189233304905e+00
6.042440139998276116e+00
6.042360323565248770e+00
6.042123894985537369e+00
6.042077495669829545e+00
6.040618607678202245e+00
6.040488270026737716e+00
6.038932565920199558e+00
6.038691505782770363e+00
6.037106039015632142e+00
6.036006262840460934e+00
6.035452047496316474e+00
6.032017922819441047e+00
6.030566884621006096e+00
6.024777522262769303e+00
6.024395188402564827e+00
6.023377301206390477e+00
6.023088577142217126e+00
6.022759730434588121e+00
6.022732303578496982e+00
6.021167333129898047e+00
6.018315910708313510e+00
6.018071477698841321e+00
6.018011099764250638e+00
6.017509881183110920e+00
6.017477921608397118e+00
6.016812918435135771e+00
6.016473236833288496e+00
6.012002659016934203e+00
6.011600562016155891e+00
6.011393582245644573e+00
6.010822233825352079e+00
6.010312797956544273e+00
6.009911889726678780e+00
6.009496029598790479e+00
6.008639542648550602e+00
6.007479288947858542e+00
6.005941002019655528e+00
6.004334328230779505e+00
6.004134414450237323e+00
6.003650227410986417e+00
6.003648161033328101e+00
6.003552271734895029e+00
6.001295996547823641e+00
6.001257436394822342e+00
6.001131055484774102e+00
6.001046921549599844e+00
6.000906740676769324e+00
5.998343449220072898e+00
5.997672692792455074e+00
5.994310867314918134e+00
5.993939948627526881e+00
5.992716596906287663e+00
5.990666510268263245e+00
5.990647239853727157e+00
5.990631539214136048e+00
5.990592119220307765e+00
5.989223915172558144e+00
5.989064779753283219e+00
5.988692058357909076e+00
5.986309125538309850e+00
5.986175831594895413e+00
5.985604505640666595e+00
5.985593516236311196e+00
5.985347270073494208e+00
5.984730768587526839e+00
5.981555699231887679e+00
5.979163260581454864e+00
5.975329107291829089e+00
5.974507317561721820e+00
5.974314988867009291e+00
5.973032722443137210e+00
5.972462057707152105e+00
5.968256131014602950e+00
5.967533048209192614e+00
5.963841156480648387e+00
5.961296015484351507e+00
5.957936783721444307e+00
5.957419657409804614e+00
5.956951316058122892e+00
5.956114054945081726e+00
5.955727411227353052e+00
5.954288370906417605e+00
5.951590248297090824e+00
5.951423715014415805e+00
5.950286880396193467e+00
5.947142090807455261e+00
5.946468101496000358e+00
5.945142958062077376e+00
5.944748591594953169e+00
5.942404560723627327e+00
5.942312197679433083e+00
5.941826786731287058e+00
5.941638463819452376e+00
5.940755225613538748e+00
5.940730952047499791e+00
5.938860595538788090e+00
5.938491956596402943e+00
5.938166496542057970e+00
5.934974034388044828e+00
5.934942010183537064e+00
5.934495935320031279e+00
5.934288137625695292e+00
5.932940336521522084e+00
5.932842549186809755e+00
5.931377809320830252e+00
5.927791266479569998e+00
5.925280162299837450e+00
5.924831629273570321e+00
5.924728661555770159e+00
5.924673023934431626e+00
5.923727459028445885e+00
5.922860998952971023e+00
5.921169750308534319e+00
5.920471296152829410e+00
5.919923640035972490e+00
5.919341198300958951e+00
5.917851120488744954e+00
5.916476045317264010e+00
5.915852637597586394e+00
5.914109043629109053e+00
5.913490211544101705e+00
5.912759935946837686e+00
5.912218795664953674e+00
5.910769048623661703e+00
5.910260001744719993e+00
5.908921480343556354e+00
5.908842967486525488e+00
5.908438163931620579e+00
5.907906539006487101e+00
5.907262550206851870e+00
5.906515582787266183e+00
5.904870136403399528e+00
5.904688341363387494e+00
5.903396179083679307e+00
5.903220544278244830e+00
5.902110703412498438e+00
5.901871122035229789e+00
5.901014325498325164e+00
5.899639961892873430e+00
5.898780998180525259e+00
5.898277435453091577e+00
5.897609488504667041e+00
5.897575048198478775e+00
5.897118101349104080e+00
5.895815713590343954e+00
5.895423739736996183e+00
5.895302289014977326e+00
5.892284390205412059e+00
5.891968670346227732e+00
5.891943912917795956e+00
5.891628426179887690e+00
5.891558407266273001e+00
5.891460302101676483e+00
5.890445516898973999e+00
5.890257442220277362e+00
5.890084160219766218e+00
5.889761754040380382e+00
5.889643413724072296e+00
5.889425392313073715e+00
5.889373182559760167e+00
5.889300307315524563e+00
5.889283085797968553e+00
5.889213359894922561e+00
5.887069352797788646e+00
5.887046972420512780e+00
5.886846898938718375e+00
5.886814064389112033e+00
5.886457412064057593e+00
5.886075690902204727e+00
5.886065042592901975e+00
5.885719547125459528e+00
5.885663923519717677e+00
5.883156846446003563e+00
5.883089258252673481e+00
5.883057207631837038e+00
5.882575433103728990e+00
5.882344783286210799e+00
5.879671699782829997e+00
5.879600031946546679e+00
5.878521768804976233e+00
5.878352787787698652e+00
5.876066724805955488e+00
5.875586252653450359e+00
5.871848890753337713e+00
5.871000881985994901e+00
5.870955395849891900e+00
5.870033791351685792e+00
5.870030608965581820e+00
5.869968891338147365e+00
5.867799058681634428e+00
5.866366480924647853e+00
5.864694872592738584e+00
5.863311590267027640e+00
5.863000231162229348e+00
5.862992267325489060e+00
5.862708552230662562e+00
5.862679928017143993e+00
5.862614548343085374e+00
5.862103108428583731e+00
5.861991235566803127e+00
5.859578499314119782e+00
5.858755742454009763e+00
5.858755742454009763e+00
5.858587891364087419e+00
5.856273780447001087e+00
5.855537428789633125e+00
5.853223280881620916e+00
5.852521297307471393e+00
5.851206856327035410e+00
5.850581353647881677e+00
5.849571017904029446e+00
5.849494578785002119e+00
5.845916880607587629e+00
5.839972519740518564e+00
5.838747040317684878e+00
5.838611208603586178e+00
5.835065998048249547e+00
5.834237052214295005e+00
5.832300950699243813e+00
5.831403167672908339e+00
5.831217640794251977e+00
5.830706671263176766e+00
5.830286761950491226e+00
5.830016942383936751e+00
5.828510977361029965e+00
5.827711376115234820e+00
5.827590872026055635e+00
5.827403681354378584e+00
5.826722801382863359e+00
5.825806419117561141e+00
5.824696043060530570e+00
5.823115906046648860e+00
5.822219702233163652e+00
5.822005167917084556e+00
5.819861613089499564e+00
5.819437203254422819e+00
5.816229632004430883e+00
5.812115020402244703e+00
5.811483105172251307e+00
5.811440297252288723e+00
5.809931988601138464e+00
5.808537483794574463e+00
5.808046078465175732e+00
5.806330449170462593e+00
5.805903051555645789e+00
5.805027869943617524e+00
5.804896117373838038e+00
5.804759941021990777e+00
5.801271388595922396e+00
5.801133785706617196e+00
5.800958848240540533e+00
5.800352397292152240e+00
5.800079763763633878e+00
5.799820798505677999e+00
5.799759551754390507e+00
5.799314885234248429e+00
5.798720197169722645e+00
5.798430780584579836e+00
5.797957083634826425e+00
5.797843537701818484e+00
5.797457391261107595e+00
5.796134489326628447e+00
5.794764775784053690e+00
5.793569815703292214e+00
5.793083410873541617e+00
5.791589634871436409e+00
5.791447199010642422e+00
5.791327342537331724e+00
5.791285293931932365e+00
5.790694203422576791e+00
5.789695935548114569e+00
5.787863986700787500e+00
5.787791589268777237e+00
5.787730975710456249e+00
5.786420131165923131e+00
5.785081485540723101e+00
5.781182478438995354e+00
5.780635422546057001e+00
5.780565931591953088e+00
5.778513900381411439e+00
5.778511032055368979e+00
5.778465127654039080e+00
5.778356433587761742e+00
5.775771199215015805e+00
5.771111690595620125e+00
5.770926535299671478e+00
5.770291904103519443e+00
5.765133767274654097e+00
5.763824935732385413e+00
5.763504102596798795e+00
5.762782113226337266e+00
5.760935999737650803e+00
5.760283474204604737e+00
5.759874560806866661e+00
5.759688855784421690e+00
5.758741640332862843e+00
5.757111671492491034e+00
5.756446512415449135e+00
5.756145485604434064e+00
5.755400004347040799e+00
5.751833189751724085e+00
5.751130347331698367e+00
5.751034965375029451e+00
5.750764097399690300e+00
5.748909286741638702e+00
5.748706805351648796e+00
5.748203418455338998e+00
5.747704044926681632e+00
5.747378210732447812e+00
5.747008934203241992e+00
5.745653359393075199e+00
5.745531426685525744e+00
5.745338998956937004e+00
5.745222505202117524e+00
5.744075625196017221e+00
5.743247324833827605e+00
5.743011536570480580e+00
5.740586996675224540e+00
5.738411641402473506e+00
5.738394863007846958e+00
5.738033506136076767e+00
5.738009590093501977e+00
5.737914603700572158e+00
5.737383574524454133e+00
5.737024266140374529e+00
5.736871041011482042e+00
5.736694023178747770e+00
5.736082604078554859e+00
5.735325551919837395e+00
5.734577851378896973e+00
5.734279259259540851e+00
5.732231445288627825e+00
5.731846102172204027e+00
5.731543898780699031e+00
5.729499577902592122e+00
5.727218123435080521e+00
5.726386122928961875e+00
5.725929503863595116e+00
5.723158327245842614e+00
5.721330713961338965e+00
5.719947597279903206e+00
5.718070472067148025e+00
5.717799169985608998e+00
5.715993995351333901e+00
5.713255384977703244e+00
5.711512043297623187e+00
5.709816164542977468e+00
5.709791500387067842e+00
5.709383817440389031e+00
5.707013679741127277e+00
5.705317159863735554e+00
5.705178237006902187e+00
5.704764840207130483e+00
5.703492796021336630e+00
5.702843774561001666e+00
5.702248865111226195e+00
5.702096919531744135e+00
5.701372132458032205e+00
5.698760802569792006e+00
5.688975708945569032e+00
5.688139855534840805e+00
5.687910168677725586e+00
5.685789777360378494e+00
5.685383699291795878e+00
5.685260439779765029e+00
5.684762702638546550e+00
5.683405194531654381e+00
5.683296600993967829e+00
5.682875251169957842e+00
5.682801676231393095e+00
5.681187046991182044e+00
5.677762461352831913e+00
5.677489640093894785e+00
5.677306341138703694e+00
5.677298170278255007e+00
5.677219313783441024e+00
5.676904037158354122e+00
5.676823397070807076e+00
5.675848729469510801e+00
5.672536531498145074e+00
5.670775206306428728e+00
5.670150975322621356e+00
5.669820211558748824e+00
5.668454475015154870e+00
5.667971982467073566e+00
5.667853181717490862e+00
5.667757080828403460e+00
5.667419969625030696e+00
5.667101212003040622e+00
5.665420446557868139e+00
5.658505732807853406e+00
5.658242236481967780e+00
5.657879936332979476e+00
5.657018473562174243e+00
5.655204725258114351e+00
5.650980183718092853e+00
5.650134551846282882e+00
5.649810094086848977e+00
5.648654103486740574e+00
5.647800926281983713e+00
5.647440914721695293e+00
5.645992163615534132e+00
5.645681589642332021e+00
5.644935284458630242e+00
5.643918639891810862e+00
5.642213368902463166e+00
5.640498025329453213e+00
5.638249553476172515e+00
5.636435320917324354e+00
5.636317721086379962e+00
5.635908805521105513e+00
5.634547946954885589e+00
5.634507806920508344e+00
5.634306167331830650e+00
5.634237150052829435e+00
5.633828241612723886e+00
5.633224270251486310e+00
5.629665123566478080e+00
5.629617860531575424e+00
5.629466641769647950e+00
5.625649737185790755e+00
5.624221124739672284e+00
5.624077209500475405e+00
5.623402667640420738e+00
5.621765011134966628e+00
5.615229548975553264e+00
5.614820335577705102e+00
5.614272051416971721e+00
5.612480636304351123e+00
5.611775621164869499e+00
5.611358763669981542e+00
5.611024771892648921e+00
5.608656975820704993e+00
5.605197478867411043e+00
5.601568156374240104e+00
5.601088757241236671e+00
5.600817455491680974e+00
5.600497117739886122e+00
5.600421494003991363e+00
5.600317851264254188e+00
5.599768597015486016e+00
5.599684697051153570e+00
5.597850595136082852e+00
5.597293668637131070e+00
5.596698758774336646e+00
5.596646504802208710e+00
5.596194258988178127e+00
5.591416522870582995e+00
5.590841111672451902e+00
5.590665005179379143e+00
5.589508333102302551e+00
5.589294790396932555e+00
5.589098223893533834e+00
5.587716657114238927e+00
5.587621451513115289e+00
5.587601756129109809e+00
5.583760372966173335e+00
5.583599523943241216e+00
5.583532399635960708e+00
5.583416535979237594e+00
5.583309223287727718e+00
5.583080168698018042e+00
5.580621609999961485e+00
5.580191519238172582e+00
5.579930603493520991e+00
5.579897316328752410e+00
5.579150000146531951e+00
5.575843673472552275e+00
5.573656865546376515e+00
5.573564033582759869e+00
5.573464069163351020e+00
5.573327071351986461e+00
5.572580009224148867e+00
5.571421227051482461e+00
5.569451451991700885e+00
5.569129910056445532e+00
5.568677481858386180e+00
5.568479431073925845e+00
5.568433365383201661e+00
5.564272663297221477e+00
5.564063911053824363e+00
5.563858087007925057e+00
5.561334607791426521e+00
5.560453932033332158e+00
5.560095199677387967e+00
5.559923947394039168e+00
5.559624221704949854e+00
5.559093577978316603e+00
5.558328590786226542e+00
5.558120978726489803e+00
5.557143734817899805e+00
5.554756138888122585e+00
5.554552938493045211e+00
5.552827082452184371e+00
5.552573610798985371e+00
5.551794690814173094e+00
5.551033731407597038e+00
5.548026970433780569e+00
5.547415603069563161e+00
5.545391366582875570e+00
5.544790193603807538e+00
5.544079058271214500e+00
5.543760692130786261e+00
5.542215142438908337e+00
5.541727594461101525e+00
5.541623202561020811e+00
5.540831887893637564e+00
5.538190350169946541e+00
5.537783099182271407e+00
5.537659912347271174e+00
5.537291955515153852e+00
5.537072738293547403e+00
5.536297387919556279e+00
5.535865743706680497e+00
5.535861724918828664e+00
5.534015485099708975e+00
5.533912232264812658e+00
5.533887782040488368e+00
5.533569941232633127e+00
5.533328124116200897e+00
5.533244604838430725e+00
5.533191199465009369e+00
5.532853065041490659e+00
5.532136184322743233e+00
5.531975584418258762e+00
5.531652679879251799e+00
5.531564270383258375e+00
5.531379212771176945e+00
5.530397538546888647e+00
5.529022214586541750e+00
5.528967655294347416e+00
5.528246635088131633e+00
5.528143312998062164e+00
5.528107980378272224e+00
5.527700033855804662e+00
5.527595872541421151e+00
5.527518925784296933e+00
5.526321672539505236e+00
5.526172480709466761e+00
5.525865892482138442e+00
5.525683519521157550e+00
5.525579452185191975e+00
5.525579452185191975e+00
5.524542843894878708e+00
5.524508180585635309e+00
5.524270043685081788e+00
5.523186439523120050e+00
5.522847630127565743e+00
5.522178516741168330e+00
5.522134468600550683e+00
5.522009437927641429e+00
5.521874501598796670e+00
5.520008555453656207e+00
5.519989523154111843e+00
5.519693387077065694e+00
5.519686907840139156e+00
5.518581938877376025e+00
5.517701839234124606e+00
5.517437836843172683e+00
5.516885061515824695e+00
5.515744797956565471e+00
5.515506104437462476e+00
5.514384321583963633e+00
5.513817167286332754e+00
5.513768239074792632e+00
5.513638816340272086e+00
5.513394651015118164e+00
5.512572090350817966e+00
5.512301575035583490e+00
5.512017633973624875e+00
5.507724831227123197e+00
5.507098253999257231e+00
5.507068380026766796e+00
5.506445571228363534e+00
5.506369478571508935e+00
5.506063014354170448e+00
5.506057769315896522e+00
5.505980601530342966e+00
5.505134721877883663e+00
5.501902989686560552e+00
5.501816699430947644e+00
5.497481776216337934e+00
5.497048215591013864e+00
5.496994299476864576e+00
5.496318393705007743e+00
5.496297077911943774e+00
5.494341243399714969e+00
5.494339182445007630e+00
5.493786405704939035e+00
5.493341578500926303e+00
5.493333749271804400e+00
5.493151505027140225e+00
5.492956267816266447e+00
5.491540044982808233e+00
5.488347197769667396e+00
5.487587402063308417e+00
5.487244577185951933e+00
5.487189056274386800e+00
5.487165043822851196e+00
5.485608146902022142e+00
5.485217080222515307e+00
5.484766082106056651e+00
5.484385971608245036e+00
5.484136115649423715e+00
5.481920452914263997e+00
5.481793164341226543e+00
5.479775816206509553e+00
5.479249156966569778e+00
5.478758509959676282e+00
5.478446409374877923e+00
5.477015056907181823e+00
5.477015056907181823e+00
5.476681154838070498e+00
5.476450017106458290e+00
5.476303926494048291e+00
5.476079720826430020e+00
5.475915167089592472e+00
5.475773508629433017e+00
5.475677499249321123e+00
5.475279670433233825e+00
5.475207757446992396e+00
5.474873407226677813e+00
5.474762303417566756e+00
5.474077481129494771e+00
5.474012400197812767e+00
5.473594896392716791e+00
5.473162619444811305e+00
5.473134140856390495e+00
5.472942157315915601e+00
5.471704741197557453e+00
5.470282012706991104e+00
5.469920804631305700e+00
5.469819806047939714e+00
5.469803413934018366e+00
5.468016991250323144e+00
5.467913440490345778e+00
5.467712012121124232e+00
5.467524679282559141e+00
5.467445996580380552e+00
5.467128766936330209e+00
5.466561001730229741e+00
5.466535812845876308e+00
5.463734974214555784e+00
5.463685837131774470e+00
5.463330435257089057e+00
5.463248473382178894e+00
5.463207154272563315e+00
5.463114181329266295e+00
5.461625103956052385e+00
5.461052465998419869e+00
5.460908814625915042e+00
5.459480558150629825e+00
5.459392861633629579e+00
5.458230287387020319e+00
5.458059239399540630e+00
5.458051701397049094e+00
5.457796635713441979e+00
5.457724731387231465e+00
5.457596942654336480e+00
5.457054180823676326e+00
5.454768502933620589e+00
5.452212792088724669e+00
5.451896353382323035e+00
5.451442710780225021e+00
5.450275769491819133e+00
5.450263847150027985e+00
5.449623706596129047e+00
5.449578699544194826e+00
5.446927933122183596e+00
5.444154096782924945e+00
5.442393215911348392e+00
5.441134436481447345e+00
5.440850138264456071e+00
5.439110980936602502e+00
5.439072434418585900e+00
5.438293644025078422e+00
5.437824879018529955e+00
5.436423291763233578e+00
5.434515615227820007e+00
5.432341404231637583e+00
5.432338387188099027e+00
5.432242526879263345e+00
5.430308785019144047e+00
5.430157271520709372e+00
5.428742049228318045e+00
5.427688894379310014e+00
5.425925424635462235e+00
5.424948257959601783e+00
5.424337189795212844e+00
5.419170779853516251e+00
5.415838669168350883e+00
5.415772887625958987e+00
5.413327711507735174e+00
5.412535082973135125e+00
5.412259470523579807e+00
5.411502595198003362e+00
5.411411633854481096e+00
5.410859523618896105e+00
5.407628223048547511e+00
5.407505296110858950e+00
5.407480576041812093e+00
5.405786620278637322e+00
5.405750205374910244e+00
5.403094057470897660e+00
5.401340320732801459e+00
5.401221708947288036e+00
5.399015888502382232e+00
5.398489174170506111e+00
5.397609703633895251e+00
5.397451610448832149e+00
5.397333756692153983e+00
5.396746235551680648e+00
5.396247911717868995e+00
5.396072531976857434e+00
5.395379100898820113e+00
5.394105790328072914e+00
5.394098346397212751e+00
5.392959343570010056e+00
5.392128905574671727e+00
5.390854019032090605e+00
5.389950737179516338e+00
5.389745770274405601e+00
5.389039825092656777e+00
5.388504366823189784e+00
5.388013494868334696e+00
5.387106538468072081e+00
5.385134355542459339e+00
5.384894435390977563e+00
5.381747084957214433e+00
5.381691784178281424e+00
5.381539054256895049e+00
5.380986219767533996e+00
5.380771597648251081e+00
5.378992451680103315e+00
5.376139882940407233e+00
5.375191822664847408e+00
5.372850525189107884e+00
5.371648066096834206e+00
5.369154154303825699e+00
5.367260110943710139e+00
5.365859449145093940e+00
5.365813629171240606e+00
5.365739249685898216e+00
5.365620018280759851e+00
